2 0.14744554252901956 0.42514131636818175 0.03286966070300655 0.038605339260408614
2 0.09583201452770734 0.5252407191942703 0.04052613750051282 0.050283320405451096
2 0.22692985605184512 0.576700037044221 0.031703281924449475 0.04196418747584466
2 0.2932580944505982 0.5876408579221236 0.025969718280628405 0.038732913670921854
2 0.9190879196587531 0.9885296123728182 0.029441940502850785 0.022940775254363645
2 0.6549144307288486 0.9598052470258072 0.036475388991427986 0.040972107610707555
3 0.5488363061154197 0.8136746221063248 0.04104257385669175 0.047562229631066405
2 0.5348666748861839 0.843620821028283 0.027180599081251935 0.036068509899930254
2 0.49382410102949215 0.7960585913972166 0.03748134759033677 0.04588990572521191
2 0.3707749927976721 0.7300584268135988 0.03374211323571643 0.04143980404157964
2 0.14243734114269477 0.6596085043808922 0.03613696072351434 0.04647097616287002
2 0.12125625333661633 0.6848211666022525 0.03374211323571643 0.04143980404157964
2 0.1622356727615786 0.7745177593308574 0.03864772636889392 0.042531057509775864
2 0.2745845787867621 0.7705632964394927 0.03799778394651586 0.04316881495082738
2 0.3336651202903921 0.8085449640510624 0.044425792034781295 0.04645677575914312
2 0.37868809102169926 0.8212007100460003 0.039537766810221184 0.05641994639866476
2 0.41246538007465056 0.8847493623030159 0.038237881965465056 0.05769546128076747
2 0.5119302913088084 0.9384621891079938 0.04390935567860228 0.04917786653352765
2 0.4582086448628053 0.9409850472877743 0.04914407087486173 0.06618465522055317
2 0.4328515641852287 0.97979320074735 0.04361542943275525 0.04041359850530013
2 0.29451535197079937 0.9414391163724922 0.04451479607891397 0.047845664648032006
3 0.21957450270292603 0.6451808024309823 0.03786427788031672 0.04108548161749389
3 0.23725538967228751 0.6839279165056311 0.04393626979205128 0.03881788687025423
2 0.23482536636725485 0.6567878961689047 0.028168969771543494 0.02993188390671659
3 0.14493158338050272 0.5907309299703791 0.04325941325622422 0.049815623974579164
3 0.10700415106845647 0.5917798114504238 0.04534274658955755 0.04998568498475859
3 0.11027439028752128 0.9015304344800998 0.05207294262745599 0.07954916067517703