2 0.2606358248564995 0.9231005741919609 0.029604079932344738 0.028109082077939242
2 0.18810234176399357 0.9163020669425059 0.02569208125045566 0.034310598521818114
2 0.2061425675011782 0.932766718792001 0.019328895479443355 0.03146009540985833
2 0.21084922977414186 0.9118687407171728 0.023907042163023896 0.024572215114222078
2 0.1907917163650853 0.7606414636820211 0.02360874791712225 0.03428635674375755
2 0.16287009317955337 0.7915364041304251 0.02360874791712233 0.03428635674375755
2 0.1415226974886873 0.847366699837334 0.02349556214611002 0.03150857896597977
2 0.1700774458451799 0.8831626678336575 0.030609785247072887 0.035756051559515195
2 0.584412050121264 0.5823678505905894 0.02205008037171502 0.03010352889171707
2 0.8007143768805678 0.7243638754509139 0.030509566100442954 0.050331304300161465
3 0.5336762807245717 0.9741158097107504 0.037057860346344444 0.040689888004808
2 0.590083092756708 0.9602587566659834 0.027703491879911883 0.049604537484969395
2 0.5580973852451283 0.9425668277813366 0.024997636806011136 0.03430251792913105
2 0.39171368300599235 0.9514506144706284 0.02467104611735667 0.04332221511422208
2 0.492385769935212 0.6598637806775787 0.026826302154567036 0.028076759707191774
2 0.45691366103747727 0.8464758885352754 0.026556304351418526 0.038485345781171534
2 0.31496402994328004 0.8411798849989512 0.02763393237002371 0.03086261807765646
2 0.3932381770662308 0.8354056669142245 0.025663784807702605 0.03361615407737367
2 0.34177500227947605 0.8853334281066686 0.02783200746929511 0.03572372918876757
3 0.12324077039110723 0.8420212396916369 0.033032675893442984 0.04411362667090878
3 0.2521716127397942 0.9711384497489307 0.02708097013934447 0.034326759707191616
3 0.34615034747580753 0.941559186328608 0.041281119898517064 0.04212726044981802
3 0.20420780596357663 0.8341313659028293 0.03931097233619596 0.044880796449535236
3 0.10197826402850034 0.8999348687318792 0.03444986122508493 0.04482423230072704
2 0.24086951611137802 0.8642748112313547 0.029249192800937053 0.03643433481858551