2 0.7531477208376042 0.8532634971091754 0.029429246745318792 0.04075051911958351
2 0.44830095601580705 0.7529002103146881 0.029840563709006396 0.035901529581339436
2 0.4196333490127935 0.7371375696222375 0.03457348533718674 0.04569648124076259
2 0.06450216066775104 0.773950515151382 0.032901468967541016 0.04081112698391773
2 0.16722644141573795 0.7271818831160273 0.031930746176374605 0.02414446031725106
2 0.1097356413906403 0.7525404383112366 0.037317665466034176 0.033257089105096484
2 0.2662345232012226 0.8190960732308253 0.02930790639642298 0.038667185786250176
2 0.3891175922189589 0.8087537132011189 0.03498480230087435 0.04084749170251819
2 0.430366092787903 0.826123431094061 0.03269923505271461 0.037338904761695504
2 0.5705499267529247 0.7793149195490701 0.04225282100904085 0.04652426298674186
2 0.6656346705907785 0.803867998552757 0.035760140311249224 0.042248502164273796
2 0.6618176786814852 0.9050871854215105 0.026368341486784175 0.03584092171700522
2 0.6331836693274018 0.901812423156193 0.029921457274936832 0.03729041847022801
2 0.5542397839776663 0.8685224841235321 0.031843003476409296 0.034549005411051006
2 0.4914217628054906 0.9890470777402786 0.037809875995652296 0.02190584451944283
2 0.5321245558150257 0.9652598434310815 0.044504790608270166 0.03754497150043158
2 0.38298078739133135 0.9654314830424934 0.048907288838693656 0.0535778015869877
2 0.32936047630531784 0.9381334761885932 0.03739855903196469 0.034645977993985375
2 0.28918413949557537 0.9034390119031405 0.032982362533471525 0.04220001587280661
2 0.24604084124005435 0.9130920194791975 0.034371251422360416 0.042224259018540364
2 0.1857050681393182 0.9134263315286733 0.03473527246904785 0.04847425901854005
3 0.13623152433911093 0.8501263077194633 0.04196969352828405 0.04166315187563075
3 0.11508831501012529 0.8206202370125257 0.0448688116549576 0.04379497150043158
3 0.06576906118649989 0.8433464733043593 0.03628594848979776 0.05127627994205189