2 0.7533558785981781 0.6259294185619926 0.04639897482141401 0.05101313432825047
2 0.8802371971143398 0.615228462734768 0.04575301393309069 0.055143406703748434
2 0.6871321849494113 0.4815725272610739 0.03948685274771688 0.05342696919434044
2 0.6360341973972495 0.5038793497145844 0.038719682969090743 0.047140574903171736
2 0.5619078744606827 0.6943204221304631 0.047852508451797525 0.056641478466143744
2 0.4713558430581775 0.7256638810984641 0.03922827378173711 0.031204746972118377
2 0.4620048415729251 0.6974129775354924 0.046302007709171436 0.04267980099491713
2 0.4177224955088439 0.768658459720633 0.04149746074686852 0.04728615206784702
2 0.3646528433410871 0.6215208377296987 0.040011604745737055 0.03888003015217597
3 0.33500182763983455 0.6380114387649968 0.03307524089397952 0.03921053168493245
2 0.3864406596647222 0.8239287667713134 0.03950301393309069 0.05481585808322949
2 0.3668189287077927 0.8673177767718632 0.045042408303272434 0.05371812352369084
2 0.27161539507740884 0.8567762033261851 0.04635049126529264 0.046846467661583804
2 0.2633462199589446 0.8022091994566618 0.04631008830185834 0.04337424543936158
2 0.20326037106581343 0.7678292904161468 0.04231311408161578 0.05773921302568207
2 0.2069032587877116 0.901966251067431 0.049128269043070424 0.046992044826258926
2 0.16015730500738848 0.8807778335591228 0.05474846934012092 0.052838754711164726
2 0.1321775124124391 0.8619609508012606 0.042175744005939146 0.04593365747012652
2 0.09574366412047931 0.8919764978137598 0.04289443022844416 0.048053385094628864
2 0.028866902043954167 0.8704270903060014 0.03671715556262594 0.053975836474109924
2 0.06325071242657986 0.9624517940598806 0.04490503822759572 0.041912567968135285
2 0.022889696088803993 0.6549673410723797 0.030426752599191607 0.050176065631368595
3 0.17315732870072228 0.8051168304936097 0.05902826430440366 0.06277934268039947
3 0.11639873788807574 0.8181047208399919 0.056961092156444064 0.06405904869578226
3 0.05887346382342884 0.8844920448262589 0.04786866963717136 0.058030367355032315
3 0.1364396866114705 0.6914551660884463 0.04325805689935305 0.07930338509462886
3 0.364169467359753 0.7589116548561925 0.045147456008201595 0.06274590130146862
3 0.3156548368342583 0.7050115598766578 0.04082725808048456 0.049333091110011336