2 0.5852255668093103 0.5651823753016839 0.024004352367443794 0.03704794412224604
2 0.22557981160737503 0.9143968470302879 0.029428827504221763 0.025715985247342765
2 0.16695987552536798 0.9355131902284288 0.02610228614021521 0.027536209313646826
2 0.19756875033475305 0.9682262417736215 0.03269220814271839 0.032870917105410374
2 0.13632179983710677 0.9221393394208687 0.037344477670103834 0.04013109267028957
2 0.5859282350446088 0.9997914330629135 0.031143037956175748 0.0004171338741729061
3 0.8294598755253679 0.9788445459289988 0.03776691980531268 0.04231090814200229
3 0.7737487976399162 0.9962287628023508 0.04789222475554816 0.007542474395298389
3 0.7014294548455503 0.9924376042952316 0.048683789772136284 0.015124791409536757
2 0.26560494648311295 0.9533495382253114 0.026927811003437163 0.03934176486920238
2 0.43409786814948065 0.8735546897280146 0.029317106492639924 0.033996696727270306
2 0.3666151945551072 0.9161039273472908 0.03556710649263992 0.03447029340792243
2 0.43351546825278336 0.7664420193731837 0.0274911750291041 0.027641453020458725
2 0.482179898617724 0.8005232391069269 0.027928217603751034 0.03389145302045841
2 0.8082241065363522 0.7906911535456427 0.0347609410366134 0.042698383034444176
3 0.26049151600612713 0.8901024719274612 0.028316699892326054 0.039447008576013964