3 0.800068022119256 0.8217783536561408 0.025793503435989212 0.04439660062752245
2 0.5129796046043076 0.6561083065017913 0.02545338141563052 0.040229933960855786
2 0.36764317078990194 0.40208633987310677 0.02932241266160468 0.04519207642001738
2 0.28164382912437325 0.883501246180699 0.035090515827005696 0.056444631418399165
2 0.29149477187225425 0.5351676791299225 0.024943198385092322 0.03397993396085579
2 0.3135469330842971 0.5324377451690665 0.02244885562428015 0.03737133110463778
2 0.37019339827350534 0.6379879570104154 0.029733422089083365 0.041740060467405256
2 0.4107686968604611 0.6660432788485277 0.02400780552334854 0.039495076977191304
2 0.46479335948985845 0.7480025858483755 0.03331901831809192 0.043229980704344625
2 0.5946826421853944 0.7957341399378398 0.027409140338450617 0.04721479094452042
2 0.5393542930894695 0.6636940078595517 0.023313361078904096 0.03947487070758121
2 0.4716955465576659 0.6705353333924506 0.03591253468196338 0.04954059951317491
2 0.5010893050724488 0.5701386392779508 0.026629722694673792 0.029179441658574962
2 0.45595041618355986 0.571452046802606 0.025240833805784905 0.02913902911935477
2 0.5856554374651894 0.6254538071616804 0.02552426882275035 0.03261125134157699
2 0.6441020301937944 0.6592539722595406 0.029109865051759068 0.034101171578516366
2 0.725847898209091 0.7056019811743228 0.029733422089083205 0.041740060467405256
2 0.828256694712998 0.8515862772361235 0.02465976336812648 0.030507711738633564
2 0.3096642744921689 0.3654881907278587 0.026162026263801864 0.03193701316674265
3 0.40480316338105776 0.3627199317912777 0.031816755422416694 0.04180067927623554
3 0.33643485510896626 0.650803826046475 0.03416932336898874 0.05364664737101129
3 0.2248277613710439 0.6394332895811445 0.036422717712501496 0.055790599513174916
3 0.42769005390209586 0.788063438374649 0.03421180996865492 0.06265421887917898
3 0.987775074088442 0.805913425472454 0.024449851823116042 0.14058621553613573
2 0.5609239844093408 0.8426586118301175 0.04060358478289506 0.047598710067111936
2 0.5468935499292409 0.7901637218268809 0.02939330006872467 0.03757339380073858
2 0.5318709209724894 0.7766789583301936 0.0334323923248781 0.04461886959323351
2 0.2902482308551783 0.3493468870710542 0.022633117038186393 0.031141537374247876
3 0.6749974785466797 0.7307487687758 0.033772514345236954 0.04878553625990018
3 0.7088832522871881 0.81329405759434 0.026091138856681875 0.03955569578602144