2 0.7882199799640343 0.7710237888358449 0.031065623974579164 0.042708018431275405
2 0.871623856869944 0.8588458274995077 0.027480027745570446 0.04101534946069971
2 0.6836709339003717 0.698340387139425 0.029265725658211433 0.045997972604485446
2 0.36578658547014115 0.38554195752403364 0.0285287946141008 0.036970194826707825
2 0.3723901056136249 0.6206633435958854 0.03523229064124583 0.043072554529300394
2 0.29288366076114314 0.520610457262305 0.03258208727398121 0.03594584203584361
2 0.3159703884379892 0.5206888420565026 0.028755542627673315 0.0397479726044856
2 0.40444792406485564 0.6192574557332517 0.030016857106049125 0.04675317306526744
2 0.47304194884688855 0.6370359892759678 0.041000393806647 0.05460895775477373
3 0.5102870292488912 0.5792239616290543 0.03401346276253637 0.045034375829958784
2 0.46815278076286726 0.5514370545602888 0.025991965253622438 0.031232371222139933
2 0.49075761160511444 0.5627480624982725 0.025113259395271825 0.03736085918946499
2 0.49970041618355987 0.5437811666976552 0.02488651138169915 0.03458308141168721
2 0.7259612722158774 0.6680631132049396 0.031008936971185917 0.042013573986831275
2 0.5279452027231222 0.7441372033088075 0.03217107784650245 0.039357308241728284
2 0.5467801759224545 0.7606738584559268 0.030427866533527966 0.043341706859382614
2 0.5471910707384189 0.7914116820604947 0.029336613065331422 0.03841983973193427
2 0.5790646277757432 0.7963165502141986 0.033134756904185436 0.05116286379728384
3 0.9476024240004415 0.6500708328821827 0.060019399196856525 0.1355636771599587
3 0.9892915087349653 0.7405576367778208 0.02141698253006944 0.11902702201283925
3 0.4684357573337747 0.6919924841550213 0.034750393806647004 0.05406215360773656
3 0.3754363157240394 0.8721822440043215 0.048908517308774595 0.06702207347370354
3 0.37718021470610147 0.6622084982298772 0.04278609171928767 0.05959158089855963
2 0.30913989105790385 0.3513312818931281 0.025283320405451094 0.03944419252279832
2 0.28664843422244296 0.3414091628440334 0.023157500472451572 0.030294902712345598