2 0.5270833333333333 0.4201388888888889 0.03680555555555556 0.05555555555555555
2 0.6506944444444445 0.39375 0.027083333333333334 0.03333333333333333
2 0.6604166666666667 0.3590277777777778 0.021527777777777778 0.019444444444444445
2 0.7805555555555556 0.3111111111111111 0.02847222222222222 0.024305555555555556
2 0.8069444444444445 0.2833333333333333 0.035416666666666666 0.044444444444444446
2 0.7118055555555556 0.3541666666666667 0.025 0.03333333333333333
2 0.6138888888888889 0.40694444444444444 0.025694444444444443 0.02638888888888889
3 0.9368055555555556 0.2763888888888889 0.05 0.05416666666666667
2 0.3798611111111111 0.7409722222222223 0.03611111111111111 0.04097222222222222
2 0.44027777777777777 0.8645833333333334 0.030555555555555555 0.04027777777777778
2 0.5569444444444445 0.9430555555555555 0.03819444444444445 0.050694444444444445
2 0.5888888888888889 0.9763888888888889 0.035416666666666666 0.041666666666666664
2 0.625 0.9416666666666667 0.035416666666666666 0.04513888888888889
3 0.9243055555555556 0.9631944444444445 0.043055555555555555 0.06319444444444444
3 0.9395833333333333 0.9055555555555556 0.06111111111111111 0.08888888888888889
2 0.9090277777777778 0.9243055555555556 0.041666666666666664 0.058333333333333334
3 0.8979166666666667 0.9173611111111111 0.03958333333333333 0.06527777777777778
2 0.7722222222222223 0.39444444444444443 0.035416666666666666 0.04722222222222222
2 0.8208333333333333 0.39305555555555555 0.03263888888888889 0.05625
2 0.7125 0.6798611111111111 0.04375 0.04722222222222222
2 0.8166666666666667 0.6465277777777778 0.03819444444444445 0.04722222222222222
2 0.8256944444444444 0.6763888888888889 0.029861111111111113 0.04652777777777778
2 0.8611111111111112 0.7229166666666667 0.04513888888888889 0.06805555555555555
2 0.9159722222222222 0.6159722222222223 0.035416666666666666 0.04027777777777778
2 0.9493055555555555 0.6451388888888889 0.03888888888888889 0.06388888888888888
2 0.7777777777777778 0.8055555555555556 0.03263888888888889 0.059027777777777776