2 0.44166666666666665 0.625 0.03888888888888889 0.03819444444444445
2 0.5381944444444444 0.5368055555555555 0.03680555555555556 0.044444444444444446
2 0.15208333333333332 0.44305555555555554 0.035416666666666666 0.04722222222222222
2 0.4048611111111111 0.9208333333333333 0.05486111111111111 0.06875
2 0.8548611111111111 0.49930555555555556 0.03333333333333333 0.04027777777777778
2 0.7993055555555556 0.5076388888888889 0.03958333333333333 0.04722222222222222
2 0.78125 0.5805555555555556 0.04861111111111111 0.04236111111111111
2 0.9006944444444445 0.6611111111111111 0.04583333333333333 0.049305555555555554
2 0.9381944444444444 0.6652777777777777 0.03680555555555556 0.05486111111111111
2 0.73125 0.5979166666666667 0.035416666666666666 0.0375
2 0.6993055555555555 0.6604166666666667 0.03819444444444445 0.041666666666666664
2 0.6104166666666667 0.6611111111111111 0.03125 0.034027777777777775
2 0.6090277777777777 0.6305555555555555 0.04513888888888889 0.04652777777777778
2 0.5590277777777778 0.6805555555555556 0.044444444444444446 0.04097222222222222
2 0.5131944444444444 0.7319444444444444 0.0375 0.043055555555555555
2 0.49027777777777776 0.7638888888888888 0.041666666666666664 0.04652777777777778
2 0.4354166666666667 0.7888888888888889 0.03958333333333333 0.049305555555555554
2 0.36944444444444446 0.6513888888888889 0.03680555555555556 0.04097222222222222
2 0.4013888888888889 0.6354166666666666 0.029166666666666667 0.041666666666666664
2 0.38680555555555557 0.6861111111111111 0.03819444444444445 0.044444444444444446
3 0.3159722222222222 0.6347222222222222 0.04236111111111111 0.05277777777777778
2 0.35 0.6131944444444445 0.04027777777777778 0.043055555555555555
3 0.8263888888888888 0.6465277777777778 0.05694444444444444 0.06666666666666667
3 0.7569444444444444 0.6486111111111111 0.05694444444444444 0.06111111111111111
3 0.43472222222222223 0.43125 0.04513888888888889 0.058333333333333334
3 0.5020833333333333 0.6569444444444444 0.04722222222222222 0.052083333333333336
3 0.5965277777777778 0.7291666666666666 0.04236111111111111 0.04652777777777778
3 0.3284722222222222 0.8013888888888889 0.06527777777777778 0.06319444444444444
3 0.020833333333333332 0.7597222222222222 0.041666666666666664 0.06805555555555555
2 0.017361111111111112 0.6333333333333333 0.034722222222222224 0.05555555555555555
2 0.04652777777777778 0.6493055555555556 0.03680555555555556 0.05694444444444444
2 0.10555555555555556 0.5506944444444445 0.05416666666666667 0.04722222222222222
3 0.18611111111111112 0.6069444444444444 0.044444444444444446 0.06458333333333334
2 0.17777777777777778 0.6541666666666667 0.052083333333333336 0.03680555555555556
2 0.11875 0.6472222222222223 0.035416666666666666 0.04861111111111111
2 0.19722222222222222 0.7486111111111111 0.043055555555555555 0.04583333333333333
2 0.19791666666666666 0.9277777777777778 0.05138888888888889 0.059027777777777776
2 0.1375 0.8034722222222223 0.04513888888888889 0.06666666666666667
2 0.1375 0.7208333333333333 0.04027777777777778 0.043055555555555555
2 0.09166666666666666 0.7951388888888888 0.044444444444444446 0.04583333333333333