0 0.6217776822877465 0.4220968853447526 0.03863201680151241 0.07932888103669755
0 0.5036794429251233 0.12847851486141934 0.047627467831574045 0.07815011600796298
0 0.5882538722568208 0.25213637419975254 0.07539024349839517 0.1377921019923458
0 0.5584550921153392 0.36943341244688227 0.04449409582891993 0.06280768473475307
0 0.758552652989938 0.33076674637185116 0.07188511389700618 0.10647744849691365
0 0.6659600289617588 0.6112432269524686 0.056946766970246976 0.12070518760537033
0 0.010812065118047654 0.48225096791629624 0.02162413023609531 0.07918341067197522
0 0.05690108569916619 0.5671174992403395 0.05726945381595687 0.10474912875700618
0 0.19802052018046257 0.46805149113540107 0.03312437073608029 0.05143795964191358
0 0.15397028934780785 0.9590889474845059 0.05308604314398156 0.07411275633216026
0 0.2056662823399992 0.9446984133745677 0.06179113407604946 0.09027893904067905
0 0.26756939877015357 0.9092482586972839 0.06616850523432108 0.1292486447988583
0 0.3800140353779317 0.43188840611401197 0.05951384025641981 0.08189711558577165
3 0.37261875835981456 0.3619596410852774 0.06720121926688276 0.08415824603154332
1 0.8275866261419748 0.6748059452069437 0.13792198961466068 0.11079074679120376
1 0.4632901691179313 0.8797063506431786 0.14278252009432102 0.08105894267095677
1 0.29159959633867205 0.9503330439050615 0.1137613237923766 0.08663008096891991
1 0.4712645187444442 0.23889576215953665 0.08054113407604954 0.09071535013484575
1 0.6576128547803699 0.49275184093419694 0.05667198961466069 0.10889963204981477