2 0.176948745938426 0.6940615552937 0.030038878133112512 0.030729282417966096
3 0.7683806203436205 0.5377855892025506 0.03083432656733041 0.04809443368866811
2 0.671949343390828 0.43445026940122283 0.030749483215920588 0.03351110035533477
2 0.5701968401387545 0.37136040610094545 0.02588029178562768 0.032093930349309276
3 0.41202603919945363 0.6370978360616957 0.03703584465223931 0.03979746179165318
2 0.44280738068690445 0.5567240876877324 0.027919183363460814 0.024467161939193086
2 0.40898922820265815 0.4731968266940339 0.02801614719364333 0.04113382860585975
2 0.3730639644327304 0.5049311828397494 0.030087360048203966 0.03906261575129943
2 0.3594094048001161 0.5451281574257084 0.02797978575732477 0.03488382860585991
2 0.37464724398718185 0.6577130007771183 0.030026757654339695 0.028645949084632763
2 0.26190483441172535 0.615391828256719 0.027963625118961093 0.03210605082808213
2 0.0846518143755725 0.5851949208943623 0.032158572902764325 0.036991402896738794
3 0.10514266015407073 0.7651691564740198 0.03495655147849679 0.04047978575732492
2 0.15999973110559088 0.7647938846372597 0.02798786607650672 0.03627271749474895
3 0.8519639805663949 0.46188555962416555 0.032893418943118036 0.043939887500774294
3 0.7953916938095145 0.6448835597114508 0.037798971809729666 0.05160705750679963
3 0.30267100849480955 0.5802135310059179 0.03284897718761783 0.036300998611885404
3 0.32916851868745645 0.4796766527855202 0.035646955763350266 0.03978938147247138
3 0.39350182513134885 0.5564372363567756 0.03144392766036519 0.03351514051492567
3 0.19660281567640195 0.610845386588504 0.03638988212288605 0.04812675496539561
3 0.2964991605426298 0.9516928268686042 0.034996953074406256 0.04742423020176905
3 0.1976941217711535 0.9177857908733573 0.041957558157214456 0.05024240957545645