3 0.8817795159461288 0.9330369024861971 0.024287862543195614 0.05172946107883895
3 0.7706871866167031 0.3809934693464973 0.037297198512751116 0.06481165793568569
3 0.7782187667769954 0.26445617975912994 0.02971490250936818 0.06584475985650155
3 0.862991704842308 0.386684146122088 0.039820308305751145 0.058691035014985
2 0.5001899586330921 0.9236132316857013 0.025846530088603003 0.05596081628515511
3 0.6549944768586972 0.9322148927455263 0.041505128246552815 0.0830289348403653
3 0.7102823978050931 0.958445889712448 0.03916712692844189 0.07668190203089074
3 0.7456731312229954 0.9767524376417822 0.05050460958157746 0.04649512471643567
3 0.786756176022241 0.9599204260598456 0.045941792716368154 0.07283867806247252
3 0.7904853675381172 0.5781205734728236 0.04435482872820747 0.06791287841171176
3 0.6747749028826389 0.66874647936436 0.035738530967343723 0.060580302729369366
3 0.7249552849695506 0.6154226784267174 0.03955031050260263 0.06907535741182692