3 0.785275454788567 0.8473098436048168 0.025025849612403464 0.04387928510691002
2 0.5012332826053091 0.6721109497744656 0.02475883748000503 0.03971261844024351
2 0.3604174768631322 0.4137488723187983 0.02854257385669175 0.04459393034930928
2 0.26603486804479126 0.8907994213702066 0.03411571732086476 0.055733322577557
2 0.2819783014560533 0.5437994079254862 0.02435831928140778 0.033462618440243355
2 0.3040670176120764 0.5418453596990629 0.02180305161396174 0.03691868002410199
2 0.35883699567696326 0.6490685751552824 0.029014508190804457 0.041125748286677956
2 0.398900525048195 0.6784574505994508 0.023325446569049765 0.03901009367661711
2 0.451462989918381 0.7620655147849681 0.03257573445715944 0.04253483797352165
2 0.5804505839957365 0.8141856725598172 0.026592746589557553 0.0466651432038696
2 0.52746175131455 0.6805937690126638 0.02263100212460532 0.03900605351702621
2 0.459717709913459 0.6850589444838626 0.03505958598909002 0.04879695845229435
2 0.49085392075796874 0.585971557546218 0.02613013846027646 0.028613627807905256
2 0.4457150318690799 0.5857089471728067 0.024741249571387573 0.0286055474887233
2 0.5744086997005882 0.6440750647880651 0.024963759681719468 0.032077769710945524
2 0.6322338583815283 0.6798149442220071 0.028524985948074448 0.033486859397789066
2 0.7131267777039517 0.7288785532073035 0.029014508190804613 0.041125748286677956
2 0.8129279882039314 0.8780148850652372 0.024135809171075884 0.029990396218021135
2 0.303108754538371 0.37523525526666945 0.02561370210409753 0.03138736542609198
3 0.3982476434272598 0.3757887571306284 0.031097841524137634 0.04113786876545081
3 0.3248713078298692 0.6606721227312908 0.03324326478815481 0.052951504640188315
3 0.2135200986998089 0.6454464040229979 0.035460104187687275 0.05504695845229435
3 0.4136773253763197 0.8007200744175823 0.03312734663057313 0.061975242258375196
3 0.981073334358723 0.8388158298982406 0.03785333128255388 0.13922826229452787
2 0.5458877174521165 0.8598008372752398 0.039787191034001995 0.04674190623609762
2 0.5327833415528506 0.8069664972631888 0.02874749605840634 0.0369590816200116
2 0.5180044122226344 0.7929968051824812 0.032664738501292034 0.04392372686241054
2 0.2839851504532227 0.3584635444506383 0.02209697785980893 0.03067272018369288
3 0.6618620686764303 0.7521826121895032 0.03293175063369031 0.04809039352907721
3 0.6942856446577275 0.8356735117468831 0.025408779902383098 0.039022214155390124