2 0.6865320734979293 0.8180532546208389 0.02362875321563978 0.041053794877594404
2 0.6025880809979476 0.7391401269725532 0.024993391570159437 0.04040785150188842
2 0.6398389672244144 0.7052402102964622 0.026906971162907842 0.03561949199388532
2 0.3138734005319221 0.40658505279889123 0.027698417744829364 0.038421520306032325
2 0.17903647519283225 0.8912631991972224 0.03776896850048577 0.06859788836394375
2 0.2503835244301988 0.5364241259980569 0.025518082274019034 0.03557099092514654
2 0.2301961344725714 0.5385162803836546 0.022837306633718333 0.0382517665654474
2 0.29404091810013844 0.6368584229942799 0.02705247436912354 0.039786158660551824
2 0.3323389731119005 0.6722816980907871 0.02561508441149603 0.038348768702924314
2 0.38999107886047046 0.7493385682673274 0.028683868601705045 0.04677910417373488
2 0.4992348988251479 0.7989307049904666 0.03071870086629992 0.045462966887954
2 0.38683193040005587 0.5815982696585723 0.023216494131362234 0.02924823932203885
2 0.39429003187367173 0.6659567338652556 0.028465613792381658 0.040529104173734884
2 0.4122640147738551 0.6875241916595074 0.022142862189273967 0.038227516031078164
2 0.41283281073903644 0.5917878604636512 0.02209436112053535 0.03683862714218928
2 0.43465159492924543 0.5827027605648705 0.024032191247653146 0.0327447120786303
2 0.2624051516100849 0.3709280934109557 0.026979722766015693 0.03770282532721849
3 0.27157176528937593 0.7638778257767699 0.048758826939750574 0.06551367469162983
3 0.26014982247631196 0.6539946708662271 0.03944004274954156 0.05686508441149619
3 0.9167172626081053 0.7808839116123134 0.06848766936678569 0.11406085525189774
3 0.4694333518948944 0.5003372359838841 0.03448192950095338 0.053917552893133484
2 0.45290112532232424 0.794999935237652 0.026858470094169383 0.03423060310499643
2 0.4384478657131016 0.7719223358826649 0.031816583342757575 0.03717813462335913