2 0.8840975385685909 0.5348105210571586 0.035410760842191594 0.027577165072983058
2 0.7849798602933546 0.5084745290444249 0.03413105482680881 0.029611997337577932
2 0.6764488315986722 0.40833342164562614 0.03347300467353307 0.03028219124765299
2 0.5859133408704753 0.4134899349765852 0.03153524850487486 0.03298721742232307
2 0.8422213648916246 0.48967824059811027 0.037858037087212575 0.03459436112053519
2 0.9060315593737006 0.5168607886913446 0.03698162118692431 0.03109788836394374
2 0.818735160559525 0.5838228575778591 0.04129091210602825 0.04719136325801243
2 0.862588437608556 0.6137743623966068 0.04158501934761603 0.03957672490349277
3 0.9263406080694827 0.5737170520505763 0.04374114126328708 0.04103836539548935
2 0.7153504166015419 0.9931966923917853 0.04078139202966516 0.01360661521642928
2 0.7505241348789776 0.9488228458028868 0.04797764360005361 0.05574295140066915
2 0.8310885491712463 0.9121253260594965 0.047101227699765026 0.05224647864407769
2 0.929736054573526 0.9162633463843772 0.04498150007526331 0.05147928259652556
2 0.9994633678818747 0.8577801140374116 0.0010732642362506163 0.0598126159298589
2 0.837795951050935 0.828485556831627 0.043665399768711824 0.05281967041667599
2 0.904529500475464 0.8585428848401162 0.04439623850432497 0.053538365395489666
2 0.5994539358738948 0.9811971252019178 0.05203512739321402 0.03760574959616431
2 0.4822167721974784 0.9214308345151626 0.04333785114819288 0.04656967041667599
2 0.5126385622373093 0.8670393046093319 0.04728615206784686 0.0425485069562247
2 0.5750539620060212 0.9205137394539779 0.03654193678066109 0.03593474894068562
2 0.7126257912440418 0.7679674627826355 0.03350939896470177 0.03097663569209759
2 0.39838085883586116 0.5518144237077094 0.036250782451310845 0.030379193385130066
3 0.4060345122859382 0.48623021003539546 0.04217028091855436 0.03751764210452867
3 0.26719183576924804 0.601300737241107 0.05422764360005361 0.05596120620999254
3 0.3805505341961105 0.6877469600259712 0.03833116287240664 0.04362213889831313
2 0.8002743213209546 0.7606306139808662 0.03877084727866986 0.03878527832157109