2 0.11483036075625708 0.8580885601996603 0.046536384559608776 0.041344560452407426
2 0.31434319985879067 0.44388908341876515 0.030479311327318785 0.03611169174256174
2 0.3131638924996735 0.471683024570401 0.040262141413875144 0.03981020119879635
2 0.22385038816892883 0.21969841337456772 0.04303991919165292 0.039874854694228405
2 0.7808800440149583 0.48023335503453635 0.03767830880196641 0.05085665881447533
2 0.7265194321824225 0.4926052093065735 0.04034699242394279 0.044671312309907306
2 0.831661277060747 0.6331554419141351 0.04260002777741142 0.05444202465370375
2 0.8691370339150132 0.6336715086146907 0.04185709704149979 0.0516480835020679
2 0.6318223722990512 0.6683498857669439 0.04235759632007519 0.04055313576481486
2 0.5399132741750483 0.6843723400050921 0.040092439393739694 0.030087978976573972
2 0.44487293506885334 0.5616352123452156 0.03957981854229742 0.040488482269382724
2 0.5355491475514766 0.656013261399876 0.04785254401129669 0.037210220533456906
2 0.5231652712893496 0.7291885420482711 0.03631366305881127 0.05221322095564839
2 0.48380012626761915 0.7176098543581787 0.04031062770534233 0.04258797897657397
2 0.32171225974509093 0.6977809727298454 0.039628304833764755 0.043266260047160505
2 0.3110445548392569 0.7521739266305243 0.03959194011516429 0.041182926713827325
2 0.32794504618142895 0.7781587311729626 0.04384345779189868 0.04614101806808656
2 0.36649610822980627 0.6773020723584874 0.03462173484825194 0.034819783096820975
2 0.37024203463717015 0.7410778176303701 0.04240608261154254 0.043330913542592636
2 0.44751070635454165 0.7684341864249379 0.03496113888852285 0.05426422754126558
2 0.4224536132812433 0.8120554600655244 0.04960508008619008 0.05807588061450638
2 0.26839761797013734 0.6899977747391356 0.03951921067796336 0.03701626004716051
2 0.08938659415946279 0.5261770231343826 0.03741163419889643 0.035578881036697554
2 0.10637193651170256 0.5473007165657098 0.04089597799398549 0.036354142350432044
2 0.057126988820481076 0.5449760938874074 0.039018711399388034 0.0481112077844137
2 0.016582660445935257 0.6661494387032099 0.03316532089187051 0.04200667814913572
2 0.05152330736497544 0.8262422572612653 0.04192982647870082 0.055814750168734564
2 0.055527301593578327 0.91500183915929 0.047836907647394095 0.07608294604848773
2 0.017044339108391884 0.9153095238940432 0.03408867821678377 0.04959707691645071
3 0.9360062525293801 0.5807470992092892 0.046169222582568635 0.06007839707854935
3 0.3874107777821715 0.6323888900721601 0.048922757214612506 0.05875416168509275
3 0.2169825483442383 0.5336196290111727 0.049568715367589694 0.055992547281172894
3 0.23679609235699964 0.7108640154516356 0.048228312770168064 0.05873799831123468
3 0.09735821789806809 0.7057795202637653 0.05960609848434923 0.07427439007074084
3 0.43134963095724543 0.7000882707713886 0.049653566377657415 0.060853658392284
3 0.0066826138195657265 0.855232288078395 0.013365227639131453 0.06036875717654324