3 0.7017965745824454 0.9362367745351526 0.0874431983850924 0.039753199448839246
3 0.4243450622558431 0.8671233421766712 0.04444432983292993 0.037185088982125254
2 0.31499182130749176 0.7258792905423702 0.01924598262681122 0.015951501521883907
2 0.27406208568493573 0.7380643795244954 0.018494851178973686 0.015204435224033357
2 0.2412531357858675 0.738454273301234 0.023979519327409094 0.0232116770867631
3 0.9634339602178118 0.7998257323885863 0.07313207956437648 0.06887842471482929
2 0.5213974526909151 0.7891964189837255 0.05124699946313424 0.05288384158714905
2 0.33009942346357557 0.7568765416255105 0.027565115556417653 0.024863675242680947
0 0.3526192811064904 0.7502789093520085 0.03494885562428015 0.03922616081222196
2 0.3578346000301726 0.7799295330494964 0.03462293400764827 0.026778782665627433
2 0.24757390858147296 0.7645274310696881 0.040476124983896494 0.02239126823516876
2 0.36149096905478656 0.8076020671204627 0.03353168053945205 0.021865049701110844
2 0.27397676865105963 0.8226183758363311 0.046655237576776344 0.03045113195130398
2 0.24075692393602713 0.7922948484972968 0.04960307636473355 0.03274495269826048