0 0.6380207316080654 0.8868991304467193 0.04845862265463757 0.07358371457497129
0 0.7680339707841328 0.6718989270581518 0.046132857863967855 0.05957348533718674
0 0.7311521710003405 0.6386663866716096 0.02620355050485096 0.03066319763638161
0 0.6709896969723599 0.349412828714789 0.024863147907429252 0.03336008184822879
0 0.646227036438901 0.41676024155783026 0.023474259018540364 0.0332791882822982
2 0.820534529585733 0.5654740896794652 0.03324496753222977 0.03662322102158981
0 0.8045810981269322 0.36660659960249264 0.026300523087785323 0.03621875319193717
0 0.775450796178866 0.3662220311537005 0.024205068181585274 0.03540296839859691
0 0.7298962590214694 0.35291929660718585 0.025020728354697517 0.04238785962600657
0 0.9295396414175365 0.44118972954725866 0.031258606781830796 0.04205743622824956
2 0.886285409096834 0.8127778534888621 0.04037123556967654 0.047444355517909126
2 0.9064536331222516 0.7304357903488 0.030124270923145166 0.05655987599565214
2 0.5928087528904584 0.6155057432646628 0.03200153751774274 0.04487566078899256
2 0.5946410479846244 0.6695106227994684 0.03396365512240796 0.03805255669344376
2 0.5528566803803253 0.7184247607721969 0.029041936146962637 0.0342972069904647
2 0.7398300003647399 0.5389563632864013 0.029138908729897314 0.039852762546020416
2 0.7428951811002855 0.4825850229375056 0.03257476623351907 0.03797166312751333
2 0.09872092604994685 0.544384746301863 0.03399650504997247 0.07967877657714521