2 0.9836644272078199 0.6276993777410502 0.0326711455843603 0.04459049544061726
2 0.9926363476510537 0.6787494164103711 0.014727304697892565 0.042523325481142
2 0.6506289141106647 0.5498343961480252 0.03837613095716597 0.03972938432950615
2 0.14534963690183111 0.5547179632721915 0.03300226191433203 0.07844047610595686
2 0.6226619526648862 0.5935676521427166 0.041888799962353576 0.04050464564324064
2 0.786880616930288 0.6625791692816981 0.03192389704233973 0.0361116917425619
2 0.7887555152360041 0.5995140318281179 0.03592877657714553 0.033430894207932244
2 0.9059137444110448 0.6702042173225317 0.033515019846055025 0.03961624071249995
2 0.8374605701598714 0.6498863700583032 0.03466122803715229 0.03548190079354943
0 0.7310171294428127 0.4178593668502166 0.03865925843792297 0.04459049544061726
0 0.8108309446369238 0.43081310258114264 0.03200479060827017 0.037500580631450633
0 0.8409347364458264 0.4356747943237044 0.02330743622824956 0.031056620145154392
0 0.9899335863370381 0.49066811558293294 0.0201328273259239 0.04249099873342585
0 0.8319030705405832 0.8640494556713278 0.04025038124163795 0.04809504441055563
0 0.8244608624749742 0.7362716778935501 0.043843943812756137 0.05025919461317901
3 0.9733668552711793 0.9353053592507725 0.03840972860609655 0.05221322095564839
2 0.9758011594043745 0.8937518362011119 0.039151468967541014 0.04113443659225311
2 0.9745411080196605 0.8125826530704021 0.029705525092040514 0.057558652651049313
2 0.6202332016232375 0.7661933780799387 0.043527218683068886 0.03291424687592597
2 0.6545715034179118 0.7246889257833029 0.03723677190010367 0.032074332066759505
2 0.650479529204385 0.6663394290761117 0.0340881239416035 0.037549070753024695