0 0.6951388888888889 0.05763888888888889 0.11944444444444445 0.11458333333333333
0 0.5375 0.017361111111111112 0.06111111111111111 0.034722222222222224
0 0.5763888888888888 0.2673611111111111 0.09583333333333334 0.11736111111111111
0 0.5902777777777778 0.5645833333333333 0.09444444444444444 0.14166666666666666
0 0.5659722222222222 0.69375 0.08958333333333333 0.11875
0 0.6486111111111111 0.6229166666666667 0.07361111111111111 0.12986111111111112
0 0.6993055555555555 0.7395833333333334 0.09583333333333334 0.13680555555555557
0 0.6930555555555555 0.8506944444444444 0.10486111111111111 0.12430555555555556
0 0.7076388888888889 0.9513888888888888 0.09930555555555555 0.09722222222222222
0 0.4395833333333333 0.9583333333333334 0.08888888888888889 0.08333333333333333
3 0.2861111111111111 0.6090277777777777 0.16111111111111112 0.23958333333333334
3 0.38819444444444445 0.5472222222222223 0.04583333333333333 0.07222222222222222
3 0.5354166666666667 0.5736111111111111 0.04722222222222222 0.08263888888888889
3 0.6270833333333333 0.4513888888888889 0.030555555555555555 0.06736111111111111
3 0.8902777777777777 0.4673611111111111 0.18680555555555556 0.21875
3 0.8111111111111111 0.6090277777777777 0.08125 0.10833333333333334
3 0.8263888888888888 0.9638888888888889 0.06111111111111111 0.07222222222222222