3 0.37326019842736974 0.23117113235716438 0.05463072309970932 0.06431525669988945
3 0.3356574150282376 0.09198938172347408 0.06465831609219713 0.07808822743119657
3 0.1311008545848322 0.11167818219105076 0.09520351129758349 0.08902959215782806
3 0.13193840274341734 0.9358381052499899 0.11657424361770374 0.1283237895000203
3 0.36015325641652934 0.6343670162421569 0.0999601988044429 0.13356304064640515
3 0.32546539565505395 0.47513538076371037 0.07088759539185865 0.09645529714121671
3 0.6301951026242048 0.19250875727821007 0.05290538239004737 0.07802613750051282
3 0.755708500500414 0.32266992733686267 0.0874490183517139 0.0961344567819206
3 0.5082886115224173 0.18050973472786322 0.06419507976171417 0.06285495167548519
3 0.8003037305651459 0.13013906984127194 0.06115419271690743 0.059204721364997485
3 0.4520257908645686 0.30600032147163897 0.06693141613881531 0.09896606278659621
3 0.3877996300523468 0.33398408595217693 0.0810100717409889 0.12060043251712421
3 0.4391023557296429 0.44892237096099546 0.09069085256253434 0.15715656384889895
3 0.4969214710842072 0.3765655781715284 0.08614465246929813 0.11540089313809952
0 0.22793154282519607 0.24279254712276013 0.04186761383268044 0.060041998080472565
0 0.325595460575003 0.26161183425618395 0.040057750116545304 0.05439743848078425
0 0.36743199335717586 0.17915921515934635 0.057335158323742995 0.08176537185513323
0 0.4476726378948565 0.14243227294204622 0.04771817980833235 0.08253123243509299
0 0.7018815660647598 0.14895328877404718 0.07736962360837998 0.12727786482917042
0 0.8289831597907519 0.31340924874287573 0.0931943406205543 0.11723480224765213
0 0.8481102329096422 0.410933658914731 0.10412686547110941 0.13383005277880342
0 0.9239919837596918 0.5330295722734941 0.09079609626934591 0.15854545273778783
0 0.35598822995498225 0.5419883172224284 0.07221432217973245 0.15044395571961786
0 0.5366626699777579 0.3770188600959778 0.06499558801553004 0.10989916580944196
0 0.6000269805377085 0.29594580368319756 0.07884303550374215 0.14672230927361482
0 0.6113046773540866 0.3957584693901005 0.08343067699765515 0.15254487696156865
0 0.6293776731997412 0.5992834553381748 0.06573229396321112 0.11962138803166403
0 0.5074480010899359 0.7073074035191351 0.07970570585857312 0.13986686887330313