2 0.8307847842654736 0.782003882124187 0.05814448015825949 0.07339833427823647
2 0.6700689534596894 0.45922841721418767 0.03136770093763235 0.049022005927075285
2 0.6397472225796392 0.43527706947120337 0.028517193722653645 0.04462859124683626
2 0.5676376093042542 0.407782497487362 0.059715192640150544 0.08392837495168932
2 0.6013189534596894 0.46484043055010726 0.061237418830574424 0.09168063784736438
2 0.49091792315692545 0.4349080881973324 0.05759549458821674 0.08167498060817656
2 0.488777857141811 0.11309687540258899 0.031585889249234986 0.06152200592707536
2 0.6929875577176327 0.2981032203108642 0.06941317171663917 0.08333310411030416
2 0.5638157990601708 0.22867251782408848 0.06288437554070249 0.06685069885754381
2 0.6941332943661507 0.8418390199071373 0.12928243001302253 0.2158159031697115
2 0.49149079148118446 0.7067759879954689 0.08093290151418621 0.14737785360564556
2 0.060777655478360317 0.7328941523214297 0.07104449206286441 0.09733536700597938
2 0.2764921702708607 0.46145215002358636 0.06167731024481569 0.0771539915174243
2 0.34736889790486614 0.37847336833736783 0.05531821608901437 0.07039380848688602
2 0.6603173961009384 0.3786586612549052 0.075796509018174 0.09148217602973116
2 0.9573197288054965 0.09833088521655325 0.08536054238900685 0.11478145131642287
2 0.3124945476176877 0.1733853946011697 0.030527797618786046 0.0406319855903489