2 0.740877403269738 0.21400786308282893 0.07384039959512291 0.09106426029044315
2 0.9240696292042726 0.3305428022583875 0.05939374841574047 0.07412083234678322
2 0.11959213083565297 0.16360196260404994 0.051463853114420505 0.0652533358666592
2 0.6094421611721864 0.6287664016894194 0.12156748723168297 0.2080124472018604
2 0.2706415122433721 0.18391032718994246 0.08129410526132183 0.10613319648449525
2 0.38123896632531185 0.10671494930886198 0.07853175696564894 0.08654307118183517
2 0.009191992602945374 0.4491306738184637 0.018383985205890747 0.10139364785664655
2 0.8913469844750185 0.1911149912549503 0.12346342471990271 0.1631163597433311
2 0.9393716869538505 0.11163252096073377 0.12125662609229898 0.09992191529888667
2 0.9224161087474527 0.9011178910348295 0.10286820092284504 0.19776421793034096
2 0.5951322510216174 0.22121987440491667 0.09357585045199844 0.10075728163378912
2 0.8046340058120923 0.30200298387906294 0.09334216616057031 0.11390316579216173