3 0.9379258853002626 0.3323564435376781 0.12414822939947498 0.17201072164400177
2 0.33911865991160506 0.20643093723224015 0.05004965138447533 0.06435315593737004
2 0.38608575194080275 0.37674293884025994 0.046933023387129603 0.07944896225930399
2 0.33860491573685214 0.3631570159296719 0.04470421968907416 0.07308977938579757
2 0.5869383463351237 0.21525703251282746 0.057252709810648145 0.07582820996016895
2 0.6173825001680249 0.30147142067296967 0.06891337563293215 0.10002162972998055
2 0.6393287837717594 0.23118104879493034 0.07631039454540137 0.1198300170861128
2 0.6384051489360494 0.07229884818182766 0.04375116126290127 0.06194227398351772
2 0.6902189305968521 0.3316453158434115 0.05080874932435191 0.06716732800631667
2 0.8107959724742596 0.4461656786754372 0.06243708839891977 0.08997185888723923
2 0.7292106060433956 0.6360972310149531 0.07640737478854949 0.12399668375277947
2 0.6710873965702167 0.6420678883345534 0.08113917890879634 0.11869588823540529
2 0.7991111087445685 0.8381294054959293 0.08898819165783986 0.1281240032160396
2 0.838708863557408 0.7514241740771671 0.07622957767611133 0.11635779486389058
2 0.6466415963329946 0.9029665395231272 0.06762204761864218 0.13394022463425206
2 0.5800228391564514 0.8717313040843155 0.05686595010095693 0.11881097693338695
2 0.9508566588144753 0.0865929458744447 0.053683507345277805 0.07147957183765838
2 0.771952089918241 0.2672626307836649 0.03217131230990731 0.04122107643592838
2 0.7819796743494136 0.19149244484464528 0.04985569089817924 0.0560198226040367
2 0.7996721817779944 0.6238372264919463 0.057721447652531 0.09596709884905784
2 0.05016976257888925 0.4271108688877891 0.052068331222376585 0.061684561033098675