2 0.6061807813262515 0.21217749618770082 0.02978562974687754 0.047129860617836056
2 0.4026955345011828 0.6766983158678547 0.06267976886299556 0.08200252266603153
2 0.49235459880968785 0.27380373457457224 0.03087142459161514 0.03681031452331322
2 0.44271831166266934 0.25780739397739666 0.03105328101810585 0.04306031452331322
2 0.45230652127532267 0.2870080204906972 0.03121493117498662 0.04861587007886878
2 0.6069709134045397 0.25676762149036086 0.03897505768153593 0.053316699892326055
2 0.5937253689924618 0.3532614394215049 0.046101358552471085 0.060052302753044906
2 0.5598538976573579 0.3933402170872376 0.031727519192940194 0.04241443036494053
2 0.6926511805524159 0.5167469220462154 0.06385916377808201 0.09871774961876996
2 0.8925959054577922 0.48480183052944026 0.06719737339073535 0.07053688911297924
2 0.7596369724058536 0.36695068112601803 0.04744983490213978 0.05876053443629985
2 0.3268108833762674 0.3909614101420459 0.0524928024397416 0.06535045643880295
2 0.8815600260999769 0.9497036131450067 0.14004390240737494 0.10059277370998655
2 0.9410239915551961 0.6858117550652694 0.08500836614747477 0.13484822013707698
2 0.617603336735494 0.48923162864215797 0.0831345267879442 0.11808443289826648
2 0.46624509193369035 0.8363183350140102 0.08609416099221269 0.12452867404255383
2 0.513343988974757 0.7721136424975715 0.08017489258367555 0.11164019175397913
2 0.5900849843119356 0.5979486852963087 0.07601565719471068 0.08778627921250827
2 0.7613958368382091 0.5695681776061422 0.0929577803582169 0.1222364991254949
2 0.7299607242610069 0.6933202106077113 0.08070025559353775 0.12969574730953454
2 0.7334243466183108 0.861264045151685 0.0893568892406323 0.14138958185350817
2 0.6323534143289764 0.8910769195128896 0.11382409495306862 0.1486447474215797
2 0.393984544735743 0.9043304127874169 0.08302606416219208 0.1381747615010836
2 0.33277031471308643 0.83185587119932 0.05292990909346169 0.10419078504161992
2 0.11859553150988293 0.49191390352861836 0.03570489815541444 0.060018342906411074
2 0.022945974825200288 0.7906224587480385 0.045891949650400575 0.10525911133520147
2 0.255766887481915 0.5606537385207726 0.04562918307373754 0.06764263135586188
2 0.29128992921083874 0.5116443036494059 0.04250046743488664 0.07920538548105817