2 0.07234842129456064 0.39977599165196426 0.07043629508655233 0.06585431006323227
2 0.24909174721904975 0.35425276853447657 0.08160397858954198 0.10091608959849133
2 0.2829638936134042 0.2741393526325767 0.033772514345236794 0.049133413705048354
2 0.332085302366568 0.24426763809107224 0.07845779259546615 0.07933171893520743
2 0.3355296968389092 0.0901445976855296 0.06816870033931272 0.07199112429222013
2 0.2579504954902792 0.04453290950624316 0.04754802922733951 0.04831045367122074
2 0.5617904382597121 0.25859751597917874 0.09648483273205323 0.1305920922347131
2 0.6689617453292437 0.2228766780241948 0.06840953414509762 0.10037845718618317
2 0.7432387854658308 0.2707131817505799 0.07301549643518242 0.11440882828883735
2 0.7889590886269215 0.1650338369936188 0.11223030694070278 0.1284651326402558
2 0.8105012960314554 0.08751309039460738 0.10293340916120113 0.08240542776489797
2 0.6532150103939338 0.6018558730219834 0.14128337037755426 0.19609387836052672
2 0.8463283990680281 0.253274270893176 0.05094936404244158 0.05606252833112187
2 0.965336954725593 0.7672704685106614 0.06932609054881406 0.3625341734851689