2 0.8146034813276548 0.2750309767139335 0.0368571822809053 0.04144180342750271
2 0.49403269024987745 0.45190924266019356 0.04108460496390952 0.04228175107816286
2 0.5900489214363384 0.5088977923659599 0.028827629029259092 0.044623019237293705
2 0.6185557714101655 0.5015344804073973 0.046075727594567836 0.05976411486112028
2 0.5676869285994658 0.4301014921446728 0.04171829339201641 0.04161155716808764
2 0.5426633195511946 0.6444665706686827 0.0696607104409463 0.06820327138419502
2 0.19889569077333447 0.6087786934416755 0.05091071044094638 0.0675485069562247
2 0.36288122303839637 0.7169004098329569 0.062420985401687154 0.08041226497176379
2 0.37776770664930165 0.6582121395363488 0.04523364285271596 0.06596561379238165
2 0.38434635538749073 0.5511706929544273 0.02988660957172821 0.048813936438329604
2 0.4667022419931292 0.8598391379615137 0.0571607104409463 0.06776676176554809
2 0.5597577975486847 0.8630887095669958 0.06290703353238661 0.08596782052731934
2 0.6013120814736642 0.9056372165232205 0.05390538401934148 0.07803792522599906
2 0.5496181528948575 0.7958642806098358 0.05130137480370346 0.06410053526837171
2 0.5645915207868326 0.7441447052920416 0.05483435304226324 0.06491623238466263
2 0.6282713835578614 0.6850706390679491 0.05051154659131672 0.055072757490593933
2 0.6204854841756804 0.7342549419516584 0.06302854556506156 0.08735670941620823
2 0.6891929867413183 0.8167593613090198 0.06411365437226316 0.08393298826272447
2 0.7133351626339525 0.9548259446517774 0.06287240578078171 0.07765873772835524
1 0.3288650937680677 0.9706062869091764 0.06326307014353903 0.058787426181647284