2 0.4022189736258216 0.6503438327438115 0.0552449262722506 0.07012934864127958
2 0.946478959744675 0.9813134129665463 0.05547925552852525 0.03737317406690737
2 0.983360320600267 0.9886844224646015 0.033279358799465954 0.022631155070796972
1 0.6405184622196305 0.6864486840175524 0.04058078974709834 0.05513540083086907
3 0.8023195146103977 0.5786233088256181 0.05811966788021089 0.08700650272156925
3 0.32958015196053503 0.453951559620793 0.06361866120149332 0.07770525532659336
2 0.8838765667393093 0.637557843451873 0.04480805880762912 0.06586779861797033
2 0.8974265452277563 0.6996687697776942 0.05104593832885611 0.06425806196528927
2 0.8581785451404713 0.7543082130224532 0.046233309132836416 0.07222304232478223
2 0.8142265371609243 0.7162708140356661 0.04408533324604807 0.060954065653453425
2 0.471555722776903 0.9763901942885057 0.05255199184588264 0.047219611422988486
2 0.5024214446105661 0.8120354244475059 0.06088936533880687 0.08582810124630352
2 0.5356012518794437 0.7881723845220948 0.0476221980217253 0.0723282860315935
2 0.6760042746045406 0.8203297766878418 0.04561966788021089 0.08605930936026501
2 0.6350199319035456 0.8151417540035671 0.03364442562183569 0.05599807118570021
2 0.5714331289735824 0.6236002316414905 0.0364908861126597 0.06801411415487876
2 0.5380988696298542 0.38229073749593534 0.02662725830475444 0.042971852651642294
2 0.5169064250981246 0.4382983489292448 0.03420150464018832 0.032439581927994725
2 0.5087710595847473 0.4716946644661531 0.043277764333057196 0.04145699935560335
2 0.5554927650228904 0.5085536619776743 0.033571702749198885 0.043498071185700045
2 0.5420078920930955 0.5769456693540029 0.03636564116534042 0.04648633637710099
2 0.4800856349146001 0.6715152581030376 0.04893432387838648 0.05923908529396079
2 0.4302750594101769 0.580973550955671 0.05173230245411891 0.06292179492980601
2 0.3831614584917126 0.47675344233303873 0.035638875444168466 0.04087815896813964
2 0.37641451886202687 0.39086317898571993 0.023203517997623477 0.051042076717946666
2 0.3275407973775046 0.3420407603584259 0.029409076242123116 0.04387678450970974
2 0.3469650410239943 0.34004195003156573 0.019666653221946242 0.03966785633980644
2 0.13147763795268505 0.40700988695569884 0.02940099592294124 0.04248789562082086
2 0.2137134368928747 0.5826110882486206 0.04558734660348339 0.08050375380470962
2 0.34636848642012735 0.595439640026904 0.03438735198137156 0.06438402637243917
2 0.32013716375528517 0.6205233429308172 0.03083028640773951 0.049537583772076885
2 0.2457952467634111 0.608642804616398 0.04617674689856336 0.06250082010255985
2 0.2624452897865166 0.48773612872932043 0.04339896912078558 0.06229033268893668
2 0.22378218682952294 0.4042863712364465 0.029376754965395612 0.038321228954154345
2 0.10282095740487185 0.7310834142947331 0.052446947696518045 0.06644663900543403
2 0.8883690973172498 0.3359481067991918 0.037096447046103424 0.052788958230506784