2 0.21875 0.11319444444444444 0.059722222222222225 0.07569444444444444
2 0.24097222222222223 0.03888888888888889 0.08611111111111111 0.07291666666666667
2 0.7791666666666667 0.5826388888888889 0.04027777777777778 0.06875
2 0.6777777777777778 0.5236111111111111 0.04583333333333333 0.07430555555555556
2 0.7222222222222222 0.5784722222222223 0.05416666666666667 0.08402777777777778
2 0.7756944444444445 0.5125 0.04722222222222222 0.06666666666666667
2 0.8944444444444445 0.2763888888888889 0.04861111111111111 0.07291666666666667
2 0.78125 0.3111111111111111 0.04861111111111111 0.08125
2 0.8118055555555556 0.2152777777777778 0.041666666666666664 0.0798611111111111
2 0.6548611111111111 0.12430555555555556 0.05 0.08819444444444445
2 0.5611111111111111 0.16597222222222222 0.05277777777777778 0.09652777777777778
2 0.4548611111111111 0.09583333333333334 0.04791666666666667 0.08125
2 0.3173611111111111 0.2013888888888889 0.05347222222222222 0.08402777777777778