2 0.8872892116032685 0.6076388888888888 0.04132067459828414 0.06875
2 0.6018501840311438 0.68125 0.0363646801305306 0.058333333333333334
2 0.6631208009075918 0.5875 0.04116280903806676 0.06666666666666667
2 0.76977023493194 0.6097222222222223 0.041699387922293836 0.06458333333333334
2 0.7317527365429317 0.7173611111111111 0.040563247950264746 0.07708333333333334
2 0.767548116533608 0.7215277777777778 0.03940556717533734 0.06180555555555556
2 0.8661368667392612 0.7951388888888888 0.05124302388396037 0.08055555555555556
2 0.7179020086444804 0.9368055555555556 0.05043297538253518 0.08819444444444445
2 0.5843830091106612 0.7284722222222222 0.02943059603625531 0.049305555555555554
2 0.32944609513812656 0.8486111111111111 0.03829014790364672 0.05625
2 0.10544375102826548 0.3680555555555556 0.029598821946642002 0.04236111111111111
2 0.3624549772059756 0.7520833333333333 0.038016678286448446 0.06180555555555556
2 0.41383514594981485 0.6513888888888889 0.033744767912970194 0.06041666666666667