2 0.5215133582221172 0.4517581950670151 0.034815680014120984 0.04612899609978282
2 0.6595690129827144 0.646650433593593 0.03366922258256832 0.059977472449451674
2 0.6603447936461907 0.6910948780380374 0.03591013636317039 0.06906586903605974
2 0.7210367416977583 0.74838817278006 0.05364701623315271 0.0910988035540893
2 0.6072897968922354 0.7929708049610633 0.054099029220260934 0.0772301209348105
2 0.6063357074267927 0.698546566786229 0.047497503607123154 0.05690937561943107
2 0.58005082070291 0.6242080299691549 0.05807175072105856 0.06624024744135998
2 0.435057390688423 0.6283182529539815 0.03855457683941318 0.061507805225610925
2 0.42417307467074544 0.6807525241483877 0.05407478607452718 0.07584123204592162
2 0.5261125263294364 0.7947733380833506 0.052443465728302066 0.061911930617812534
2 0.4900722070642496 0.9494306336175359 0.07282127128349142 0.10113873276492819
2 0.6548737287091857 0.9643048702967203 0.07516267243806378 0.07139025940655933
2 0.7619030241636977 0.9707521735722228 0.0708263037512615 0.058495652855554504
2 0.267942225825684 0.5977743038031177 0.045777817459794395 0.07768209014393411
1 0.4220928957369308 0.9194595566107859 0.07276066341915736 0.11247770616689491
2 0.5898512247446455 0.43014750464730206 0.0311979989174969 0.03769463141839916
2 0.613967927125127 0.4995643115444346 0.024326283910253387 0.04165923538896487
2 0.6381401453791476 0.4926326420918986 0.039822249999633956 0.05460377332038667
2 0.8045698329707903 0.2850831781463683 0.03540103030276403 0.03989920236939292
2 0.705962236650715 0.24265076079801362 0.032550523087785325 0.03565171062428586