1 0.9368055555555556 0.375 0.050694444444444445 0.06597222222222222
2 0.9291666666666667 0.6048611111111111 0.04652777777777778 0.05625
2 0.88125 0.6104166666666667 0.04652777777777778 0.06111111111111111
2 0.7326388888888888 0.7666666666666667 0.06180555555555556 0.07291666666666667
2 0.6791666666666667 0.8027777777777778 0.06180555555555556 0.08472222222222223
2 0.5659722222222222 0.7694444444444445 0.041666666666666664 0.05694444444444444
2 0.5208333333333334 0.8513888888888889 0.05416666666666667 0.07013888888888889
2 0.5784722222222223 0.8909722222222223 0.035416666666666666 0.04722222222222222
2 0.5229166666666667 0.9604166666666667 0.06805555555555555 0.07916666666666666
2 0.525 0.7125 0.04097222222222222 0.06597222222222222
2 0.4930555555555556 0.5340277777777778 0.03194444444444444 0.035416666666666666
2 0.5361111111111111 0.4840277777777778 0.03888888888888889 0.04236111111111111
2 0.4965277777777778 0.4527777777777778 0.03611111111111111 0.03263888888888889
2 0.39375 0.4527777777777778 0.021527777777777778 0.035416666666666666
2 0.38472222222222224 0.4826388888888889 0.034027777777777775 0.04791666666666667
2 0.40069444444444446 0.5986111111111111 0.04027777777777778 0.05138888888888889
3 0.7861111111111111 0.7055555555555556 0.08611111111111111 0.11041666666666666
1 0.3611111111111111 0.5777777777777777 0.03819444444444445 0.06597222222222222
2 0.2881944444444444 0.43819444444444444 0.03333333333333333 0.05