2 0.2971725425996842 0.5285289549040033 0.0269083119196647 0.04140859884542765
2 0.30381258855116067 0.4904193614696266 0.03624240290398899 0.03324496753222977
3 0.43888676831429874 0.5449027662305898 0.0663489681091543 0.08372983044690253
3 0.3887498353111908 0.41267091882837753 0.07038625769652167 0.08102478210632569
2 0.7907760360286831 0.5552150703407331 0.04960048341113621 0.06678436760429902
2 0.7600701444749693 0.6325201067767049 0.0530574908552353 0.0814161872290997
0 0.6446383042023819 0.5144387308756565 0.06294143442658158 0.08505811147145721
2 0.3618870647953896 0.7506714181069529 0.05817735612494504 0.0870565937947229
2 0.3686451024751996 0.6354178834749088 0.046758017093708776 0.06534699242394279
2 0.36099291352176616 0.590803737010329 0.03616441429979476 0.07626415836918486
2 0.58057237625574 0.7558786024488894 0.06534821045816336 0.09203892063450211
2 0.5055572644081227 0.4862957287121148 0.041685710871947085 0.04582981854229742
2 0.447288619614439 0.48388862770241325 0.042930007903413524 0.05764749567071985
2 0.3691055811070615 0.5061542442253075 0.03921424630071581 0.03746012049036362
2 0.4201577272331577 0.4695148758988517 0.03981165793568569 0.03538890872989731
2 0.7485100430134679 0.5822776753193686 0.04963282768096096 0.06747881204874347
2 0.5356505295487434 0.39229978246374264 0.04204149784002011 0.053468707431186466
2 0.7812002174469563 0.7906559801531333 0.0695148771248297 0.09211165007170305
2 0.8378916518735379 0.7075494419132338 0.051797979045645724 0.08416972186114371
2 0.6836528436739187 0.31843218073115187 0.03672756695136141 0.04366163419889643
2 0.6506962562275173 0.23515084848032164 0.03302893484036531 0.038739915223451264
2 0.27116997316562036 0.2959420670976175 0.03385275636410914 0.04152981457409584