2 0.38387100027920884 0.2892741630333771 0.1275079701069662 0.16701593914528842
2 0.3367750917408395 0.6507942484164456 0.06454050289912346 0.09737054753483013
2 0.202294276381975 0.49981351369695454 0.07949224444875477 0.11989814052731794
2 0.1962438843147539 0.1466889237482344 0.08389985953272093 0.11471093794560293
2 0.4669062397457913 0.43566643615639555 0.09520931784995068 0.13489208833772845
2 0.5843949252674155 0.43766770679093514 0.0799315400721729 0.13373440756280103
2 0.5647517897823088 0.5183069652504041 0.07070541508827641 0.11371112273089289
2 0.5371286118843233 0.8985563299331343 0.08932772606624882 0.1558410257280425
2 0.11776959908526953 0.7494538808681634 0.09448647259805239 0.15140088944417773
2 0.1300292237255429 0.5868175561108444 0.08608236646911357 0.12453840387463673
3 0.2748434517244602 0.2133779513203591 0.14696638573210852 0.2278432202890322