2 0.6801805503326868 0.5251213409841392 0.02708097013934447 0.03492504754944087
2 0.6123313101128072 0.6129013137218822 0.03520089855503557 0.04699735898305827
2 0.7830750277299037 0.6847421652614675 0.027662228812776687 0.03217152030603232
2 0.7833037624659169 0.6563184441079838 0.032026970578714835 0.03717813462335897
2 0.49173495175189164 0.6655534135829659 0.02586185990697408 0.03904321314736876
2 0.4862336258878533 0.7007275749059398 0.039735418977491894 0.056170639967051586
2 0.5104990690307117 0.8707782827096161 0.037212309184491865 0.06232363782957451
2 0.5520089236652422 0.8854035086818474 0.0374669771692693 0.06857363782957451
2 0.4398095811051326 0.8377976737171337 0.038104828728207626 0.06720899947505485
2 0.46594731585767085 0.9779629904378985 0.03848801230236853 0.044074019124202994
2 0.528793962752674 0.8943012127355144 0.03164378700455409 0.044792772977878474
3 0.2701529442825965 0.622449327521241 0.06035534739318298 0.06867946101931592