2 0.48810717901482076 0.6549240169582389 0.03246871326719495 0.032465672077717674
2 0.4648637884509203 0.8813457557746924 0.048710055491141366 0.0785171937226538
2 0.6764011408968682 0.5591446222986851 0.03506222963106641 0.03875203679631814
2 0.7821125570588763 0.5677309314624625 0.028939804041579642 0.03171061976893902
2 0.7744170957781088 0.5330935602503079 0.03506222963106641 0.03875203679631814
2 0.6019397247348602 0.5500128423559011 0.03445275838595434 0.05677122763327323
2 0.4869594677662604 0.5812280548370601 0.03598342208908337 0.04154193614696264
2 0.4854851472319809 0.6994775555584847 0.0494895877464327 0.06258133621903204
2 0.546312135657039 0.8993962193394528 0.049404499935585655 0.07852931529552051
2 0.5915219119530479 0.890957306641354 0.04657003515441494 0.07778638455960858
2 0.6560784490401314 0.4294532132077095 0.029960170102655878 0.044210619768939016
2 0.5623693310785935 0.9171972218648051 0.03197261602886922 0.05187375180356134