2 0.11086018845019754 0.6267199603078902 0.0458579159755515 0.05597992276606871
2 0.08689989898858688 0.5549762503472162 0.04754091210602827 0.048462374226075626
2 0.10237736569563446 0.47814929597974437 0.03569600934706629 0.06023433213270077
2 0.13279620282322785 0.4338871860692657 0.03292118448152617 0.04691854733936067
2 0.2093099984911283 0.5248600563127321 0.044105084174974885 0.04895458475569367
2 0.24826577013787943 0.5504537078103856 0.03273921302568223 0.043446325117138446
2 0.37961705361898984 0.7441104120188737 0.05231742298585118 0.09997260346386048
2 0.5051668802430761 0.8935249056977437 0.05356368762230264 0.08412172159053391
2 0.43445454143219975 0.8467942459838955 0.045927751645651445 0.07052280931643698
2 0.5006175938469787 0.8067193501421882 0.03843739283367521 0.059701674820117505
2 0.500262509672004 0.7600702320155146 0.03833116287240664 0.044464343825304946
2 0.4991037981790783 0.711378227338473 0.05001867681774286 0.08253059878681862
2 0.493347594349936 0.6281257875710702 0.047829113523140794 0.06717192744311042
2 0.4666764098684098 0.5844025360859656 0.05762412432770058 0.06912707129351298
2 0.4141140449254071 0.6048780494854021 0.042637500879273045 0.07379279762383265
2 0.3208184938928583 0.5392623511545881 0.035004517814859464 0.04703988768825632
2 0.15948901703473453 0.5444793381358632 0.03734556409861196 0.038868341486784176
2 0.3013858610973645 0.48745529616797684 0.03193558570773152 0.0413225450008399
2 0.29755855470016745 0.44100841195612955 0.036575378159592255 0.05059300347640914
2 0.26385832554290867 0.4492403043214276 0.03580814513281025 0.04916366780455503
2 0.2437105779173068 0.4901179347096495 0.033615628925970656 0.04695899412232589
2 0.529424304737799 0.45258008001166117 0.029085019347616183 0.039771868980089824
2 0.48689694607634915 0.5449137945866326 0.04593070455788898 0.057368811654957594
2 0.49236103623182437 0.46309753962511885 0.03909839589918865 0.04589367949715906
2 0.45672600381814504 0.46099365888968075 0.03938955022853889 0.051449235052714606
2 0.4164364143914167 0.516279137211305 0.048159615055897435 0.06026792978163119
2 0.36216942358795656 0.47764597926703345 0.039316761646201334 0.05006034616382572
2 0.3416784034363305 0.4189349266189427 0.03401891904106478 0.041443885349735546
2 0.4380999512528396 0.3979945992260277 0.034203843409146374 0.03176210991047854
2 0.43008826071555 0.4311997430764303 0.025940345745912908 0.04581963506526342
2 0.47450516960553857 0.3882120308399798 0.028608940650184423 0.04389808886379127
2 0.1965001673440352 0.4399287510416487 0.03749114126328708 0.04164611926456195
2 0.29692412784479294 0.33586417336426155 0.02247107643592838 0.032463403488957945
2 0.9797607682544961 0.1314476079441759 0.040478463491007866 0.055487712236450625
2 0.6618625453531012 0.36127873043417036 0.03438286195275266 0.04838832979417999
2 0.5514114779631863 0.19426729408043256 0.02254386501826594 0.033852292377846836
2 0.5791164671586266 0.19126053387293301 0.030328331071829952 0.03707498476824256
2 0.3538528483837322 0.2392088541247973 0.03259363586100711 0.04066854733936059
2 0.42706753454854135 0.3735608541875415 0.04026891904106485 0.041807906396422984
2 0.513493423286904 0.2682218788361263 0.03833116287240664 0.044464343825304946
2 0.542966968188426 0.36541735254345314 0.03990202321713936 0.0480174596134576
2 0.6499802889586535 0.21429918890973976 0.03036177245076096 0.05092342687416615
2 0.5079103321768925 0.22814633497317488 0.03021914819832353 0.034991651434909225
2 0.44570443941848037 0.22410720976819465 0.03712719835159927 0.03470167482011751
2 0.6016278501422784 0.36826982277437076 0.037269822604036704 0.05063345025937435
2 0.6709060470363841 0.45409160529193426 0.043810976933386946 0.05655302686161734
2 0.6306646635497751 0.4571319631483642 0.04468739283367521 0.06006569586680478
2 0.6083096351561453 0.5622220566891971 0.04950915674137993 0.0728083765645964
2 0.597787697872527 0.707023673046294 0.05451879792940385 0.06271528416165195
2 0.7772641956862868 0.7822477504057136 0.0561201467408302 0.09327083971720766
2 0.6429127815445446 0.9300822274639611 0.07034249007471326 0.07402178005355418
2 0.7092125523872859 0.9324897830822608 0.06135405950034188 0.06103641865797126
2 0.805270157292107 0.9046050112449014 0.05955302175964587 0.10593262684906854
2 0.7915839851240125 0.3244676217870684 0.04428705563081887 0.05242680697791597
2 0.9048935182664385 0.29348834704224386 0.04793829639664737 0.06925526077644367
3 0.8622372656901357 0.635896106049111 0.11560923865485127 0.15835258469294963
3 0.7388789959285721 0.3289304661813175 0.06748601789012254 0.09877909935576289