2 0.21083467337028317 0.12593518107850332 0.06501529340405736 0.07917286777945734
2 0.23825284620219683 0.05292392257783628 0.09120994114865874 0.07793206775435968
2 0.7384245866523574 0.6280201793759177 0.0450852460988939 0.07109591341198546
2 0.6411633220795786 0.5630871712852109 0.05102928394302479 0.07697504323126307
2 0.6817715039243443 0.6205368765060991 0.060042461281364326 0.08718262684906854
2 0.7398569533233955 0.5576790565722024 0.05188400968512307 0.06941704790830477
2 0.8751174505878353 0.3284843453481518 0.053709941148658735 0.07574794147423537
2 0.7594949918397967 0.3566137419470356 0.05429266458152142 0.0840812748075687
2 0.7967518668732722 0.262560067064174 0.04725109956493315 0.08228791808902708
2 0.6461688199042441 0.16244687189180163 0.056167156331129 0.09110661281794362
2 0.5495052027399312 0.19865322285815737 0.05952765754176931 0.09960173328313802
2 0.44815979163319136 0.12232597617558273 0.05359822013707698 0.08404082802460336
2 0.3032786281502653 0.21987306870401555 0.059348016836920044 0.08714218006610332