3 0.5641578544478782 0.6202203262538338 0.04126311371277009 0.05166949012243075
1 0.40073762407153846 0.7074538422991122 0.05677926090641342 0.09326423408522039
2 0.2631684783532951 0.5817782415214656 0.046899472460144406 0.0657847505533441
2 0.65418653134661 0.9319044558019727 0.061591890102433114 0.08512897585115853
2 0.46134417823897944 0.7376309406684846 0.0511954242337211 0.08817675143208482
2 0.48450325448110254 0.7783638247243001 0.0615676491448874 0.08096230918449186
2 0.5879229546286426 0.765119876976316 0.058095426922665186 0.08082082697072666
2 0.4164184917980156 0.5373302832285942 0.040613111023825844 0.059280082568566504
2 0.4265967890488167 0.4959336143650761 0.03501311371277009 0.051414822137653166
2 0.5536599215841953 0.48728314311904336 0.049640888801603625 0.059647936324356325
2 0.6156145000394182 0.3909864632712677 0.03844089417949179 0.043917415462529634
2 0.5934407597322873 0.400225282772699 0.018956048139138044 0.036180670620999285
2 0.6598295813975739 0.5885376393761333 0.041323716106634205 0.06208615678909742
2 0.5721073726200722 0.5539085467185748 0.04399644973504735 0.04414378700455409
2 0.7889180960164203 0.21166183391802668 0.0293605943270317 0.03452178392896196
2 0.6165235359473801 0.5472364632712676 0.03569543767844152 0.04935978524707296
2 0.6218811236829794 0.5129823139514654 0.02799190623609762 0.03793741326567815
2 0.4960861382539589 0.6202155998658563 0.03565099592294132 0.04172089635818407