2 0.6770282827096161 0.4795366362154296 0.031170639967051588 0.03767372686241054
2 0.6068607474789413 0.5777194904099008 0.03649251123117886 0.050896452423991594
2 0.5356548350778044 0.5467558787356602 0.02678571849106169 0.031399485904864834
2 0.493957309446928 0.5853942777299108 0.03248677725283263 0.035598473848259
2 0.48718483136549223 0.6499250889885619 0.028990304496241178 0.03488382860585991
2 0.4817196695175732 0.6922457985037636 0.04070767896658399 0.05230958227042619
2 0.5161420937125308 0.882685182665179 0.040853182172799686 0.056476248937092854
2 0.5608047929662987 0.8891937528789994 0.04074075055321771 0.0731388754441683
2 0.4372002902850281 0.8488993514576603 0.03764771582863947 0.06409493702802693
2 0.5321231369870174 0.9029129550650686 0.029523816252365186 0.05016160638363753
2 0.7833312090232023 0.6009638730086313 0.035434308771195334 0.04047574559773387
2 0.7858356224930775 0.6329163977722576 0.026164025649724938 0.03347877907860727