2 0.6411727470471176 0.5907982250380611 0.03245451286346805 0.0418063380068664
2 0.465634048597611 0.5557435077151615 0.03724473656745918 0.04966359264276798
2 0.6851632370183588 0.4584957435064041 0.045677243503851626 0.0597861520678467
2 0.6277513253660716 0.5265030931218403 0.050538354614962894 0.060040912106028244
2 0.6346956551990014 0.49225694959704985 0.03221356444616864 0.047325499271253256
2 0.7779359306145216 0.6265021337775233 0.05266417454796258 0.06914147846614359
2 0.8195890845465487 0.8193147409438482 0.06777177670404626 0.10174102015162607
2 0.8902948434693687 0.8086944730913571 0.08435335555986588 0.11851391677956132
2 0.6086760914185271 0.7432425483708446 0.04710861899240686 0.06885032413679318
2 0.7421931131081938 0.5730574471097569 0.05140286006958693 0.06216063973053044
1 0.8805295615899076 0.6487843735888156 0.1304702385216795 0.09050596160582039