2 0.8569444444444444 0.12638888888888888 0.03611111111111111 0.05138888888888889
2 0.3486111111111111 0.46597222222222223 0.034722222222222224 0.050694444444444445
2 0.8951388888888889 0.5875 0.05694444444444444 0.09166666666666666
2 0.8416666666666667 0.55625 0.05277777777777778 0.06388888888888888
2 0.32013888888888886 0.6180555555555556 0.049305555555555554 0.07013888888888889
2 0.4048611111111111 0.5673611111111111 0.05277777777777778 0.06388888888888888
2 0.5541666666666667 0.75 0.05 0.07916666666666666
2 0.5208333333333334 0.8069444444444445 0.06805555555555555 0.11527777777777778
1 0.6534722222222222 0.5902777777777778 0.043055555555555555 0.0625
2 0.7111111111111111 0.7326388888888888 0.05138888888888889 0.08888888888888889
2 0.6659722222222222 0.7409722222222223 0.0375 0.05763888888888889
2 0.5395833333333333 0.43194444444444446 0.04236111111111111 0.050694444444444445
2 0.5326388888888889 0.5118055555555555 0.04027777777777778 0.05
2 0.5715277777777777 0.5541666666666667 0.043055555555555555 0.0625
2 0.925 0.5027777777777778 0.04861111111111111 0.059027777777777776
2 0.9020833333333333 0.44722222222222224 0.05 0.06597222222222222
3 0.8034722222222223 0.4131944444444444 0.0625 0.07777777777777778
3 0.28680555555555554 0.45902777777777776 0.07083333333333333 0.07152777777777777
2 0.5020833333333333 0.3020833333333333 0.027777777777777776 0.03958333333333333
2 0.49444444444444446 0.36875 0.034027777777777775 0.03333333333333333
2 0.4826388888888889 0.4173611111111111 0.030555555555555555 0.03125
2 0.27291666666666664 0.3347222222222222 0.03333333333333333 0.04791666666666667
2 0.29444444444444445 0.32569444444444445 0.02361111111111111 0.049305555555555554
2 0.33125 0.37083333333333335 0.022222222222222223 0.04375
2 0.21736111111111112 0.5173611111111112 0.041666666666666664 0.06388888888888888
2 0.1625 0.44583333333333336 0.02847222222222222 0.03680555555555556
2 0.04861111111111111 0.4895833333333333 0.03611111111111111 0.04791666666666667
2 0.4722222222222222 0.6527777777777778 0.04583333333333333 0.06388888888888888
2 0.5958333333333333 0.6631944444444444 0.05347222222222222 0.0798611111111111
2 0.16805555555555557 0.6527777777777778 0.05277777777777778 0.06875