2 0.7033068914098476 0.5746193454877623 0.029869717892942224 0.04248789562082101
2 0.5233644440797046 0.5437513392220112 0.03416972186114372 0.05044251563014449
2 0.7343613690442191 0.44153794096872884 0.041978312770167905 0.06074357823983042
2 0.6834174635603667 0.5107623577519408 0.04683942388127933 0.0611119312136708
2 0.6869901731565592 0.4764188488537283 0.029272246031432143 0.04799082932297078
2 0.8443362067053679 0.6070452866553485 0.048385893217436485 0.07024495269826032
2 0.9053933791426996 0.7985110061560016 0.061443485569310494 0.10313659050400917
2 0.9684555112707038 0.7862517545175723 0.06308897745859225 0.12026649350115848
2 0.685810505405925 0.7275342681254191 0.04283033766188124 0.06982397787101415
2 0.803088703098245 0.5545417985973288 0.04757023304432424 0.06324788640040993
1 0.943571635008577 0.6268771645688523 0.1128567299828461 0.093394467684008