2 0.5951170471028824 0.6550948837148323 0.05595662978502326 0.07121473345340108
1 0.6249636973510252 0.8768585584064621 0.05474632715669022 0.05524251123117886
1 0.7083496525377644 0.87907417808633 0.08662778939755955 0.06466711861112913
1 0.8754389342367969 0.7874295787690397 0.1394374683284048 0.0852116581544553
2 0.8489439815385366 0.8338515333570761 0.0461188035058203 0.07848986432675088
2 0.7705148409221109 0.7754101642115775 0.059534095714057066 0.07272487501413644
2 0.7280812073598153 0.7105666834300227 0.0579873412649508 0.07059304061206449
2 0.5916080031122338 0.9494996481428024 0.05626200055528885 0.08438492736347598
2 0.8391977582057368 0.9826268224965661 0.08133534310903327 0.03474635500686784
2 0.6186005536017238 0.7311134061583415 0.04635001161978178 0.06326058761771189
2 0.41046734733184437 0.7120084397576361 0.04228858865992669 0.06450397330038476
2 0.6498219328588957 0.5671848372529785 0.046455255326593364 0.06464947650660062