2 0.6798611111111111 0.6486111111111111 0.030555555555555555 0.03680555555555556
2 0.40625 0.775 0.03680555555555556 0.06597222222222222
1 0.9333333333333333 0.7180555555555556 0.13194444444444445 0.1076388888888889
2 0.5986111111111111 0.8826388888888889 0.04513888888888889 0.06736111111111111
2 0.4909722222222222 0.6104166666666667 0.03194444444444444 0.049305555555555554
2 0.6597222222222222 0.5833333333333334 0.043055555555555555 0.06319444444444444
2 0.7111111111111111 0.5055555555555555 0.03680555555555556 0.05277777777777778
2 0.6680555555555555 0.8340277777777778 0.04652777777777778 0.07777777777777778
2 0.7895833333333333 0.6333333333333333 0.04861111111111111 0.06458333333333334
2 0.8256944444444444 0.6965277777777777 0.04791666666666667 0.06527777777777778
2 0.9652777777777778 0.8819444444444444 0.06875 0.09652777777777778
2 0.89375 0.9090277777777778 0.05694444444444444 0.1
1 0.7729166666666667 0.7798611111111111 0.07569444444444444 0.06458333333333334
1 0.7 0.7652777777777777 0.04861111111111111 0.05625