2 0.4993688090934183 0.3092292440632429 0.031516650533002157 0.04820131673659379
2 0.8108394944081232 0.22384909818189422 0.03916361974107316 0.050169046012946375
2 0.6984485787170787 0.21362383843363195 0.03227977769049251 0.06005949414555513
2 0.04638001700651668 0.6184334487770055 0.049116131059978765 0.09048908529396063
2 0.3183118107433886 0.5284138596508977 0.08822318856677845 0.13093590908468494
2 0.3812921267295132 0.5604308265465265 0.0399227067389723 0.06133277897746328
2 0.4251426677140892 0.6591463612618894 0.057360580882311434 0.07584276975705236
2 0.36858919273957125 0.8348838873121303 0.05983176953637515 0.1426673019839364
2 0.4512200013092782 0.8300107756457303 0.07562622473659594 0.11332204905671403
2 0.6589729406771083 0.5560487518508779 0.05675097978927681 0.09037348123698005
2 0.6745820115413432 0.4979466266315061 0.06292017659745788 0.07695818902874313
2 0.6929284585874467 0.4465784584429555 0.06226209358933185 0.08315556717533733
2 0.5494698130831918 0.2880793595069151 0.04266816324002257 0.05598771083553089
2 0.49336121866887483 0.2680361740772284 0.04201816055107865 0.06357397787101399
2 0.4815107583526214 0.39596145706505437 0.04830452198739705 0.07029757455166595
2 0.767563918213867 0.7421789434572077 0.10382821927142251 0.18834358985961236
2 0.885635171402589 0.8498472731914847 0.12179489131597734 0.17443398027038484
2 0.9617385979761133 0.5351889570992874 0.06945702792841454 0.12673734126495081
2 0.8013663730649471 0.5397057163471356 0.04566410963571141 0.0936981982491539
2 0.704989007202429 0.28254206434401846 0.04894240419756828 0.06062797418284968