2 0.735665446001086 0.56691984028547 0.05619884114764299 0.06865993145482147
2 0.27003848987280876 0.4644093289446707 0.03357628172256418 0.05959697785980893
2 0.39206493542231585 0.6930129282310004 0.037633765515724664 0.05778065665887387
2 0.6775898256181718 0.5548928391206284 0.046261206090645775 0.050720294056847595
2 0.4232490120087705 0.8258204990033233 0.06182127946106072 0.09670472136499736
2 0.5022868596398711 0.5907225436938612 0.03635701241257973 0.04662504352569638
2 0.5406967169190905 0.610486763996556 0.04077548620519009 0.06490310919158383
2 0.5225310191457117 0.44875262457651577 0.03208116287240664 0.04427469805996477
2 0.539294097692617 0.3460100226159728 0.03025554248949239 0.03585236068249876
2 0.6459178586853347 0.4788072026824182 0.04195191517154152 0.034525561724293635
2 0.5905383687611477 0.5050191479840874 0.05031278405933064 0.07520385770066866
2 0.8070565053509016 0.5292759435133936 0.051850203025132185 0.06492069710020114
2 0.862569760790813 0.5584415456790145 0.0676768480826796 0.06316646582994975
2 0.9644809407493325 0.6805550469463951 0.06709453942397911 0.052055354718838646
2 0.7893048751179639 0.6395684303186927 0.051116411377281505 0.07733169305606838
2 0.7190508975310934 0.6592902776014127 0.05564702095563613 0.0845431496329111
2 0.9301934564532148 0.8583069751117696 0.07300813206674725 0.08565570018457025
2 0.8561485667603161 0.8321064850170236 0.08352807578244463 0.11470644869365508
2 0.7400278144611812 0.835046811976541 0.06989689984397514 0.10552757694106087
2 0.6916655575637762 0.8630926663877627 0.07735381727701988 0.10254487696156882
2 0.5982135770619187 0.9764327315081421 0.056999515553356 0.04713453698371571
2 0.634193875569543 0.928620932890367 0.05681163827303679 0.10676537185513332
2 0.17055782803020159 0.5867671862351835 0.04838093371514785 0.05154824456749117
0 0.453838083822544 0.35299177187974357 0.04618546459607052 0.06248134759033685
3 0.27806494497128664 0.36664375625282053 0.048708482335666915 0.05779824456749117