2 0.2548611111111111 0.21666666666666667 0.03194444444444444 0.04236111111111111
2 0.3416666666666667 0.2423611111111111 0.03888888888888889 0.05
2 0.5479166666666667 0.16180555555555556 0.030555555555555555 0.04236111111111111
2 0.7583333333333333 0.20972222222222223 0.03333333333333333 0.04097222222222222
2 0.8013888888888889 0.14791666666666667 0.03888888888888889 0.03888888888888889
3 0.5006944444444444 0.4013888888888889 0.09097222222222222 0.1
3 0.6055555555555555 0.61875 0.1 0.12986111111111112
2 0.6972222222222222 0.37777777777777777 0.04513888888888889 0.06458333333333334
2 0.7375 0.4736111111111111 0.04513888888888889 0.07222222222222222
2 0.6840277777777778 0.45416666666666666 0.05625 0.07222222222222222
2 0.68125 0.5194444444444445 0.05694444444444444 0.06319444444444444
2 0.40902777777777777 0.5763888888888888 0.04583333333333333 0.0763888888888889
2 0.6048611111111111 0.5138888888888888 0.05277777777777778 0.07430555555555556
2 0.5652777777777778 0.4979166666666667 0.05138888888888889 0.041666666666666664
2 0.5041666666666667 0.5451388888888888 0.04791666666666667 0.06041666666666667
2 0.4444444444444444 0.4826388888888889 0.04861111111111111 0.06458333333333334
2 0.41944444444444445 0.5270833333333333 0.04513888888888889 0.04513888888888889
2 0.5236111111111111 0.6909722222222222 0.05486111111111111 0.09861111111111111
2 0.5368055555555555 0.7631944444444444 0.06805555555555555 0.10486111111111111
2 0.5486111111111112 0.9430555555555555 0.07291666666666667 0.11388888888888889
2 0.8902777777777777 0.9597222222222223 0.09166666666666666 0.08055555555555556
0 0.8965277777777778 0.5694444444444444 0.09097222222222222 0.13680555555555557
2 0.8652777777777778 0.65 0.05347222222222222 0.08125
2 0.9784722222222222 0.6458333333333334 0.04236111111111111 0.0763888888888889
2 0.9618055555555556 0.5618055555555556 0.04861111111111111 0.07777777777777778
2 0.8694444444444445 0.26319444444444445 0.043055555555555555 0.052083333333333336
2 0.95 0.28055555555555556 0.049305555555555554 0.06111111111111111
3 0.7375 0.12013888888888889 0.04583333333333333 0.059722222222222225