2 0.4659844979922544 0.8568717307413937 0.03321000815217777 0.06899885421370616
2 0.5145860902621687 0.7593308186353653 0.03881340752465531 0.047104180612003194
2 0.3862265057926887 0.9290034469078525 0.04056600926652562 0.059676969194340596
2 0.41415641488615035 0.826998807981332 0.029697373390735353 0.06742799386897344
2 0.14953500618803003 0.4608917860197815 0.028235090701107957 0.04100271068891569
2 0.6362499682130104 0.795944584654047 0.029151804111263384 0.048677993868973445
2 0.7092634911007374 0.6458137720505602 0.03864432609007275 0.06512334187638974
2 0.6522477404190493 0.7465691934283917 0.04342461212274379 0.06260032413679319
2 0.7887374269385453 0.7740853459991958 0.04303326172245047 0.07298059651229147
2 0.8282197289238281 0.7754830936247976 0.03664181783518011 0.06779193678066109
2 0.8625559444599639 0.7154392286065316 0.04248026116527639 0.07780531333223356
2 0.8198088266627662 0.6594351299080001 0.04072765942340639 0.06523252474989616
2 0.9435209691219277 0.6494847238577353 0.05028080021104605 0.08376120609064577
2 0.938969214745453 0.8535786019420644 0.06542990909346176 0.10396993064963453
2 0.45942722882111314 0.7247787562200364 0.03227308847241248 0.06062912658920412