2 0.2585020232205263 0.6005850628424139 0.02349556214611002 0.03189660062752261
2 0.2664651396040809 0.5757871255385146 0.023127708390320204 0.022868822849744834
0 0.5380318172550052 0.5315438248138926 0.04582860694535577 0.06930834427138058
2 0.3211175721855273 0.6336940396465413 0.04470971585961539 0.05887147133510382
2 0.45921531133176846 0.46945746904729097 0.03191378480770261 0.034222409196176945
2 0.4271341110615364 0.5401365835014453 0.03316119148282613 0.030790599513174914
2 0.36029766573835137 0.5423634482855443 0.029604079932344814 0.028606234831791096
2 0.383710701750191 0.5479115725633981 0.034861341241998724 0.038469900941283997
2 0.573957819891227 0.5200743445640067 0.03572556434296151 0.0426567738775606
2 0.5835409230936727 0.5578976448777679 0.03744104392050518 0.03368961490861311
2 0.5846904738161549 0.5808749303532649 0.03199867413596185 0.03630574252951028
2 0.5686298484172466 0.7361475981342794 0.04901786474004726 0.062464931174986305
2 0.6275267474116524 0.6898878455756392 0.049514234085220384 0.05762402633348561
2 0.677606910351934 0.6211229830202358 0.05613208784101005 0.06683366053775394
2 0.6185484729374143 0.5860317042308255 0.04315104831420816 0.05466439212921696
2 0.6182631453158949 0.558907958358272 0.03463496969997411 0.03291434538572828
2 0.6462519648173262 0.537473780650843 0.03878630654827001 0.04968204340044543
2 0.8525562563939562 0.9175306917675696 0.07159261089968823 0.08878576997734342
2 0.7945247311549511 0.7719217149634422 0.06268038208691186 0.05731350101163268
2 0.7226444294397546 0.7955551199076586 0.06362713132214487 0.09757107251980036
2 0.654515800525884 0.9609041840558115 0.05770372201079965 0.07819163188837719
2 0.5957120310961418 0.9246579116147833 0.05562038867746632 0.08832102577631153
3 0.3366275985477453 0.5089971336906924 0.053099642078454835 0.06050283545931355
2 0.47577000476697373 0.6945106565784195 0.0462966798477756 0.06377299498543512
2 0.5128868211928129 0.6879426999788649 0.030694674575332058 0.03834866332362342
2 0.5480464566807132 0.661155029411981 0.04091326614272724 0.033790646256663434