2 0.30893718424720257 0.37226635692097493 0.07280611647741948 0.09411597063796286
2 0.019685688689814296 0.6912963002212871 0.03937137737962859 0.19844356999295013
2 0.30590624380569054 0.4764330235876416 0.09868241734835471 0.10126324040962578
2 0.7838967717079823 0.39024261131844407 0.08208380076821982 0.07917770034135477
2 0.5925768677753988 0.25217821116067934 0.07287416656395149 0.0726124433945543
2 0.45914459065751 0.3225948601648875 0.06825553068816122 0.08077602298730278
2 0.47135635916876223 0.3807187597411617 0.06907121275026624 0.08496694018833877
2 0.9192858008273372 0.3720305483194156 0.1331270955102424 0.14062171050379518
2 0.8070514888720418 0.6934414692327637 0.13419802779957687 0.17742726605935072
2 0.8948230198528293 0.06600541155857956 0.1026948651358424 0.07226632748354404
2 0.28545799818216533 0.27134483661494274 0.05294477164886505 0.05526676176554817