2 0.38629048463850746 0.4259746109186319 0.04812510169428366 0.06578303855422152
2 0.49198727992381935 0.3817535958123628 0.038167047908304774 0.04928500815345084
2 0.7168727887089585 0.38249728023754004 0.06229026892989459 0.08321819409722828
2 0.8195696729208056 0.37790004524756954 0.06282292624247784 0.08048086310241571
2 0.8459037687374152 0.2822421973141671 0.05237266192688076 0.06741460814090196
2 0.9424364515854952 0.07452991201462689 0.05429420812835322 0.06475817071201999
2 0.6073570574506205 0.11204037017647551 0.03963683036312426 0.05075479060827025
2 0.5519104400183794 0.23223275609515526 0.048745501706832464 0.052669487675707595
2 0.8663645669259453 0.8340293529199181 0.0913822431434211 0.14304805840027623
3 0.614820092017986 0.7919288778237262 0.12740496353332276 0.22681260807815798
2 0.7571225219293524 0.2618058346552073 0.04360126311496452 0.047525249083839566
2 0.6124197544553137 0.036999923393510235 0.03534882334756178 0.04842877657714529