3 0.6784722222222223 0.6222222222222222 0.059722222222222225 0.14305555555555555
3 0.46111111111111114 0.7638888888888888 0.05 0.09652777777777778
0 0.5430555555555555 0.3034722222222222 0.06111111111111111 0.11388888888888889
3 0.5763888888888888 0.225 0.041666666666666664 0.06388888888888888
3 0.6152777777777778 0.20972222222222223 0.044444444444444446 0.07430555555555556
0 0.3090277777777778 0.4236111111111111 0.06805555555555555 0.08611111111111111
0 0.2423611111111111 0.5145833333333333 0.059722222222222225 0.11597222222222223
0 0.3375 0.78125 0.07777777777777778 0.16041666666666668
0 0.4354166666666667 0.5701388888888889 0.059722222222222225 0.11875
0 0.4361111111111111 0.2916666666666667 0.03611111111111111 0.06388888888888888
0 0.8444444444444444 0.1638888888888889 0.06944444444444445 0.10138888888888889
0 0.7402777777777778 0.4409722222222222 0.07777777777777778 0.14097222222222222
0 0.6638888888888889 0.7541666666666667 0.05555555555555555 0.13055555555555556
0 0.9381944444444444 0.8472222222222222 0.12361111111111112 0.2222222222222222
1 0.9479166666666666 0.14444444444444443 0.10416666666666667 0.09652777777777778