0 0.8112456689549314 0.6312433586891453 0.07768520088514808 0.12138388100570126
0 0.7261155834558483 0.5149255109962694 0.07639331413373643 0.12407265473934644
0 0.66120817212345 0.4816646582994972 0.07313052566857342 0.11000575776219203
0 0.7173919995127518 0.22543118170706883 0.0702557457533184 0.10704997189614882
0 0.6319025812429774 0.2178740996595726 0.06986773720341025 0.0959388607850377
0 0.5942217938277042 0.13092677633403213 0.08022047331923356 0.11461744464952237
0 0.7244532713841949 0.11017099183790843 0.05544533655839751 0.07977104256593262
0 0.5613933259087089 0.2424570580534037 0.08289242790726976 0.09192328809318756
0 0.3920083867702603 0.09441007882367518 0.06486994393834777 0.11155506683072901
0 0.49494270142894187 0.1848461477790095 0.06675045194446277 0.08603863047455004
0 0.44653441564504925 0.20738094865674203 0.06480380076508065 0.06997740420819507