3 0.04861111111111111 0.8208333333333333 0.08888888888888889 0.14583333333333334
3 0.19444444444444445 0.35694444444444445 0.07777777777777778 0.14097222222222222
0 0.7145833333333333 0.14305555555555555 0.03194444444444444 0.08402777777777778
0 0.3888888888888889 0.10833333333333334 0.06111111111111111 0.049305555555555554
0 0.3236111111111111 0.23333333333333334 0.06388888888888888 0.09166666666666666
0 0.28125 0.3333333333333333 0.09305555555555556 0.11388888888888889
0 0.34652777777777777 0.4527777777777778 0.0875 0.16527777777777777
0 0.23680555555555555 0.5583333333333333 0.09027777777777778 0.1527777777777778
0 0.34652777777777777 0.5840277777777778 0.06527777777777778 0.10625
0 0.36875 0.7618055555555555 0.08194444444444444 0.15069444444444444
0 0.26944444444444443 0.7972222222222223 0.06388888888888888 0.1527777777777778
0 0.18333333333333332 0.9402777777777778 0.1111111111111111 0.11944444444444445
0 0.4027777777777778 0.8826388888888889 0.08055555555555556 0.16041666666666668
0 0.4777777777777778 0.6583333333333333 0.07222222222222222 0.1111111111111111
0 0.5173611111111112 0.5506944444444445 0.07083333333333333 0.08402777777777778
0 0.7034722222222223 0.8569444444444444 0.0625 0.10347222222222222
0 0.9430555555555555 0.6111111111111112 0.058333333333333334 0.0763888888888889
0 0.7826388888888889 0.7381944444444445 0.07083333333333333 0.09375
2 0.25833333333333336 0.9256944444444445 0.044444444444444446 0.08402777777777778
2 0.40694444444444444 0.61875 0.030555555555555555 0.06666666666666667
2 0.06041666666666667 0.5347222222222222 0.05138888888888889 0.06666666666666667
2 0.4215277777777778 0.44930555555555557 0.03194444444444444 0.05416666666666667
2 0.5479166666666667 0.45069444444444445 0.029166666666666667 0.04722222222222222
2 0.08611111111111111 0.1951388888888889 0.025 0.029861111111111113
2 0.4548611111111111 0.08888888888888889 0.02638888888888889 0.03958333333333333