2 0.6638888888888889 0.45694444444444443 0.03333333333333333 0.05416666666666667
2 0.5840277777777778 0.35833333333333334 0.020833333333333332 0.029861111111111113
2 0.8895833333333333 0.6951388888888889 0.05416666666666667 0.07152777777777777
2 0.8493055555555555 0.9333333333333333 0.04027777777777778 0.05416666666666667
3 0.5215277777777778 0.3972222222222222 0.034722222222222224 0.059027777777777776
0 0.45625 0.21944444444444444 0.09027777777777778 0.11875
0 0.47847222222222224 0.5333333333333333 0.07916666666666666 0.13819444444444445
0 0.5513888888888889 0.5618055555555556 0.05 0.13055555555555556
0 0.4666666666666667 0.6520833333333333 0.08611111111111111 0.1284722222222222
0 0.5986111111111111 0.6854166666666667 0.05555555555555555 0.10138888888888889
0 0.5944444444444444 0.7888888888888889 0.07222222222222222 0.10625
0 0.6041666666666666 0.8854166666666666 0.058333333333333334 0.08611111111111111
0 0.3645833333333333 0.9493055555555555 0.06805555555555555 0.10138888888888889
3 0.6986111111111111 0.91875 0.075 0.14305555555555555
3 0.6847222222222222 0.5506944444444445 0.06666666666666667 0.09375
3 0.7472222222222222 0.3923611111111111 0.1361111111111111 0.2076388888888889
3 0.12638888888888888 0.6284722222222222 0.2222222222222222 0.23958333333333334