2 0.745460456805646 0.46430230515817356 0.06329181566900009 0.05979288040631319
2 0.5685768124015823 0.40272292455861763 0.05071902708666269 0.057383625456348064
2 0.46389176692183975 0.4412571471888772 0.056201794059880524 0.05644823259460405
2 0.21692725765003668 0.45304770006010386 0.052838754711164726 0.05824813091097177
2 0.7337788486847848 0.4010936603100022 0.048490116588654236 0.054435786668390856
2 0.975778010452129 0.2014062984150236 0.04282537815959226 0.0518989573079125
2 0.904303310215342 0.4610998906067628 0.059853034825709035 0.07334164727484323
2 0.6228959214017163 0.5342848749945517 0.047974690687816075 0.07098907932827118
2 0.8009815367586666 0.7784889440792695 0.08502614754483993 0.11826787394237183
2 0.633487619476148 0.8960762301463804 0.08780392532261772 0.1184946219559445
2 0.8551550685941254 0.9072731167374257 0.0757554213778314 0.060118802022944985