2 0.524893361492341 0.02410817312433685 0.025490361828476516 0.038408044995927676
1 0.4532005434491519 0.051234984239819176 0.036101269639430535 0.04191422706478368
1 0.5180124013095718 0.1323929461715983 0.035100863039116664 0.04737266204819548
1 0.46824568480441603 0.19184792505234255 0.024004352367443794 0.03692203553489498
0 0.026859995712891358 0.8040892290378838 0.053719991425782716 0.07119737371078985
0 0.19841405221605768 0.6115246823831353 0.05227249197369801 0.07552432167511035
0 0.23490856311182096 0.5343394695099006 0.03982105225976985 0.07534468097026077
0 0.2575875108520511 0.605313724733692 0.04230746832111628 0.0713722554478816
0 0.3081511984138833 0.712345771814765 0.052063650389972335 0.08242020583348272
0 0.3240792957816259 0.5833879467318239 0.03941796953175675 0.07946278735085552
0 0.33707441657785997 0.5161385566322947 0.03991817283191368 0.07673356985914966
0 0.41177288985358285 0.37685166751931554 0.04923731232612264 0.08153152024475077
1 0.323505443211948 0.3346505141696929 0.03630502871923337 0.10412286534835241
1 0.4350637619055518 0.4588399132820743 0.06142659120249571 0.058197170410632756
2 0.727542000068333 0.6146052810298513 0.04732886072988107 0.06412184884756773
3 0.534467408641747 0.7469667615694163 0.06608361969763873 0.09514840682440422
2 0.369027731885489 0.2568340175775238 0.028719782620339314 0.03517862420406491