2 0.37792712065914846 0.4664246939502062 0.0311696805997572 0.05473586674869782
2 0.3672195526557546 0.4420922242812016 0.030491397340686413 0.05608025361552033
2 0.4648681001838772 0.23360059977031178 0.03037018845038359 0.04566358694885366
3 0.6209711899356359 0.03478370450555684 0.05292371497276728 0.06956740901111368
1 0.786849850731997 0.4311852251753394 0.03952774223777706 0.11703094454698339
0 0.44158361846662186 0.6812585160083661 0.05816461394016099 0.10851027692055308
0 0.4837603355258127 0.8418718431729613 0.05403026964424179 0.11102104256593243
1 0.5073557719781759 0.8987366097781045 0.07798884624088803 0.1423952224273001
1 0.4871674264799141 0.7763270532627854 0.06272674312185794 0.08312734663057313
1 0.40003378195062517 0.15644478580041732 0.028900493634625945 0.03863013846027654
1 0.44458278757337283 0.10285770992165916 0.0277217001555957 0.05659668997169934
1 0.37895900388993764 0.25647996161765213 0.041481299561494704 0.04637561930191557
1 0.45263621932242126 0.43661847556703876 0.0261550382275958 0.04122990814978888
1 0.4982832124973309 0.35794239564414787 0.045712610969656314 0.052198186989869236
2 0.334080640073532 0.5206617122513424 0.03394745837753498 0.05491387483696333
1 0.29721949342242016 0.6376926567983259 0.03361712713062543 0.1457970930150528
3 0.0524532848503788 0.8048797635207744 0.04121512652945404 0.0831366728354049