2 0.7882341244609188 0.01875 0.04297619552260699 0.0375
2 0.39678341166885883 0.7284722222222222 0.04447972865350178 0.08055555555555556
2 0.3780510537733875 0.6881944444444444 0.048476641579583674 0.07569444444444444
2 0.3377446002163928 0.8083333333333333 0.04668431465868158 0.08402777777777778
2 0.50937604743635 0.4076388888888889 0.04097443484464615 0.059722222222222225
3 0.8479475256308765 0.03888888888888889 0.1047751426483223 0.07708333333333334
3 0.7163535929048591 0.16805555555555557 0.07396165226696906 0.08958333333333333
1 0.41122130067083834 0.2951388888888889 0.03632275749059393 0.04583333333333333
1 0.4752336548539974 0.23194444444444445 0.03558863302967536 0.06458333333333334
1 0.3888491499975529 0.41875 0.06314815599812976 0.058333333333333334
1 0.5045523742818584 0.7048611111111112 0.05075397918787117 0.08125
1 0.5753570612734057 0.60625 0.07194224948447925 0.07152777777777777
1 0.9621427621020088 0.70625 0.02925045194446246 0.08194444444444444
2 0.8068606591666485 0.08194444444444444 0.028441363258012428 0.03888888888888889
1 0.18185399186194603 0.4798611111111111 0.029726641579583674 0.07569444444444444
1 0.11188043146879441 0.5944444444444444 0.018921966363008694 0.06458333333333334