1 0.7875509199079515 0.8181064605003695 0.21536384559608765 0.36378707899926105
1 0.9424666904758766 0.10067917103423438 0.08493338095175318 0.09652028062249861
1 0.9176899707782746 0.19150330439266539 0.0982384967517583 0.22286187359438733
1 0.9503384352446328 0.3628891944194426 0.0993231295107345 0.2254305683233039
1 0.9245036239165816 0.4995062143282417 0.15099275216683672 0.21886319517237243
1 0.8610708712099577 0.3658026588354303 0.1252404938660599 0.18003530046855348
0 0.8349142297968147 0.21859413488127788 0.1232384967517583 0.2243179577811369
0 0.7265515613269526 0.13111533030462688 0.11057582431369452 0.13478192036480377
1 0.704852143937763 0.27900524845639807 0.2543586742412591 0.18478062432231532
1 0.7544087377324858 0.33600318993063344 0.0999890952353752 0.40264209113956795
1 0.698172436505112 0.45274454905043987 0.11065364574169065 0.2187288045766511
1 0.6575533170957868 0.5898201818399268 0.10244152813702544 0.22518788762551228
2 0.5495738073583849 0.16659428719885203 0.08579401262529732 0.14582583617805417
2 0.4969899747464762 0.1746314428046029 0.09190716053272657 0.17809385488622073
2 0.402524801947334 0.12819890488206973 0.12649604545341364 0.17247730514559514
1 0.5839445039674694 0.14847773745822646 0.16233345237938326 0.2383885331827474
0 0.5938724325369104 0.43903864271676113 0.13843142351946844 0.22034667589526166
1 0.7589750559122402 0.6373516320365571 0.3349779920606674 0.43159088155960573
2 0.3679011295078055 0.25105522538491065 0.1232384967517583 0.2243179577811369
0 0.4100733874438428 0.32219158557986133 0.1673243860009936 0.28585343610276115
0 0.237995046896263 0.20117101264226 0.1711516486273892 0.2666516723561083
2 0.2408956176024683 0.3276003483141141 0.12499297041792833 0.08636619403448406
0 0.28952709667675997 0.6495524933024052 0.18309405627551567 0.23543527000503875
1 0.37958668614293506 0.6423105750878897 0.22958510894317577 0.5142509658718435
1 0.2701827792147688 0.8829145192143666 0.16121123809356436 0.23417096157126688
0 0.15734567315729156 0.4295698384538308 0.19427086724175596 0.3193348582998858
2 0.06032284848325077 0.2366095227535199 0.11521523232216718 0.1621079343959287
2 0.19655093974895985 0.8400126753890617 0.16124057323009314 0.3199746492218768
1 0.08855349566486158 0.8959142268992638 0.14391424963782312 0.20817154620147246
1 0.060353400428021696 0.7152908280246035 0.10043953102272409 0.26947054493809586