3 0.12194361380295898 0.9353182399745467 0.06267455820092656 0.08260705304476737
3 0.1819959165560039 0.8902111869297793 0.0611060286071882 0.07009897245208031
3 0.18589090444960024 0.9734313919654966 0.047003539166816134 0.04703685511705026
3 0.2100548910423672 0.7469455359643653 0.037927201102966435 0.04623736296767649
3 0.3664991321866547 0.7423496248320429 0.06026590330452816 0.06800755852606023
0 0.5721993979919301 0.4402001871773371 0.03471713971829931 0.06979190992997973
0 0.6396627121791079 0.5074153610934587 0.0402047755805872 0.049039382523514835
0 0.6188046133984907 0.35916787665325656 0.028739142027534904 0.053763123558949306
0 0.2600247195549951 0.4292612011457796 0.027301692852574097 0.05305251792913121
0 0.21002028412340282 0.5589046227809713 0.030934196372450155 0.04546211259636345
3 0.5318641890648957 0.6994865439210946 0.030254352367443796 0.03573989037414138