2 0.8384352782502293 0.06741472309131215 0.05117611205601425 0.05911151052270775
1 0.23267965631583662 0.5283067743764467 0.03154740619766348 0.06442352669778775
2 0.5858544723403954 0.48180197316161216 0.04943290074303961 0.06318114437989995
2 0.46170328744160305 0.9270758803400304 0.052919208757474065 0.08894027736399406
2 0.4893681496586529 0.7913871594502205 0.05147363286519224 0.08818114437990011
2 0.5082738956535907 0.8365431778308113 0.0592683823605335 0.0989212537448149
3 0.9600339434351272 0.06546842569159253 0.06312344242580979 0.04444827387160167
3 0.9120746755572797 0.0881396382642051 0.10470490667011505 0.09619486444214223
3 0.7817170087617845 0.23703227423584664 0.0823551100373796 0.10207194798236749
1 0.6305954060903868 0.8180272465738995 0.06147929010438007 0.09210618637966977
1 0.696284537130187 0.7159325278896003 0.08636591609759389 0.09188169120447469
1 0.4522801905897626 0.48111508464097646 0.07426283973286034 0.06226220476026027
1 0.46031634694846174 0.3507383799262467 0.038746999463134243 0.050922769046796885
1 0.520506494824585 0.28297775222627175 0.039512216703184166 0.07724696939603604
2 0.8670631318558748 0.14692196194792878 0.037698232594604204 0.05502474717381385
1 0.17519628419885652 0.6377017244732633 0.02716807730963661 0.08704909493603105