2 0.3763888888888889 0.5326388888888889 0.03194444444444444 0.059722222222222225
2 0.3659722222222222 0.5104166666666666 0.03125 0.05138888888888889
1 0.8173611111111111 0.5055555555555555 0.052083333333333336 0.08125
3 0.019444444444444445 0.8798611111111111 0.035416666666666666 0.08819444444444445
0 0.45 0.7909722222222222 0.0625 0.12152777777777778
1 0.49930555555555556 0.89375 0.06388888888888888 0.08125
0 0.4951388888888889 0.9527777777777777 0.06597222222222222 0.09444444444444444
1 0.45694444444444443 0.5138888888888888 0.02847222222222222 0.049305555555555554
1 0.5097222222222222 0.4326388888888889 0.05 0.052083333333333336
1 0.3784722222222222 0.3111111111111111 0.05 0.049305555555555554
1 0.39861111111111114 0.21041666666666667 0.03194444444444444 0.04097222222222222
1 0.44722222222222224 0.15138888888888888 0.02847222222222222 0.05625
2 0.32916666666666666 0.5930555555555556 0.03819444444444445 0.05486111111111111
1 0.29305555555555557 0.6993055555555555 0.025 0.11041666666666666
2 0.46944444444444444 0.28888888888888886 0.03194444444444444 0.049305555555555554
3 0.6354166666666666 0.09166666666666666 0.052083333333333336 0.07708333333333334
2 0.7048611111111112 0.02013888888888889 0.022916666666666665 0.034722222222222224