3 0.29791666666666666 0.7715277777777778 0.0875 0.12083333333333333
3 0.0763888888888889 0.9680555555555556 0.09722222222222222 0.06388888888888888
3 0.7131944444444445 0.5159722222222223 0.04861111111111111 0.08888888888888889
0 0.6305555555555555 0.9284722222222223 0.058333333333333334 0.10347222222222222
0 0.5666666666666667 0.90625 0.05 0.09375
0 0.9597222222222223 0.28888888888888886 0.041666666666666664 0.06944444444444445
0 0.7840277777777778 0.15833333333333333 0.03194444444444444 0.08888888888888889
0 0.8305555555555556 0.2986111111111111 0.044444444444444446 0.06944444444444445
0 0.8666666666666667 0.6 0.044444444444444446 0.07916666666666666
0 0.7333333333333333 0.7222222222222222 0.05277777777777778 0.09652777777777778
0 0.5027777777777778 0.46805555555555556 0.04722222222222222 0.0763888888888889
0 0.44583333333333336 0.5680555555555555 0.05 0.08888888888888889
0 0.35347222222222224 0.6222222222222222 0.04583333333333333 0.08888888888888889
0 0.18333333333333332 0.34930555555555554 0.058333333333333334 0.08125
0 0.2125 0.24305555555555555 0.03888888888888889 0.07152777777777777
0 0.11944444444444445 0.275 0.04722222222222222 0.07152777777777777