3 0.64898797477464 0.9037554022798897 0.03682718528553595 0.06841359264276813
0 0.2798189607540405 0.972148399416281 0.03240871149292559 0.050176065631368755
0 0.17725068998656246 0.9229028614497954 0.03379464746957687 0.0634069043669819
0 0.346237732551318 0.8475005306790182 0.03007061812141087 0.04520577164675122
0 0.37570736519628556 0.8963968902950041 0.03160508417497473 0.0480563380068664
3 0.7147142208161069 0.46014212070785193 0.040921063369865215 0.06724306950089178
3 0.9204980350789917 0.8386005377132029 0.052393164480426434 0.08792787275731244
3 0.8034497080272115 0.7600457088276131 0.04965473390605521 0.07531868988380602
3 0.8202412814728898 0.6655255228885935 0.0481202678524912 0.07246812352369068
3 0.7718238785872864 0.22080468867598704 0.034564833408596646 0.05167413739376382
3 0.8838074933421313 0.3694256178681281 0.0555014437909607 0.08116539976871183
3 0.9277365118857375 0.35501539725392567 0.06602138750665872 0.11011074777612812