3 0.76875 0.075 0.1125 0.14097222222222222
0 0.05347222222222222 0.7715277777777778 0.10694444444444444 0.2048611111111111
0 0.26458333333333334 0.30833333333333335 0.0875 0.1284722222222222
0 0.3277777777777778 0.42083333333333334 0.07777777777777778 0.11597222222222223
0 0.38819444444444445 0.32083333333333336 0.06527777777777778 0.11875
0 0.31527777777777777 0.20347222222222222 0.058333333333333334 0.09652777777777778
0 0.4701388888888889 0.5951388888888889 0.09027777777777778 0.13819444444444445
3 0.3951388888888889 0.5618055555555556 0.05694444444444444 0.11597222222222223
3 0.46041666666666664 0.7416666666666667 0.09027777777777778 0.13055555555555556
3 0.74375 0.6875 0.14583333333333334 0.26944444444444443
3 0.8916666666666667 0.8888888888888888 0.14444444444444443 0.2222222222222222
3 0.5881944444444445 0.6319444444444444 0.11805555555555555 0.15833333333333333
1 0.5923611111111111 0.7430555555555556 0.12638888888888888 0.10347222222222222
1 0.3597222222222222 0.9555555555555556 0.08611111111111111 0.08888888888888889