3 0.6944444444444444 0.8673611111111111 0.03333333333333333 0.06666666666666667
0 0.3298611111111111 0.9548611111111112 0.029861111111111113 0.04861111111111111
0 0.225 0.9111111111111111 0.030555555555555555 0.06180555555555556
0 0.38958333333333334 0.8270833333333333 0.027777777777777776 0.04375
0 0.4215277777777778 0.8743055555555556 0.029166666666666667 0.04652777777777778
3 0.7368055555555556 0.4215277777777778 0.0375 0.06527777777777778
3 0.9618055555555556 0.7881944444444444 0.04791666666666667 0.08541666666666667
3 0.8409722222222222 0.7159722222222222 0.04583333333333333 0.07291666666666667
3 0.8527777777777777 0.6208333333333333 0.044444444444444446 0.07013888888888889
3 0.78125 0.1798611111111111 0.03194444444444444 0.05
3 0.9006944444444445 0.32222222222222224 0.05138888888888889 0.07847222222222222
3 0.94375 0.3055555555555556 0.06041666666666667 0.10694444444444444