3 0.5444444444444444 0.9645833333333333 0.025 0.04791666666666667
3 0.6 0.95 0.03263888888888889 0.05277777777777778
3 0.6701388888888888 0.8826388888888889 0.05277777777777778 0.08263888888888889
2 0.8298611111111112 0.7395833333333334 0.04513888888888889 0.058333333333333334
2 0.3625 0.37083333333333335 0.027777777777777776 0.04097222222222222
2 0.4895833333333333 0.14583333333333334 0.02361111111111111 0.04027777777777778
0 0.35694444444444445 0.7027777777777777 0.05 0.0798611111111111
0 0.3645833333333333 0.6326388888888889 0.04097222222222222 0.07708333333333334
0 0.4326388888888889 0.49583333333333335 0.044444444444444446 0.08402777777777778
0 0.4638888888888889 0.6291666666666667 0.04513888888888889 0.08263888888888889
0 0.39861111111111114 0.8430555555555556 0.049305555555555554 0.08611111111111111
1 0.325 0.4576388888888889 0.02847222222222222 0.09513888888888888
1 0.46458333333333335 0.575 0.04722222222222222 0.05277777777777778
1 0.4597222222222222 0.31180555555555556 0.022222222222222223 0.03333333333333333
1 0.5034722222222222 0.2520833333333333 0.03888888888888889 0.03819444444444445
1 0.41597222222222224 0.16597222222222222 0.034722222222222224 0.035416666666666666
1 0.48125 0.03611111111111111 0.024305555555555556 0.04652777777777778
1 0.4409722222222222 0.07361111111111111 0.019444444444444445 0.035416666666666666