1 0.43472222222222223 0.8020833333333334 0.022916666666666665 0.03680555555555556
2 0.37569444444444444 0.7506944444444444 0.01875 0.034027777777777775
2 0.3819444444444444 0.80625 0.02013888888888889 0.02847222222222222
0 0.33125 0.5548611111111111 0.020833333333333332 0.04375
0 0.3076388888888889 0.6034722222222222 0.022222222222222223 0.044444444444444446
0 0.3 0.5597222222222222 0.020833333333333332 0.04027777777777778
0 0.3138888888888889 0.5180555555555556 0.019444444444444445 0.049305555555555554
0 0.30277777777777776 0.48541666666666666 0.01875 0.03680555555555556
0 0.29930555555555555 0.6770833333333334 0.020833333333333332 0.04097222222222222
0 0.34791666666666665 0.48055555555555557 0.022222222222222223 0.052083333333333336
0 0.36041666666666666 0.4979166666666667 0.024305555555555556 0.044444444444444446
0 0.3548611111111111 0.5840277777777778 0.019444444444444445 0.03819444444444445
0 0.3486111111111111 0.6284722222222222 0.022222222222222223 0.05138888888888889
0 0.32708333333333334 0.6652777777777777 0.019444444444444445 0.04583333333333333
0 0.3611111111111111 0.7138888888888889 0.022916666666666665 0.04791666666666667
0 0.38472222222222224 0.6826388888888889 0.020833333333333332 0.04236111111111111
0 0.37569444444444444 0.6423611111111112 0.027083333333333334 0.05277777777777778
0 0.3861111111111111 0.5833333333333334 0.02638888888888889 0.050694444444444445
0 0.41805555555555557 0.5569444444444445 0.025694444444444443 0.05486111111111111
0 0.4263888888888889 0.6159722222222223 0.020833333333333332 0.04722222222222222
0 0.4201388888888889 0.6722222222222223 0.02361111111111111 0.05625
0 0.45069444444444445 0.6722222222222223 0.027777777777777776 0.06041666666666667
1 0.4513888888888889 0.58125 0.027777777777777776 0.05347222222222222
0 0.48055555555555557 0.5604166666666667 0.02847222222222222 0.05763888888888889
0 0.5402777777777777 0.61875 0.03819444444444445 0.07083333333333333
0 0.5027777777777778 0.49722222222222223 0.022222222222222223 0.05277777777777778
0 0.4847222222222222 0.44305555555555554 0.034722222222222224 0.07013888888888889
0 0.5215277777777778 0.39652777777777776 0.03680555555555556 0.07222222222222222
0 0.5305555555555556 0.48055555555555557 0.027777777777777776 0.06319444444444444
0 0.5798611111111112 0.49930555555555556 0.035416666666666666 0.08263888888888889
0 0.5972222222222222 0.44513888888888886 0.034722222222222224 0.07430555555555556
0 0.6847222222222222 0.3736111111111111 0.04375 0.08402777777777778
1 0.6138888888888889 0.2722222222222222 0.04027777777777778 0.07916666666666666
1 0.8388888888888889 0.18541666666666667 0.030555555555555555 0.05347222222222222
1 0.7722222222222223 0.2222222222222222 0.022916666666666665 0.03680555555555556
1 0.7909722222222222 0.03958333333333333 0.04652777777777778 0.03680555555555556
1 0.6902777777777778 0.47291666666666665 0.05416666666666667 0.059722222222222225
3 0.3958333333333333 0.9 0.05138888888888889 0.12291666666666666
3 0.47291666666666665 0.8430555555555556 0.06805555555555555 0.23819444444444443
3 0.6166666666666667 0.8027777777777778 0.021527777777777778 0.052083333333333336
3 0.6875 0.8298611111111112 0.05416666666666667 0.07569444444444444
3 0.5826388888888889 0.7743055555555556 0.022222222222222223 0.03888888888888889
2 0.8881944444444444 0.8840277777777777 0.04861111111111111 0.06736111111111111
2 0.6694444444444444 0.22013888888888888 0.027777777777777776 0.03333333333333333
3 0.4076388888888889 0.4326388888888889 0.03263888888888889 0.06875