2 0.6090277777777777 0.46319444444444446 0.034027777777777775 0.049305555555555554
2 0.15625 0.5555555555555556 0.024305555555555556 0.04097222222222222
2 0.17430555555555555 0.5041666666666667 0.024305555555555556 0.03125
2 0.17569444444444443 0.4618055555555556 0.019444444444444445 0.03263888888888889
3 0.3715277777777778 0.41180555555555554 0.06319444444444444 0.12986111111111112
3 0.325 0.3347222222222222 0.03819444444444445 0.05625
3 0.37083333333333335 0.26944444444444443 0.03125 0.05347222222222222
3 0.34097222222222223 0.2638888888888889 0.025 0.04236111111111111
3 0.5847222222222223 0.15694444444444444 0.0625 0.059027777777777776
3 0.8729166666666667 0.03958333333333333 0.07708333333333334 0.07847222222222222
3 0.5958333333333333 0.41944444444444445 0.043055555555555555 0.07916666666666666
3 0.53125 0.75625 0.09722222222222222 0.1763888888888889
1 0.29305555555555557 0.5569444444444445 0.04722222222222222 0.08472222222222223