3 0.9253740097083538 0.6557498193339322 0.11003377751592198 0.1735509717224444
3 0.5274923154624134 0.3059693769674353 0.04831260230657885 0.06833432656733057
2 0.8149892013132173 0.5424992756604119 0.04698431581155407 0.07874291291481528
0 0.6974574774888916 0.2751184267565436 0.07146763838911106 0.10943987405605379
0 0.658237758518743 0.33784871585322723 0.056133298377060076 0.09962876832283085
0 0.3153756676183553 0.25372940342045014 0.02254139482990654 0.05499039621802129
0 0.33797720183692853 0.19942941148728238 0.02382927972902193 0.03763736542609198
0 0.4542802541404105 0.13625066467600427 0.02313079512498651 0.03693888082205664
0 0.4414696248571054 0.20229964993045438 0.06226209358933185 0.078831796425816
0 0.17209074897651094 0.4538753121709214 0.042728765633886764 0.0634408941794918
0 0.045468919846939786 0.7726782972508011 0.04624138945201841 0.07040553942189105
0 0.15213055312001833 0.7234450015626851 0.043439370716694965 0.06622271211686047