0 0.8430555555555556 0.1111111111111111 0.09444444444444444 0.14305555555555555
0 0.6791666666666667 0.058333333333333334 0.06111111111111111 0.10625
0 0.22569444444444445 0.7541666666666667 0.06527777777777778 0.1111111111111111
0 0.11041666666666666 0.6159722222222223 0.05416666666666667 0.08125
0 0.1423611111111111 0.5638888888888889 0.05138888888888889 0.09652777777777778
0 0.0798611111111111 0.49375 0.04583333333333333 0.10347222222222222
0 0.1840277777777778 0.45902777777777776 0.05138888888888889 0.08402777777777778
0 0.21736111111111112 0.34930555555555554 0.04583333333333333 0.06666666666666667
0 0.175 0.32083333333333336 0.03333333333333333 0.10833333333333334
0 0.13472222222222222 0.28402777777777777 0.03611111111111111 0.08888888888888889
0 0.32083333333333336 0.3013888888888889 0.06944444444444445 0.11875
0 0.36041666666666666 0.4444444444444444 0.07916666666666666 0.09861111111111111
0 0.44722222222222224 0.3347222222222222 0.06944444444444445 0.12569444444444444
0 0.5472222222222223 0.4583333333333333 0.06944444444444445 0.12569444444444444
0 0.9291666666666667 0.6409722222222223 0.06388888888888888 0.11597222222222223
0 0.4201388888888889 0.9555555555555556 0.06527777777777778 0.08888888888888889
0 0.20208333333333334 0.9666666666666667 0.0625 0.06666666666666667