0 0.8979166666666667 0.26458333333333334 0.05555555555555555 0.06875
0 0.8534722222222222 0.08333333333333333 0.03194444444444444 0.04097222222222222
0 0.7618055555555555 0.18125 0.035416666666666666 0.05625
0 0.7347222222222223 0.1388888888888889 0.029861111111111113 0.034027777777777775
0 0.5583333333333333 0.06180555555555556 0.018055555555555554 0.027777777777777776
0 0.5340277777777778 0.10277777777777777 0.022222222222222223 0.03819444444444445
0 0.4895833333333333 0.19166666666666668 0.022222222222222223 0.03263888888888889
0 0.50625 0.2326388888888889 0.027083333333333334 0.03888888888888889
0 0.7208333333333333 0.36527777777777776 0.03125 0.04513888888888889
0 0.9819444444444444 0.7652777777777777 0.03611111111111111 0.13125
0 0.36736111111111114 0.9097222222222222 0.05416666666666667 0.1076388888888889
0 0.21944444444444444 0.7375 0.027777777777777776 0.05416666666666667
3 0.8458333333333333 0.7631944444444444 0.04861111111111111 0.03958333333333333
3 0.90625 0.8208333333333333 0.06875 0.07013888888888889
3 0.22361111111111112 0.8534722222222222 0.04861111111111111 0.04513888888888889