0 0.41944444444444445 0.015277777777777777 0.04027777777777778 0.030555555555555555
0 0.37569444444444444 0.04722222222222222 0.05555555555555555 0.09444444444444444
0 0.8555555555555555 0.8243055555555555 0.10555555555555556 0.175
0 0.7770833333333333 0.9111111111111111 0.09236111111111112 0.17708333333333334
0 0.68125 0.8715277777777778 0.10833333333333334 0.20069444444444445
0 0.9347222222222222 0.8152777777777778 0.08819444444444445 0.16875
0 0.9770833333333333 0.7854166666666667 0.04583333333333333 0.18472222222222223
0 0.7027777777777777 0.7201388888888889 0.09791666666666667 0.17569444444444443
0 0.7722222222222223 0.5875 0.09930555555555555 0.17152777777777778
0 0.9555555555555556 0.38472222222222224 0.08888888888888889 0.1284722222222222
1 0.8270833333333333 0.7618055555555555 0.16180555555555556 0.12152777777777778
1 0.49027777777777776 0.14027777777777778 0.043055555555555555 0.15694444444444444
2 0.5236111111111111 0.6798611111111111 0.06111111111111111 0.1111111111111111
2 0.5791666666666667 0.8659722222222223 0.04583333333333333 0.05625
2 0.6243055555555556 0.6993055555555555 0.03888888888888889 0.044444444444444446
2 0.6326388888888889 0.09375 0.04027777777777778 0.04791666666666667