0 0.6867308885270782 0.12300200533365799 0.024875269480295968 0.033770938332757794
0 0.607206523081927 0.8627204598870264 0.047921758657461865 0.08202817718937436
0 0.8512200432854785 0.6275624444484527 0.0400646814569705 0.06917239022130132
0 0.6015422337620873 0.5780305819346291 0.04208740692596946 0.06579720080855367
0 0.9408213109655081 0.14661301351426334 0.03782376767636827 0.06004757963404907
0 0.8069546284260347 0.12226755776507427 0.026336887806385788 0.03800229353907412
3 0.38451665150869413 0.925913092548398 0.0609949873732382 0.07569827387160173
3 0.6700771998500032 0.8014114537298093 0.035142962481525014 0.06547375811030508
3 0.6311660054066572 0.6426766890940334 0.03349952056243303 0.05082573623732224
3 0.9716470559151694 0.12085196581659063 0.03201365909060946 0.045205492142117144
0 0.5879028059126065 0.5133350010136981 0.03833638852781039 0.04966325723720723