0 0.33389052231655614 0.7107306107529617 0.059684917402895915 0.0870565937947229
0 0.4105618822443691 0.5859194639280357 0.05829602851400703 0.08703235064898915
0 0.42806369662441934 0.4968245083004109 0.04486148605061339 0.07223082900405318
0 0.5736393440301861 0.5199491792970901 0.05646211940445451 0.08006366305881112
0 0.576374748787989 0.6288072550547323 0.06666453766457513 0.10937578859987963
0 0.49449320447069384 0.20709923088371163 0.04531583247610863 0.057671738816453516
0 0.6756240928099749 0.03750778427352868 0.05121807800336361 0.07501556854705736
0 0.8273069079447108 0.03864133153233473 0.057984514359542216 0.07728266306466947
0 0.844163037906566 0.1628440000058583 0.0850761093966614 0.11524650504997247
0 0.9610594118863046 0.07062677056938967 0.07187340324843142 0.0824136709952145
0 0.9473900939091907 0.37052979798645513 0.06917317430786309 0.21346972582934537
3 0.8412807971781298 0.2835924823291239 0.07590656384889895 0.08040306709908202
3 0.9323398944423932 0.1724035497900167 0.09260840633280054 0.10289196392437429
1 0.8517526108773203 0.8237768023150029 0.09688060045117133 0.16955863059104104