0 0.9985095129146347 0.5393287230537254 0.002980974170730456 0.1841674491179775
0 0.6573957907410845 0.8909988733116478 0.1344684215283577 0.16079042765938426
0 0.7690587220442027 0.8691307759200836 0.10836478114434366 0.19127910045707747
0 0.8641218694385162 0.875986707876685 0.11823848635571639 0.16825029800466684
0 0.8176354324320657 0.6931933830864081 0.12093461681444384 0.20648113674028015
0 0.7022543776052568 0.6706898246158657 0.1308722518714409 0.2243153736365855
0 0.715011131211359 0.5022004904785224 0.11603415849992618 0.21868998241093007
0 0.7835388532077916 0.34819711844995677 0.1263111538263931 0.19014201869413258
0 0.9599681235236907 0.11161782803380985 0.08006375295261862 0.15027343685592431
0 0.8934262887567488 0.5847685843529945 0.11815683903666607 0.20633555957560518
0 0.9690418551177664 0.5453151042788309 0.06191628976446724 0.20473421076417886
1 0.4613206181214109 0.032140221117159626 0.03653012513171063 0.06428044223431925
2 0.5170216759623547 0.5111839745727355 0.06821390371349814 0.11230326398296787
2 0.587631697068517 0.689231276949883 0.05426403789122231 0.05755428865760071
2 0.627950815617622 0.5018886657635087 0.041912567968135285 0.04651891904106486