0 0.10953846962194574 0.2520298171956376 0.06711798614458644 0.10111910675469128
3 0.1248651312219607 0.35258512082954707 0.06002786084192632 0.09842821325798347
3 0.7169548870961667 0.5881424999483524 0.06947332178715536 0.08545066461415635
3 0.5693730599280804 0.5004706207985585 0.06105746832111628 0.07367123732333311
0 0.014733554025863037 0.6133937114672017 0.029467108051726074 0.1329766669180657
3 0.8146928836664799 0.9090092014250599 0.07787457481375637 0.10689155811086393
3 0.6549795323074423 0.6351223279093402 0.07225109956493314 0.08569368867950591
3 0.4805771797159082 0.7211745724164599 0.0860815866960697 0.12555467382979404
0 0.8991332621077861 0.8605013437646483 0.08633898856586736 0.11936542984613159
0 0.8957635664977956 0.9850359954240424 0.08341552992987368 0.02992800915191525
0 0.0701649484808339 0.555311271881975 0.07160997437431817 0.1160062201697119
0 0.8107537709184041 0.6955632334283934 0.07317374500029877 0.09888813312395052
0 0.5708933527719121 0.5886389369782704 0.06488897195303751 0.09885350537234561
0 0.46029801600889186 0.8912788335537439 0.10860468857023843 0.1910232191434564
0 0.3119103469209445 0.8950652247568718 0.07646124401374882 0.15577182155205757
0 0.3596321253709931 0.7022089362240733 0.059896780423148735 0.08668341371876523
0 0.3317861043637824 0.6208204252176536 0.05845933124818809 0.08586745724164599