0 0.7132234161227243 0.9473687595430859 0.06932245607430426 0.07096380158709886
0 0.7442630370313746 0.7954626426907401 0.030076395272763217 0.05201926046935183
0 0.7029913969753487 0.4919754183575611 0.029914608140902032 0.04924148269157406
0 0.41477344412223005 0.8801104349896292 0.04203688882614469 0.06686120778441339
3 0.4580566860650189 0.7085012597111108 0.019956554354922988 0.03305913660919752
3 0.3634859962013764 0.9152858123113268 0.05404467829652664 0.07060820736222222
3 0.5747993412273138 0.9068999244362649 0.03702768885124246 0.04039150202623445
3 0.5202954020288553 0.8901374387893514 0.02607151573795742 0.05470005800398149
3 0.5029479891858141 0.9141203074991971 0.03244285608685323 0.05692886170203716
3 0.8682388172104173 0.8577663596786411 0.0673872116047622 0.0972718736066977
3 0.815696222975152 0.7716079197088573 0.054826865440936484 0.06022386744327138
3 0.7998260897422094 0.8773897624984254 0.07792521862032484 0.09959765754790119