0 0.8111679714265918 0.9720208435817426 0.04603583467713072 0.05595831283651478
0 0.789735891541132 0.13847964829573864 0.03196109215644406 0.06238445103499891
0 0.7107849682438813 0.4152564471467659 0.03968886756488846 0.0703346007941715
0 0.5322162654360425 0.35656707602758675 0.038816650081333 0.05502852657364075
0 0.5958213605276393 0.5029769416463746 0.036854525638302646 0.06536030391204817
0 0.43905468912230594 0.48130416780640467 0.031226244748565238 0.05888393237002371
0 0.45498748143434564 0.3659261708819968 0.03829997867599957 0.0702780079086654
0 0.34065172731454973 0.6982325920398154 0.04518785897163598 0.06569986122508485
0 0.029371896810266244 0.5806380816898259 0.031856044451514826 0.053356673257221134
0 0.18487848228307474 0.650893670198154 0.05423179793478741 0.06745660386976371
0 0.1802556005728898 0.15255255689019137 0.023328776893696734 0.036350449277517745
0 0.1371192390904656 0.15774262188394592 0.025420190819716974 0.037129783050221396
0 0.08346875730250647 0.23059209223471314 0.02750352415305027 0.03721467237848057