2 0.9625 0.42916666666666664 0.0625 0.0625
2 0.9097222222222222 0.5604166666666667 0.07916666666666666 0.08611111111111111
2 0.32430555555555557 0.46041666666666664 0.034027777777777775 0.04791666666666667
2 0.05555555555555555 0.6152777777777778 0.03888888888888889 0.04791666666666667
2 0.5895833333333333 0.73125 0.06111111111111111 0.08263888888888889
2 0.26666666666666666 0.5159722222222223 0.04027777777777778 0.04236111111111111
2 0.1486111111111111 0.4986111111111111 0.035416666666666666 0.04027777777777778
2 0.30972222222222223 0.5493055555555556 0.029166666666666667 0.0375
3 0.3680555555555556 0.35 0.041666666666666664 0.05138888888888889
3 0.6354166666666666 0.3375 0.06319444444444444 0.06597222222222222
2 0.3326388888888889 0.6965277777777777 0.044444444444444446 0.07152777777777777