2 0.5548611111111111 0.6541666666666667 0.02638888888888889 0.029861111111111113
3 0.54375 0.5659722222222222 0.03194444444444444 0.052083333333333336
3 0.2902777777777778 0.7715277777777778 0.044444444444444446 0.050694444444444445
0 0.1125 0.6805555555555556 0.044444444444444446 0.06736111111111111
0 0.08194444444444444 0.4666666666666667 0.03194444444444444 0.05416666666666667
0 0.09861111111111111 0.8902777777777777 0.05347222222222222 0.06180555555555556
0 0.44375 0.8958333333333334 0.04652777777777778 0.07361111111111111
0 0.5993055555555555 0.9319444444444445 0.06666666666666667 0.11875
0 0.4722222222222222 0.7222222222222222 0.03888888888888889 0.06805555555555555
0 0.4236111111111111 0.6777777777777778 0.03194444444444444 0.05277777777777778
0 0.42569444444444443 0.6013888888888889 0.022916666666666665 0.04097222222222222
0 0.44513888888888886 0.6381944444444444 0.022916666666666665 0.04652777777777778