3 0.11988754013151012 0.35942226723955645 0.04162762431611 0.059464129782868407
0 0.8873787610529029 0.04102148847164193 0.03804368108230594 0.0677489795600806
0 0.85231185786042 0.07612349855014677 0.037946560510162104 0.06636009067119171
0 0.6514961744688784 0.12980727576210513 0.05657023905914211 0.08461766104391887
0 0.577487063133677 0.19589311280856936 0.04912559131454088 0.08730655230214113
0 0.7106601151693566 0.1867108307164894 0.034989142027534906 0.05383584889313116
0 0.634829831338377 0.2292259596152768 0.05054368108230594 0.06789443022844416
0 0.7400080402216992 0.6700032745597625 0.03500374246697283 0.04412170726359584
0 0.6045533018129717 0.9102739447981053 0.04489100495460655 0.06644089659806064
0 0.3986425767431443 0.7093632704576189 0.0516266078153254 0.07345806637668646
0 0.28296712227744153 0.875158692693982 0.08538714225162525 0.11964694578824214
0 0.29503451513438694 0.752201623063881 0.05455006645131885 0.07557372208076711
0 0.270620703390346 0.3174233232194766 0.03716959593301207 0.05524897956008061