0 0.8056399105404154 0.9836877513725528 0.04648438347710579 0.03262449725489426
0 0.7891176215735991 0.16156016583587388 0.032316698412279896 0.06329632398434583
0 0.7085381832638271 0.4361282057651498 0.040088924602703774 0.07146937602002544
0 0.530268512989305 0.37221076306971534 0.039127805555189354 0.05614303795617575
0 0.5930371251836514 0.5205254299604722 0.03722629581485819 0.06641402376462667
0 0.43635935534227693 0.49427302753044905 0.03156164610350155 0.059775541476051644
0 0.45296699134436885 0.3793205713157364 0.03870003571381504 0.0713722554478816
0 0.3366713618372956 0.7084050413858626 0.04555962914819168 0.06699674719748935
0 0.02600171934018509 0.5816918015424045 0.03215911796501133 0.05426854620656801
0 0.18113653463643786 0.6565067547974669 0.05461165007170313 0.06901691980531269
0 0.17941103571527953 0.15786168383972204 0.02353486688287434 0.03701915610703877
0 0.1362342644310558 0.16179539054770978 0.02563032178907455 0.03785928140969885
0 0.08214735678366171 0.23310480880624673 0.027713655122407845 0.03800496226791452