0 0.7592502963544268 0.40022926946689286 0.0670208606784513 0.11285409320105658
0 0.11706244180488809 0.29115682747067223 0.04275037394790928 0.06445564431130558
0 0.2788629032571751 0.6844679902933125 0.06465463957057693 0.10296180996865492
0 0.5354689352215167 0.24516900886906118 0.040485184188085235 0.05803558330112624
0 0.5800399609978284 0.2937377479920207 0.058250420691397964 0.07334164727484323
0 0.48244450708142794 0.38453956536951983 0.03663438655747816 0.09236099649959645
0 0.7545134294007496 0.0699713493320299 0.056348943784555496 0.07942158626466388
0 0.9097914408959709 0.0955812790232002 0.07369519234026332 0.127947609564928
0 0.5444087062540907 0.7198713734483686 0.07418757408860681 0.12105985212387667
0 0.5969142836857405 0.8019010203151746 0.0822507946393074 0.13626674249453447
3 0.6335632831876841 0.3868218189665446 0.04932367426167066 0.07607693845295481
3 0.5915860911991645 0.40347417061796975 0.05205360822252645 0.09846922168535646
3 0.07009989454782344 0.6388607173044641 0.047280753467557425 0.07729576633166428
0 0.042685829623027104 0.6536281974401893 0.050455225359835106 0.1149658273418437
0 0.08604239165923883 0.7322281086844392 0.0641420515526232 0.10915512296526167