0 0.7958333333333333 0.46805555555555556 0.03958333333333333 0.06736111111111111
0 0.9604166666666667 0.30277777777777776 0.05138888888888889 0.06527777777777778
0 0.7965277777777777 0.11388888888888889 0.03194444444444444 0.075
0 0.7152777777777778 0.3951388888888889 0.04652777777777778 0.09652777777777778
0 0.7055555555555556 0.5458333333333333 0.07361111111111111 0.07708333333333334
0 0.6284722222222222 0.4888888888888889 0.04861111111111111 0.09375
0 0.10555555555555556 0.29791666666666666 0.035416666666666666 0.07013888888888889
0 0.05347222222222222 0.3013888888888889 0.03680555555555556 0.07013888888888889
0 0.3034722222222222 0.55 0.0375 0.06111111111111111
0 0.2534722222222222 0.6020833333333333 0.034027777777777775 0.06736111111111111
0 0.28055555555555556 0.7104166666666667 0.05138888888888889 0.07152777777777777
0 0.5708333333333333 0.28680555555555554 0.04375 0.06736111111111111
0 0.5208333333333334 0.2798611111111111 0.03611111111111111 0.0763888888888889
0 0.3909722222222222 0.3111111111111111 0.041666666666666664 0.08125
0 0.28402777777777777 0.12430555555555556 0.035416666666666666 0.06458333333333334