3 0.9439328528505423 0.9744820446996175 0.04934966081687738 0.0510359106007649
0 0.6917878899010821 0.25192682898473784 0.02988757426790427 0.06187243831341781
0 0.8714682135969202 0.3462207497843488 0.06141975962807117 0.05174102015162608
0 0.7838977040536671 0.06473666013183094 0.02940256358051872 0.04798354942452892
0 0.8169003509580951 0.05603052515009687 0.02659171421610722 0.027041033217689244
0 0.7340652451718281 0.11708656515229632 0.03666226497176379 0.0573752701139945
0 0.5301476922786946 0.13909832101990185 0.020487217422322918 0.030880151263836926
0 0.540934725390741 0.16888369063643777 0.027343480781554776 0.048568810995467025
0 0.4714219251506054 0.2668151218642927 0.02806217576036845 0.049299649731080246
0 0.7623058779753222 0.9221178360703008 0.05902338197036114 0.102217098849058
0 0.7020567818642475 0.7547714895203779 0.06314154756828903 0.10104657570718163
0 0.4123919053129729 0.5427033494135316 0.04323634297082858 0.08683309111001133
0 0.31441349128045565 0.6787987366191375 0.04787919927261631 0.08083785114819288
0 0.16242273483975175 0.7877134192668545 0.03803572437854774 0.07685610884960789