0 0.6121223267507278 0.22475731045020106 0.045897263178957814 0.044287398986786915
0 0.6092933901205928 0.15995312935307537 0.036026510879822934 0.05391473785236675
0 0.26809202472601107 0.4673242893426849 0.05224758731575131 0.08626979677388817
0 0.312946624454342 0.33734675407203313 0.05075542137783139 0.05779757455166603
0 0.37282719483450694 0.22421447172860381 0.04702843911742778 0.05267335417352604
0 0.4204803176055659 0.6743499763833631 0.07680199708501302 0.11925631793627929
0 0.5176720513610947 0.6939610065330746 0.08425300869358271 0.14264658128359808
0 0.7651529458780528 0.5251120226636331 0.0773479114525445 0.12967298460294596
0 0.8666333001670223 0.43649496318682274 0.07340551635736606 0.10724027496710056
3 0.7078170229674648 0.5764913713049127 0.06495709432605107 0.13080912457497504
2 0.3942901583016299 0.9101246356737013 0.06255802402114925 0.07183396865060306