2 0.6041666666666666 0.8375 0.05277777777777778 0.08680555555555555
2 0.8819444444444444 0.6326388888888889 0.14583333333333334 0.21597222222222223
2 0.7791666666666667 0.5583333333333333 0.12777777777777777 0.12638888888888888
2 0.5881944444444445 0.9375 0.12569444444444444 0.125
3 0.42430555555555555 0.20416666666666666 0.04791666666666667 0.06597222222222222
3 0.5333333333333333 0.06388888888888888 0.04583333333333333 0.05486111111111111
2 0.029166666666666667 0.6645833333333333 0.04583333333333333 0.08958333333333333
2 0.30625 0.6111111111111112 0.04652777777777778 0.09861111111111111
2 0.34652777777777777 0.7395833333333334 0.05763888888888889 0.11597222222222223
2 0.5673611111111111 0.7986111111111112 0.05555555555555555 0.10208333333333333
2 0.6527777777777778 0.35138888888888886 0.04097222222222222 0.08680555555555555
2 0.3590277777777778 0.3611111111111111 0.0375 0.06805555555555555
2 0.8513888888888889 0.9513888888888888 0.08958333333333333 0.09722222222222222
2 0.6743055555555556 0.22291666666666668 0.06388888888888888 0.06875
2 0.6756944444444445 0.38472222222222224 0.04375 0.08333333333333333