2 0.4986111111111111 0.3597222222222222 0.02847222222222222 0.052083333333333336
2 0.6194444444444445 0.4 0.04236111111111111 0.06736111111111111
3 0.043055555555555555 0.625 0.08472222222222223 0.13472222222222222
2 0.035416666666666666 0.5472222222222223 0.04236111111111111 0.05694444444444444
2 0.08680555555555555 0.48055555555555557 0.034027777777777775 0.05763888888888889
2 0.2513888888888889 0.4777777777777778 0.04027777777777778 0.043055555555555555
2 0.33958333333333335 0.40347222222222223 0.03680555555555556 0.07708333333333334
2 0.4895833333333333 0.34444444444444444 0.059722222222222225 0.06875
2 0.4895833333333333 0.4284722222222222 0.0798611111111111 0.10625
2 0.5597222222222222 0.02638888888888889 0.04861111111111111 0.05277777777777778
2 0.5520833333333334 0.11875 0.027777777777777776 0.06597222222222222
2 0.5402777777777777 0.10138888888888889 0.025694444444444443 0.05763888888888889
2 0.5930555555555556 0.17430555555555555 0.059722222222222225 0.06597222222222222
2 0.6506944444444445 0.1736111111111111 0.07916666666666666 0.12013888888888889
2 0.9673611111111111 0.2298611111111111 0.06458333333333334 0.12152777777777778
2 0.3277777777777778 0.19583333333333333 0.029166666666666667 0.052083333333333336
2 0.2972222222222222 0.35347222222222224 0.03263888888888889 0.06319444444444444