0 0.9304568726692224 0.3074251490915033 0.120056826190095 0.12517587908617397
0 0.44476427607767827 0.20596458976251888 0.04326686307173841 0.05114772636889392
0 0.2862316357834508 0.25031683665969334 0.05030619087282536 0.06196491123415784
0 0.34186135399531026 0.27536240318280547 0.05210569423879134 0.07659274658955756
0 0.8493074967437836 0.6454839584676573 0.16023182056874058 0.26320057714613876
0 0.7963789333457183 0.45348712523686285 0.08753354135818717 0.11548989718223229
3 0.19153474340525495 0.8516228542061438 0.09692013186219595 0.17552363355891917
3 0.08063381872465862 0.2537227109470488 0.10053821908934671 0.09559110631229259
3 0.06321680534990247 0.06991744327960282 0.08513447690441896 0.11118972444936652
3 0.35931108862569366 0.5240625183380493 0.06241711719864643 0.07587138803166418
3 0.3881955655301127 0.6289774576760583 0.06804683541050593 0.10456612036421815
3 0.40175262223047886 0.3106021262622524 0.04245681457031322 0.05869761121365005
3 0.599090448509682 0.29028016108444954 0.044088092025892756 0.08022538899142782
0 0.5374915808380588 0.6745376461752992 0.05651474947214865 0.09829853245560084