2 0.8756944444444444 0.9152777777777777 0.1486111111111111 0.16875
2 0.925 0.049305555555555554 0.07222222222222222 0.09791666666666667
2 0.9048611111111111 0.33402777777777776 0.1 0.13125
2 0.8590277777777777 0.04097222222222222 0.09583333333333334 0.08194444444444444
2 0.7680555555555556 0.11180555555555556 0.0763888888888889 0.06944444444444445
2 0.6965277777777777 0.36527777777777776 0.06666666666666667 0.09861111111111111
2 0.6340277777777777 0.19930555555555557 0.08958333333333333 0.06944444444444445
2 0.5125 0.11527777777777778 0.07847222222222222 0.07916666666666666
2 0.3625 0.19236111111111112 0.08194444444444444 0.10555555555555556
2 0.48125 0.5076388888888889 0.09236111111111112 0.11805555555555555
2 0.4 0.4708333333333333 0.08125 0.11944444444444445
2 0.22430555555555556 0.6284722222222222 0.04791666666666667 0.06875
2 0.18333333333333332 0.25555555555555554 0.0798611111111111 0.09861111111111111
2 0.07430555555555556 0.46944444444444444 0.07569444444444444 0.10694444444444444