3 0.8445031256441892 0.4624251506605395 0.049176718051380575 0.08435785830860046
0 0.8467531511796857 0.2575494391099903 0.0861365635835183 0.17270274257901816
3 0.3689841665996757 0.5164251593809683 0.14694399981176756 0.20738592245068363
3 0.7935822908550001 0.7785963729948069 0.055790739098068164 0.09104490088324724
0 0.40149060895657585 0.7776578329753419 0.2217000230714875 0.35093659880247335
0 0.7802401264683567 0.10520362140293656 0.07179655896922049 0.10461322717682882
0 0.9499540001254884 0.06497980995131884 0.06999635311664432 0.10932865742972428
0 0.37751584572036995 0.08495171735780468 0.06763674143658878 0.09256487019091385
0 0.47433980122573016 0.032954068962788616 0.05448959290914451 0.06590813792557723
3 0.37752889596719547 0.03722929183542554 0.04605546662902024 0.04264263135586192
0 0.5598070039156182 0.38689001690525293 0.11354347118057354 0.18015214929137705