0 0.6736645889920965 0.9500057652931948 0.05532857831895386 0.06556866926832565
0 0.7219355780828487 0.9455562874551621 0.05892826034017465 0.09266008292084077
0 0.6134610429928481 0.7912527183676009 0.03834996121635312 0.11266968670281964
0 0.9383761844050305 0.7372543493881614 0.057255936434320476 0.08917978037943676
0 0.9884594699405426 0.46032811927367734 0.02308106011891482 0.09406917260768448
0 0.8876258552377948 0.4985472676808649 0.0678284637074392 0.09965300928037647
0 0.8971363321307733 0.24906798526289886 0.04994308377357773 0.06761968132493132
0 0.694089778185815 0.10226236248374103 0.039526417106911065 0.06755907893106725
0 0.5289809153030711 0.44574663796113373 0.0764453466692528 0.06916209627827609
0 0.17464521912985606 0.1393283402739066 0.06378937145128588 0.09268836403797738
3 0.7995715810463865 0.9603896476779364 0.06266983178715009 0.07047018197534606