2 0.3422044482240567 0.22777777777777777 0.0263745738736474 0.04236111111111111
2 0.9677470406090387 0.21041666666666667 0.06450591878192269 0.10416666666666667
2 0.5111955112528707 0.18819444444444444 0.03989493993472371 0.05486111111111111
2 0.12834212635838863 0.7555555555555555 0.06761591609759378 0.08819444444444445
2 0.5948544223682922 0.30277777777777776 0.05881500094490314 0.05694444444444444
2 0.6991480903878993 0.46597222222222223 0.07854276579479852 0.09444444444444444
2 0.7263025403513818 0.3902777777777778 0.07526900539020952 0.0798611111111111
2 0.5554679462913882 0.7645833333333333 0.07621836943265126 0.13402777777777777
2 0.5308514718035297 0.5055555555555555 0.06276900539020952 0.0798611111111111
2 0.38311929577379844 0.43125 0.05983536700597938 0.06944444444444445
2 0.31615476446341007 0.5041666666666667 0.06832456094576508 0.0798611111111111
2 0.7593223186875773 0.9138888888888889 0.13975282128594005 0.17222222222222222
2 0.6438048532191601 0.5451388888888888 0.0646255907099705 0.07708333333333334
2 0.6091395472233602 0.4777777777777778 0.06218793495255126 0.08125
2 0.6826229693124435 0.51875 0.04003671474896369 0.03958333333333333
2 0.7143547515355279 0.5416666666666666 0.03840687744277539 0.04513888888888889
2 0.8991750012456637 0.8916666666666667 0.05633485858781771 0.052083333333333336