0 0.8770904848004123 0.46928997022761176 0.03624786693689859 0.07308030272936952
0 0.9237916169682481 0.718026628990865 0.05648461177842894 0.09343038672890884
0 0.8656021290426689 0.7512344146720562 0.0617289064637008 0.08605025199861858
0 0.6745802797466817 0.04690421487319252 0.024190006590554466 0.03231736090421925
0 0.6192227992903976 0.04463064534806745 0.02780371102654205 0.03595130447556559
0 0.6744718203636471 0.11760817112722657 0.025465709708431126 0.029604271666091128
0 0.6613363319986975 0.1507969126031375 0.024105117262295216 0.030234027570885915
0 0.4956141132583879 0.49260252991699643 0.031175714102134103 0.050664014888198175
0 0.45461123139942383 0.46124219704297753 0.03585171673835595 0.06335808050714731
0 0.43198225554826536 0.5232912919790086 0.03896905182917042 0.07182079091977996
0 0.7231148655361633 0.7779715346052095 0.04452460738472597 0.07207954507837826
0 0.835369650327341 0.9148341198461002 0.05778861133905858 0.09141174193522532
0 0.5867125497611171 0.8765104012528623 0.046551347832553346 0.07078768899896394
0 0.36955302759770436 0.7285919228031228 0.03908223760018264 0.07459856869755742
0 0.3957509309692882 0.8341132193752748 0.04781172113205893 0.08470892215767789
0 0.587538961758259 0.3289019625063207 0.029418971457455395 0.041571548570770826
0 0.5924873253916181 0.36055530852234174 0.03812015854657855 0.05098745758644646