2 0.8777777777777778 0.32430555555555557 0.04236111111111111 0.07013888888888889
2 0.10138888888888889 0.5583333333333333 0.06041666666666667 0.0798611111111111
2 0.16666666666666666 0.5208333333333334 0.04791666666666667 0.0875
2 0.016666666666666666 0.60625 0.029861111111111113 0.05277777777777778
2 0.027777777777777776 0.6388888888888888 0.05486111111111111 0.07083333333333333
2 0.4375 0.5347222222222222 0.10138888888888889 0.11875
2 0.4409722222222222 0.9236111111111112 0.1111111111111111 0.1527777777777778
2 0.8256944444444444 0.7416666666666667 0.075 0.09791666666666667
2 0.8513888888888889 0.6784722222222223 0.06875 0.075
2 0.8631944444444445 0.6166666666666667 0.08263888888888889 0.10208333333333333
2 0.8833333333333333 0.40347222222222223 0.06111111111111111 0.08263888888888889
2 0.9180555555555555 0.3625 0.04583333333333333 0.058333333333333334
2 0.5458333333333333 0.9527777777777777 0.08333333333333333 0.09444444444444444
2 0.61875 0.45416666666666666 0.05694444444444444 0.07152777777777777
2 0.6375 0.35625 0.04791666666666667 0.05555555555555555
2 0.6951388888888889 0.35 0.044444444444444446 0.06458333333333334
2 0.6819444444444445 0.26944444444444443 0.04027777777777778 0.05277777777777778
2 0.6333333333333333 0.2965277777777778 0.05138888888888889 0.07083333333333333
2 0.49236111111111114 0.5979166666666667 0.05625 0.07222222222222222
2 0.12638888888888888 0.4875 0.04583333333333333 0.06319444444444444
2 0.5743055555555555 0.33125 0.03888888888888889 0.03611111111111111