1 0.9246114454452724 0.5514531953243326 0.07166574274021653 0.0663600775429526
2 0.5226486367842789 0.2816356671819292 0.04981187349183484 0.07109190354715354
2 0.3192497571158008 0.2978210918520764 0.048433344953115194 0.06206008560978486
2 0.26063967375503005 0.475336259256443 0.0523369023527529 0.05861210434510819
2 0.34482613719558497 0.42788825110232553 0.059260626096858955 0.07669998117739141
2 0.38203276698060834 0.3586296539990644 0.053652448687897605 0.0759732154562193
2 0.4048856313411402 0.3962791399039292 0.049696269434854105 0.07872675227645153
2 0.783550599703778 0.7993532383474379 0.09293123135352535 0.10882623280342803
2 0.7502603479762412 0.7435795141739716 0.08182012024241393 0.10876159024997302
2 0.776198001089936 0.6763396078505887 0.08200988695569877 0.12958684326412456
2 0.7052179826491143 0.6411891287117268 0.1396607763998765 0.21252470396274312
2 0.3856211123792628 0.924098413347017 0.11029316256719615 0.15180317330596596
2 0.13218899233570605 0.44679893147556826 0.06936156164309087 0.07259391690458869
2 0.006367018524769107 0.787706048139138 0.012734037049538214 0.09691563309850816
2 0.2504550353048847 0.4447079808282505 0.05123184343123136 0.04402877101177501
2 0.4591910830728054 0.28474023488137573 0.054104504565651405 0.05445755815721438
2 0.43186618127534143 0.2602649926230007 0.040499445644129946 0.039801501951244156
2 0.42043061889874594 0.16362813053626749 0.04721268197461275 0.05511160100574948
2 0.4597516630676102 0.1214771077238853 0.050169046012946375 0.03916361974107292
2 0.5095929774048329 0.16970486667905446 0.037322233842004 0.06199544305632977
2 0.17443942000519527 0.16428124737440764 0.041720108622632306 0.04674998655527954