2 0.6409722222222223 0.03958333333333333 0.07569444444444444 0.06041666666666667
2 0.76875 0.30416666666666664 0.06944444444444445 0.09444444444444444
2 0.8263888888888888 0.1909722222222222 0.11319444444444444 0.13333333333333333
2 0.22361111111111112 0.3375 0.06805555555555555 0.11319444444444444
2 0.2722222222222222 0.2604166666666667 0.029861111111111113 0.05555555555555555
2 0.3215277777777778 0.23194444444444445 0.07222222222222222 0.07847222222222222
2 0.34097222222222223 0.07569444444444444 0.05416666666666667 0.06597222222222222
2 0.26319444444444445 0.022222222222222223 0.03611111111111111 0.03888888888888889
2 0.48055555555555557 0.1451388888888889 0.059722222222222225 0.05416666666666667
2 0.5645833333333333 0.2847222222222222 0.08611111111111111 0.09305555555555556
2 0.6430555555555556 0.6590277777777778 0.13541666666666666 0.19652777777777777
2 0.8555555555555555 0.10486111111111111 0.10694444444444444 0.09791666666666667
2 0.8833333333333333 0.29305555555555557 0.05555555555555555 0.05763888888888889
2 0.7027777777777777 0.2423611111111111 0.06527777777777778 0.08680555555555555