2 0.43777026611686976 0.3348471953088469 0.03612508229180883 0.06245624295740729
2 0.2950133774856379 0.6356905396589294 0.05976447959885923 0.08176154659131672
2 0.640719136408458 0.6589418353341963 0.06859379555900394 0.09701319610436202
2 0.8975208891465459 0.3918558568235785 0.09414646518920841 0.11441743445395045
2 0.7245892197955504 0.12843790650399037 0.06612785360564556 0.0836972396272427
2 0.4721678274491204 0.72742457241646 0.05941015717477364 0.08586745724164599
2 0.5044533108060402 0.9731892020423554 0.08808072660311457 0.05362159591528932
2 0.6621615971523598 0.5761899338995048 0.07022363286519225 0.09163990859781879
2 0.533419796482355 0.47400397691958746 0.05965110559207305 0.08037265770242799
2 0.2363674060472831 0.3773754649075715 0.03907292107976604 0.06478260035609051
2 0.3149241430227795 0.2289806197929623 0.043027040136587084 0.05409678135934147
2 0.8273388259889033 0.18918322190884615 0.06799863932913329 0.0728291525814814