2 0.9579907188913123 0.8832366623877635 0.04629391152670084 0.07969998578399971
2 0.9228083814809203 0.8433709948370158 0.0489868459530688 0.065148974821414
2 0.1341148092679887 0.46090812324068775 0.06289593563991226 0.06878280889737343
2 0.02563750323447667 0.7795378874036365 0.05127500646895334 0.08884089185939356
2 0.3299400622821401 0.4600182849918809 0.05035957420359378 0.06238735822900973
2 0.3876395535648931 0.44893092913220445 0.04068987405605387 0.07130200770917143
2 0.366410747596845 0.3977925386166084 0.04413785532073038 0.06717574400593915
2 0.29600163102056054 0.3257000924040019 0.037859574203593774 0.06224190756064619
2 0.6159896449889923 0.7059784751750746 0.09961307068966442 0.17336966638375692
2 0.667903291619506 0.7345390973902265 0.061705014570979544 0.1027944254897774
2 0.6503159315713022 0.7736300010962869 0.05898379902747498 0.11248432534125198
2 0.6756346411737891 0.8379143525002064 0.05887875487811035 0.09442876978569643
2 0.8789255192196164 0.7473603749911975 0.08677773744361666 0.11558532682650448
2 0.39812305092381606 0.9147496200933763 0.07026459684140542 0.14178028149090854
2 0.953990624778269 0.6159401960181474 0.06587976155682801 0.10423179793478742
2 0.9642421079069045 0.5248548454983091 0.06533884317683929 0.13061260623098955
1 0.8238992245704743 0.6570346001839243 0.09620906817529103 0.06569845512412055
2 0.4840748706772767 0.344343585119195 0.04547422213493696 0.05816412741353503
2 0.4285435560792668 0.3408233658674774 0.043370688003648974 0.05466766341325224
2 0.40578445563664695 0.3140066920928106 0.046112104345108186 0.04844998578399971
2 0.4267798583588154 0.16655013268266936 0.04615654610060871 0.0560888746728886
2 0.3890818905388591 0.2010142624655378 0.035029274351133684 0.053181807412121015
2 0.1463778288677155 0.14342580323927365 0.03706816592896674 0.045567160301292695
2 0.26230422031884504 0.5080243247047289 0.04816715656130499 0.04361311645094917
2 0.24862137956909416 0.4727692698917995 0.043342406886512364 0.04980655230214113
2 0.68316676077971 0.2593936467218629 0.056702497874185395 0.0784323057854138
2 0.8639521424267517 0.3371457231417024 0.043390888801603626 0.05813988563547446
2 0.8524854972716377 0.3983861237358033 0.06232673614278686 0.0903025060824643
2 0.8735365362176843 0.48008006980695495 0.06637219802172531 0.0695176563052521
2 0.8809774572866171 0.5140189610651772 0.05587876832283093 0.05620200297050467
2 0.47161169511879264 0.2188026719358009 0.03227977769049251 0.05801059615248458