2 0.9152041342409253 0.5203896846486588 0.06012329645169024 0.07328070704412318
2 0.10497969459522276 0.41955173002443397 0.03958415343589314 0.04835846820907111
2 0.06593212004355668 0.4699449712807666 0.04566592752550659 0.05569139494209073
2 0.12925498920283054 0.3453239356338265 0.036701131951303784 0.04677533817589479
2 0.3165954834374935 0.4254770555336994 0.04315125901475775 0.058969376020025444
2 0.3576625890163581 0.41224389227486363 0.03802703863661776 0.05515723179529996
2 0.3919232151132171 0.3338640316570276 0.03974201899611055 0.0504418015424046
2 0.40928514632688795 0.2870594926022566 0.040057750116545145 0.05460846820907127
2 0.4390944556871531 0.2400753128426362 0.027189397142704606 0.048873271948666204
2 0.48432658772756476 0.3177318516733169 0.03967903679253545 0.058726574589666014
2 0.37748410657969267 0.5061833744513936 0.05200045053197976 0.07547576138903828
2 0.2663179133074963 0.651419060376261 0.040899699771037884 0.06571957932018221
2 0.296061780156507 0.7329217032783008 0.05133790724060271 0.09408008053082269
2 0.36936588029223294 0.8321012609190017 0.04825475869255942 0.08073995522816264
2 0.4261764602870377 0.6657989581659568 0.04826511904272858 0.07176073773645662
2 0.4518286432282456 0.6736758895174475 0.04324614237140009 0.0693374824006202
2 0.48405855784517704 0.5947472653133826 0.04810725348251121 0.0696774044031233
2 0.5238109371914567 0.553284681262684 0.046013559799008716 0.07851094103661356
2 0.4883631894742824 0.5288236033772323 0.043667117198646424 0.07489303795617575
2 0.47089847486147934 0.44024543561197044 0.04298303310437114 0.06586526017839797
2 0.5039894196281222 0.459345199086154 0.04868609386997491 0.07731629329201219
2 0.6064585462253951 0.6476662885177837 0.05674595758611013 0.0834060119943585
2 0.7366839097975476 0.8616770634261002 0.06777336579330798 0.110426184602182
2 0.8046702233121582 0.6117015053372188 0.10150695325354933 0.1362710688725997
2 0.9038634552209722 0.41480492821422704 0.05157947570473343 0.06992020583348271
2 0.6545819007759942 0.26783437828554885 0.03888970899144858 0.04830990792299935
2 0.24208980081848402 0.44243000141287453 0.04016299382335681 0.05599735709796