2 0.7857976200618515 0.28616225968650527 0.05021128512305558 0.07214922002503173
2 0.6555000978565737 0.31399303318194727 0.05869008882111126 0.07898194345789433
2 0.4466356957117282 0.23222758237002167 0.04518854027336421 0.0648648535780841
2 0.4814243133237345 0.1375841378135321 0.052520905690401305 0.08201712310546962
2 0.224152536981975 0.378128188324292 0.05817344148910498 0.0865722720607113
2 0.12396951418648092 0.6610727158328851 0.06946234971265441 0.09498812552675039
2 0.03341928157891928 0.5599409052776284 0.054571912276018576 0.08077391507479648
2 0.07699090383503036 0.5943330469690279 0.05828658510611117 0.09143338317182258
2 0.7121807026362339 0.5894351582605171 0.06695934929046309 0.10659943993801828
2 0.6224715461007403 0.42237968576911 0.054879016379320925 0.09396835951924093
2 0.5422046087488267 0.5347628822536054 0.06477903571398164 0.10228709241313602
2 0.5056391812753389 0.6461701140489053 0.07002806779768522 0.11929368108230594
2 0.41878629686111063 0.5946983814911454 0.053877467831574044 0.0807253547887244
2 0.7172750685587652 0.22162240413532094 0.04799864479885798 0.06644798361126057
2 0.715499419960185 0.1787610897240529 0.03788850160404327 0.04910147293958755
2 0.8775595250773145 0.3650232877334678 0.0615815908473457 0.11384984653833215
2 0.8640856582256785 0.616251895324703 0.0678315908473457 0.11428688911297924
2 0.7171907679007712 0.40396993130777853 0.06043457193487679 0.09435684180781594
2 0.7742795214470366 0.45336308949996257 0.06986643405910513 0.11234923663786149
2 0.6703241399034255 0.3919942529828887 0.057446670296944544 0.0851348228857505
2 0.5413849217336726 0.33167914231995815 0.05203600447466054 0.06118378977213628
2 0.49212553377388846 0.4522937925978853 0.06382597728780866 0.09112742101595314