2 0.6479166666666667 0.7875 0.06319444444444444 0.11041666666666666
2 0.8319444444444445 0.4361111111111111 0.07361111111111111 0.09444444444444444
2 0.8569444444444444 0.8576388888888888 0.07361111111111111 0.10069444444444445
2 0.6583333333333333 0.6888888888888889 0.0625 0.09375
2 0.6381944444444444 0.21875 0.05138888888888889 0.07222222222222222
2 0.3347222222222222 0.11666666666666667 0.027083333333333334 0.03888888888888889
2 0.5076388888888889 0.6159722222222223 0.052083333333333336 0.08819444444444445
2 0.39375 0.49583333333333335 0.03333333333333333 0.06319444444444444
2 0.18611111111111112 0.5875 0.035416666666666666 0.06458333333333334
2 0.25277777777777777 0.4125 0.041666666666666664 0.05694444444444444
2 0.7402777777777778 0.25763888888888886 0.058333333333333334 0.06736111111111111