0 0.6798611111111111 0.10972222222222222 0.03125 0.06111111111111111
0 0.69375 0.058333333333333334 0.027777777777777776 0.04375
0 0.5284722222222222 0.29930555555555555 0.029166666666666667 0.04513888888888889
0 0.4576388888888889 0.35138888888888886 0.022916666666666665 0.034027777777777775
0 0.4375 0.41944444444444445 0.029166666666666667 0.04236111111111111
0 0.5909722222222222 0.3888888888888889 0.03333333333333333 0.04583333333333333
0 0.5979166666666667 0.42777777777777776 0.03194444444444444 0.059722222222222225
0 0.49930555555555556 0.6118055555555556 0.027083333333333334 0.05277777777777778
0 0.5659722222222222 0.5111111111111111 0.034722222222222224 0.06388888888888888
0 0.46944444444444444 0.5875 0.029166666666666667 0.06111111111111111
0 0.44027777777777777 0.6666666666666666 0.034027777777777775 0.06180555555555556
0 0.3902777777777778 0.9263888888888889 0.03125 0.06319444444444444