2 0.7173611111111111 0.9520833333333333 0.12361111111111112 0.09583333333333334
2 0.6784722222222223 0.8590277777777777 0.06527777777777778 0.1326388888888889
2 0.09583333333333334 0.5263888888888889 0.06527777777777778 0.08055555555555556
2 0.27708333333333335 0.38472222222222224 0.04375 0.06736111111111111
2 0.2361111111111111 0.5833333333333334 0.043055555555555555 0.049305555555555554
2 0.2222222222222222 0.5395833333333333 0.04513888888888889 0.06041666666666667
2 0.3138888888888889 0.5229166666666667 0.043055555555555555 0.0798611111111111
2 0.3458333333333333 0.4736111111111111 0.04791666666666667 0.07291666666666667
2 0.3729166666666667 0.51875 0.04861111111111111 0.06319444444444444
2 0.40625 0.4076388888888889 0.041666666666666664 0.06041666666666667
2 0.3840277777777778 0.37222222222222223 0.04027777777777778 0.05625
2 0.46944444444444444 0.41597222222222224 0.04722222222222222 0.07291666666666667
2 0.6215277777777778 0.8013888888888889 0.10069444444444445 0.2048611111111111
2 0.8833333333333333 0.8548611111111111 0.07708333333333334 0.125
2 0.9444444444444444 0.7048611111111112 0.06041666666666667 0.10625
2 0.9590277777777778 0.6201388888888889 0.0798611111111111 0.13541666666666666
2 0.8423611111111111 0.47847222222222224 0.05277777777777778 0.08541666666666667
2 0.8611111111111112 0.5611111111111111 0.05763888888888889 0.07013888888888889
2 0.8722222222222222 0.5965277777777778 0.05277777777777778 0.06319444444444444
2 0.40625 0.21944444444444444 0.04513888888888889 0.049305555555555554
2 0.36875 0.25069444444444444 0.04027777777777778 0.04722222222222222
2 0.6756944444444445 0.33402777777777776 0.03680555555555556 0.044444444444444446