0 0.6875336363104685 0.1532897018251935 0.03552330517432567 0.06311370210409753
0 0.6978290640300381 0.10279085337763191 0.03083707580030632 0.0455300808826546
0 0.5494017055192035 0.33317159434805926 0.03232308526133888 0.047007973815676174
0 0.4822103936412613 0.3807157214306234 0.02529612068418885 0.03549634450596781
0 0.4668304127874169 0.44748071834625436 0.03212884411705153 0.04423019603789839
0 0.6181659824224763 0.42676010966736544 0.03653831221407763 0.04796943039251889
0 0.6278298028869461 0.466094018776918 0.03612062904662628 0.061769315237275024
0 0.5420871675848838 0.6438025094212719 0.03077391507479632 0.05451335663836592
0 0.6017125927711275 0.5473802590951986 0.039189768540835404 0.0661139899922072
0 0.5105264464612568 0.6175833669168627 0.033439971840992185 0.0629801960378984
0 0.4868956524067847 0.6948809486567421 0.038349643238175364 0.06398615463680749
0 0.4550571993976687 0.9513990252901859 0.03566898603254127 0.06519703543743087