2 0.9217899889348375 0.6743699041303779 0.06390193913571428 0.048627758823110726
2 0.1786982436453745 0.391926705212524 0.0797185753388663 0.10571765393591871
2 0.2649094996820325 0.2838281955937356 0.06661872272842229 0.08335806163801986
2 0.28221516969961996 0.11794485989106891 0.05335708298611708 0.0582206915623431
2 0.2083202830865077 0.05037316684347343 0.042124631526110234 0.05600806874601996
2 0.541883246870807 0.09803417370391579 0.06972692390395707 0.07714846460145416
2 0.4703711114248318 0.3355579289553505 0.0772307741758804 0.09874896771341371
2 0.5705123511545882 0.2985028480797539 0.0675894455195886 0.10002472830468652
2 0.6731818388302957 0.25383312009332903 0.0852268349774216 0.11688532919583786
2 0.7043030013261208 0.17289018261542988 0.07936140342621374 0.08767017897305007
2 0.7742180919552418 0.7741103521111464 0.15966613310745445 0.2391969244642414
2 0.5084132099564271 0.636898820814744 0.10390899165831671 0.1635989606054134
2 0.7158740213604081 0.33216037817381355 0.06062510169428366 0.06385705304476738
2 0.6207892775225544 0.3539861648277536 0.05999100341366494 0.10063028622957546