3 0.7510365148605508 0.6207789091826466 0.0619327861315251 0.09829373796017965
3 0.48456750773091545 0.3805846170557762 0.05882908673711553 0.08567239761128384
0 0.8019163668340471 0.9677971627510484 0.048780942898261195 0.06440567449790315
0 0.8540847879782275 0.9777079206200271 0.04727868000258613 0.044584158759945716
0 0.7989813531116422 0.5719381676205694 0.05426561104669708 0.08056860580238126
0 0.529324934114925 0.7383441982723167 0.053684540609038656 0.08191704790830462
0 0.6879830429497444 0.39312996890904367 0.04844082087790266 0.06847992276606871
0 0.6493212459089718 0.4906558660141275 0.0491777519220133 0.07750770054384648
0 0.5969970787698535 0.5162159198628505 0.04136880202294498 0.07497945259789529
0 0.013149181371569816 0.5041797169134922 0.026298362743139632 0.05823189236529818
0 0.0026794637610776744 0.5612996467578676 0.005358927522155349 0.06222992276606871