3 0.20208333333333334 0.9666666666666667 0.034027777777777775 0.059027777777777776
3 0.2611111111111111 0.7881944444444444 0.052083333333333336 0.05
0 0.07708333333333334 0.95625 0.06041666666666667 0.06736111111111111
0 0.5875 0.8506944444444444 0.04861111111111111 0.10347222222222222
0 0.43819444444444444 0.7729166666666667 0.03125 0.05625
0 0.38263888888888886 0.7388888888888889 0.027083333333333334 0.049305555555555554
0 0.4486111111111111 0.5916666666666667 0.022916666666666665 0.04791666666666667
0 0.32430555555555557 0.46041666666666664 0.02638888888888889 0.0375
0 0.2833333333333333 0.44305555555555554 0.02638888888888889 0.04513888888888889
0 0.27152777777777776 0.5083333333333333 0.034027777777777775 0.052083333333333336
0 0.28958333333333336 0.7083333333333334 0.030555555555555555 0.05486111111111111
0 0.3215277777777778 0.75 0.03194444444444444 0.05486111111111111
0 0.22083333333333333 0.7256944444444444 0.03125 0.04236111111111111
0 0.10694444444444444 0.8090277777777778 0.035416666666666666 0.05625
0 0.06180555555555556 0.5784722222222223 0.04652777777777778 0.07013888888888889
0 0.17777777777777778 0.06944444444444445 0.027083333333333334 0.05625
0 0.13680555555555557 0.1388888888888889 0.035416666666666666 0.04097222222222222
0 0.16597222222222222 0.18680555555555556 0.03194444444444444 0.04722222222222222
0 0.11458333333333333 0.31319444444444444 0.027083333333333334 0.06041666666666667