2 0.6002695787184218 0.40205695848883305 0.05222927052832284 0.07401676176554808
2 0.9303517849918336 0.7905137924413538 0.047852508451797525 0.05581570300377684
2 0.035932068852075685 0.8210604091949212 0.05270602549684779 0.11498898398777063
2 0.7099181025532105 0.28024259954347164 0.07869896534408033 0.08188272651602485
2 0.6880438323431494 0.36902566524261915 0.07155299260909011 0.12397708174907396
2 0.8055300445575704 0.8611244457205158 0.12102872713769557 0.19998017471047863
2 0.5652593743192279 0.7340322618974873 0.08501409661220106 0.1473545085687568
2 0.07588419028924945 0.4961993039712962 0.04782826667373706 0.05373236967044366
2 0.31806655530799777 0.36998901931268746 0.054579263420322696 0.0970061800353226
2 0.24079834139611833 0.47072093115118224 0.05926260149232279 0.08189815599812976
2 0.5070124948723206 0.4411442474600928 0.06488280178937329 0.08764771582863946
2 0.5561787342456959 0.19226859309334354 0.060578765047029824 0.07569665706686829
2 0.4457368527477169 0.06693348141959048 0.0333419004526462 0.06155644178202234
2 0.23109744179220135 0.11427692687622812 0.04024594193365619 0.05832672490349281
2 0.7203604705778155 0.4617836059559029 0.03392321659947457 0.051858470094169384
2 0.6466847147252095 0.45365749375720477 0.05969895349741326 0.1193981559981296