2 0.26213857182169686 0.15625 0.05066592960177682 0.059027777777777776
2 0.2048003549291244 0.31180555555555556 0.028200167999079106 0.03888888888888889
2 0.613190717947793 0.19375 0.03454720080855351 0.04097222222222222
2 0.6596538071859211 0.19236111111111112 0.042009153570195204 0.052083333333333336
2 0.5367542700109561 0.2076388888888889 0.05273404815698702 0.07361111111111111
2 0.580279774835761 0.2326388888888889 0.058451325061666795 0.07708333333333334
2 0.16703021541955995 0.38055555555555554 0.06455673320424435 0.08888888888888889
2 0.2527797954218622 0.2833333333333333 0.05898404815698702 0.07361111111111111
2 0.7717582229547203 0.5715277777777777 0.1845282595337791 0.24930555555555556
2 0.9273365492122075 0.42291666666666666 0.07093419556996486 0.06180555555555556
2 0.48785599282908454 0.5145833333333333 0.10506475029795297 0.15347222222222223
2 0.6283524187108159 0.14652777777777778 0.0848573434422573 0.09236111111111112
2 0.6520719479823675 0.07430555555555556 0.07141935961733736 0.07222222222222222
2 0.43632240915226755 0.27291666666666664 0.07280824850622625 0.07222222222222222