2 0.6416631518756308 0.07317526408211598 0.07674902128385762 0.06438364440406355
2 0.774059248915666 0.34445514699050456 0.07109297835433179 0.09808387356132234
2 0.8297223214272638 0.23428142871306876 0.1155217864348736 0.13926560279384426
2 0.22950219552438453 0.3492189617563467 0.07003137193284685 0.11676108497898478
2 0.2767678120472789 0.2746832288048279 0.030830836940456487 0.05712051007581304
2 0.3255763831152949 0.24879500125558895 0.07359195995617264 0.08225722850377525
2 0.34229347366470536 0.09356404140831474 0.05531821608901437 0.06881097693338695
2 0.2635823347761826 0.03601565857518931 0.03678991919165292 0.04078139202966538
2 0.4830889642847205 0.17032373837768366 0.06066770490583401 0.057296575707181635
2 0.5695531782087286 0.3143107809424392 0.08773540187526471 0.09756844766048418
2 0.6545589282061656 0.6927288914000668 0.13884707178797617 0.2036246645556896
2 0.857385913058445 0.14969887783104635 0.1086535862186657 0.10352138750665855
2 0.8884486370831304 0.33934909392224194 0.056561646103501236 0.06055043218239117
2 0.7070082067082972 0.27919213377391505 0.06679297438612998 0.09022661892542076