2 0.9296601697820743 0.5683739290400311 0.05380706172080257 0.07458836672692147
2 0.12202636339710826 0.4942590601084586 0.0405446975830905 0.05368635068054207
2 0.09934741565687813 0.5670141203914876 0.04671217745038479 0.04261564116534042
2 0.48337043446689826 0.5393993380129398 0.040933179871665476 0.059241906236097625
2 0.5195155054246432 0.5500220528187445 0.05503091034427996 0.052382305143062996
2 0.6555580497701562 0.7285189790037098 0.05834761023660617 0.0898863453026539
2 0.47156899080676973 0.7677099538515244 0.045779690543338664 0.06898836941586556
2 0.5086173477926847 0.7713963045320664 0.047022898574011804 0.06691311640171402
2 0.9514456729658148 0.46298806018729505 0.046780097143652534 0.0634408941794918
2 0.9066321056399911 0.4773047429876262 0.043822678661025016 0.0509287737007191
2 0.9701956729658149 0.9601882295907729 0.059608654068370334 0.07962354081845432
2 0.8215442253594858 0.9182967030026058 0.06338836205256687 0.10241058626019961
2 0.9794046047265467 0.8193996665709327 0.04119079054690676 0.11506411232465534
2 0.8372647752881641 0.6566891152670064 0.08499865996305024 0.11364290215903894
2 0.5526057137914518 0.6460089122165336 0.04319615390984824 0.07174998655527957
2 0.5208456690196144 0.6881680153480976 0.04282227206071146 0.056476248937092854
2 0.3964966356819099 0.6173342190095669 0.04212782761626686 0.0564722087775018
2 0.32746035646940147 0.5433514132160892 0.04894595060969146 0.07456008560978486
2 0.3915292095993051 0.4569539137792186 0.04015621529451544 0.04813079512498651
2 0.39794933236863933 0.4097882537912696 0.042433789772136445 0.050920693381537145
2 0.4239110201545617 0.36412460716075584 0.03480950132268548 0.04115806956340546
2 0.48135058539524017 0.431098325956334 0.026155605394044792 0.056379285106910024