1 0.9534722222222223 0.35625 0.09236111111111112 0.13194444444444445
2 0.5222222222222223 0.21666666666666667 0.044444444444444446 0.04791666666666667
2 0.5652777777777778 0.33402777777777776 0.04791666666666667 0.05347222222222222
2 0.6305555555555555 0.3375 0.04583333333333333 0.06458333333333334
2 0.7423611111111111 0.4326388888888889 0.06041666666666667 0.09097222222222222
2 0.8763888888888889 0.09444444444444444 0.05277777777777778 0.07708333333333334
2 0.5833333333333334 0.07916666666666666 0.04513888888888889 0.052083333333333336
2 0.2708333333333333 0.2125 0.04791666666666667 0.06736111111111111
2 0.3138888888888889 0.38819444444444445 0.049305555555555554 0.08680555555555555
2 0.26180555555555557 0.3715277777777778 0.043055555555555555 0.06875
2 0.6569444444444444 0.6277777777777778 0.06736111111111111 0.11388888888888889
2 0.6 0.6409722222222223 0.07847222222222222 0.12430555555555556
2 0.4986111111111111 0.8958333333333334 0.059027777777777776 0.1326388888888889
2 0.56875 0.9097222222222222 0.06805555555555555 0.13541666666666666
2 0.7305555555555555 0.8291666666666667 0.08888888888888889 0.15
2 0.7715277777777778 0.7270833333333333 0.07222222222222222 0.11875
3 0.8722222222222222 0.32013888888888886 0.11666666666666667 0.17430555555555555
2 0.9284722222222223 0.19305555555555556 0.04027777777777778 0.05694444444444444
2 0.7145833333333333 0.19166666666666668 0.04791666666666667 0.06180555555555556
2 0.41180555555555554 0.0375 0.03680555555555556 0.04375
2 0.3458333333333333 0.018055555555555554 0.03888888888888889 0.03194444444444444