2 0.45899916087342263 0.34344928612370784 0.028611116998597357 0.04532742453564538
2 0.497112032662495 0.32349208374754057 0.03265653099341755 0.042097883011214775
2 0.4496473050965801 0.313797258061458 0.03902778366526402 0.04593412628012443
2 0.3303946817420969 0.4711001704610434 0.0590873125212045 0.08452618942018657
2 0.29546745100766325 0.6021280371653565 0.04215388997647583 0.07591657774013136
2 0.6180159638513741 0.709622446218268 0.07694886380180589 0.08002225022172793
2 0.644770793940795 0.562871887123559 0.07648149521894917 0.10633024554468623
2 0.7252800610500358 0.6257757069319674 0.0520789375259167 0.10213683036312425
2 0.802195853265208 0.6850050706033274 0.10001324629711171 0.14512454259957477
2 0.9190035978932428 0.576765033061506 0.054702391045214606 0.07803350872239495
2 0.895654817415346 0.4638269675829229 0.053838192860184916 0.07313195082831846
2 0.916325005437935 0.420676820193367 0.05040565065443729 0.05422016369645759
2 0.9589440513748436 0.4106845207372135 0.06207452405604133 0.07083953444612393
2 0.7796737741408594 0.4369739127217998 0.0477733760828749 0.05822504323126307
2 0.8257341833357805 0.46599184250343095 0.05894180931498896 0.0803595227535199
2 0.9788382296569738 0.8132463663320951 0.04232354068605244 0.14342577771503343
2 0.7904829334771438 0.9811051961534004 0.09582011647365221 0.037789607693199265
2 0.7411420937125308 0.9212381700845785 0.08802911594870706 0.11947739407213033
2 0.776635907789722 0.8262809677084113 0.09688053155605934 0.15464453090697058
2 0.5493541743740178 0.9066026357639427 0.08362876499061227 0.13238871103581826
2 0.5221606220435263 0.9689012816505846 0.052239870214237136 0.06219743669883068
2 0.6472642326108439 0.9518080719294482 0.06511905771188095 0.078640210466874
2 0.5764374488324893 0.47156988952482404 0.038809528855940634 0.03968412628012443
2 0.6065146021305 0.4199582193190041 0.04954145246940761 0.04931860580238126
2 0.12299390238948398 0.5650543484396024 0.04212081838984227 0.055123691189763235
2 0.16071655300622412 0.4743851530789976 0.04202381625236518 0.05234591341198546
2 0.432255393896121 0.7882042545850487 0.07190256946800497 0.09428200929133937
2 0.6117592965466717 0.31215069416421914 0.034861116998597355 0.04569144558233281
2 0.6058950924741563 0.2632969023553165 0.025906090823927266 0.04724897073711768