2 0.46193312085178206 0.25004517814859495 0.035565087951246396 0.04966359264276798
0 0.11794532561204234 0.30129247700865014 0.03456433030025528 0.05792413739376383
0 0.3224736263180236 0.6618497743598335 0.04661342523628633 0.07864533494135312
0 0.06495091737439533 0.9483140509572855 0.04459478044260269 0.0799250409567359
0 0.2786190375847405 0.791173829840126 0.04667811377593599 0.08003422383024202
0 0.45865144361286875 0.9530137861189296 0.04809934693464963 0.08080145685702418
0 0.5408526245718275 0.6802220262312745 0.04446540336330334 0.07714726317895797
0 0.4796977838399256 0.7504484682636892 0.04272072750634127 0.06943558570773152
3 0.2971387982688095 0.7277187195330248 0.04730786968073078 0.07868172923252183
3 0.5505861292145099 0.3537544429355728 0.03543571087194708 0.04688581486499028
0 0.6515774162281135 0.4546465827413663 0.05938930888658673 0.10009737122455564
0 0.656720052199755 0.31220973013568 0.0509893723000251 0.06848342831286792
0 0.6728578251982587 0.37609566611233125 0.04863207002997001 0.07736562892597065
0 0.5764061213110964 0.2983021644290482 0.04129949434762763 0.06866835268094952
0 0.37682276739166193 0.23727174129267065 0.04028160720493506 0.06168751394533621
0 0.2599982088030283 0.28726192321164074 0.04309172925253758 0.06252753555445578
0 0.22117411138429482 0.539466251067431 0.040572705633358436 0.06793751394533622
0 0.19306342027088153 0.6349779416047207 0.04115490249020526 0.08043751394533621
0 0.13788269588867935 0.6847349932154898 0.051312814998273344 0.07542787275731229