2 0.052111057643247825 0.40200309709549387 0.05422769209630466 0.06713598513999999
2 0.2226485900332227 0.05510762613913599 0.039493264788154805 0.053618273218395095
2 0.7756622078257667 0.29888424087910553 0.03869222839096046 0.041118273218395035
2 0.9168877189984012 0.7588027461134266 0.1662245620031977 0.2639408627991669
2 0.7515823558836802 0.1395331956241673 0.08264608609162881 0.08859969005379635
2 0.7285217924449371 0.2124977717809574 0.09470932757475117 0.11453658510611117
2 0.5673776345186828 0.07838627397663626 0.07433966687174455 0.07800522627469143
2 0.6226981602559376 0.25996012208524744 0.07054660429022622 0.0945587493243519
2 0.5977445369755153 0.617178182622377 0.11753592569623932 0.16776693735191373
2 0.5216466351339165 0.3061467271176547 0.08118578106722478 0.09827342215444451
2 0.3046809740207541 0.1124896429406484 0.05579458907345898 0.06994608966549387
2 0.29968316334030665 0.2725507153824385 0.07707294262745595 0.07737543532567905
2 0.25722372198023125 0.2916713117182718 0.029103512234937137 0.04297531931771606
2 0.21906338885197585 0.3670580714279631 0.07184648913498243 0.09320218718317916
2 0.6847075735121618 0.30786178664095737 0.0662195174439115 0.10277893904067904