2 0.6272584877357811 0.22561456782135064 0.033451034270965685 0.04842877657714529
2 0.3363366893963027 0.36507915289076515 0.050481348123636846 0.07023283270164503
2 0.4052873037527263 0.15846448382283349 0.04335508008619008 0.05941169820532567
2 0.5746765927151489 0.3706190661145181 0.05179750757532481 0.06614705960090896
2 0.3756916504364429 0.5397686288738686 0.05623084884506145 0.0816675180764782
2 0.3323174191953143 0.515692703769279 0.059460639609947366 0.0679808631024157
2 0.47297060534044627 0.22357982644750599 0.0347187074311863 0.04156522569863136
2 0.4653524448062552 0.18212224282970055 0.03349952056243303 0.051206554354923065
2 0.49573478355063944 0.1540003433860959 0.03555861075003261 0.049939005814929986
2 0.931279695528046 0.2516635920934706 0.0520156958869276 0.07864705960090887
3 0.9248447175355251 0.5008478073001305 0.13665815908987738 0.15850067355674088
2 0.7887441507975215 0.6117915781878339 0.06692631168766512 0.09824644204317946
2 0.7067445508710553 0.8093044250460922 0.07867986616071741 0.13569914612617928
2 0.6461703037571199 0.814813332705892 0.07712127525169307 0.12589603033802632
2 0.8192793383898965 0.9333392553464722 0.07771874711320316 0.1203809215654363
2 0.7741838438016796 0.9835355897036449 0.09091670634868321 0.03292882059271025
2 0.6115411789352793 0.48885630818279524 0.04498640043241535 0.07338148066014519
2 0.671824508300411 0.5000140671896622 0.05206418217839478 0.08142483737868657
2 0.7662064072892447 0.34979748698552193 0.052467708874035505 0.06479861749498528