2 0.8895833333333333 0.2652777777777778 0.035416666666666666 0.05416666666666667
2 0.40555555555555556 0.37916666666666665 0.043055555555555555 0.06319444444444444
2 0.8923611111111112 0.8597222222222223 0.08333333333333333 0.13472222222222222
2 0.7208333333333333 0.32013888888888886 0.03958333333333333 0.05277777777777778
2 0.8 0.2916666666666667 0.03958333333333333 0.04652777777777778
2 0.7590277777777777 0.3055555555555556 0.03680555555555556 0.052083333333333336
2 0.41944444444444445 0.9409722222222222 0.06527777777777778 0.11458333333333333
2 0.48125 0.9472222222222222 0.06527777777777778 0.10555555555555556
1 0.5909722222222222 0.8972222222222223 0.11736111111111111 0.09444444444444444
2 0.9208333333333333 0.46458333333333335 0.052083333333333336 0.05763888888888889
2 0.9298611111111111 0.5097222222222222 0.044444444444444446 0.050694444444444445
2 0.9201388888888888 0.5444444444444444 0.044444444444444446 0.05763888888888889
2 0.8354166666666667 0.9138888888888889 0.09583333333333334 0.11458333333333333
2 0.7534722222222222 0.5715277777777777 0.06458333333333334 0.07777777777777778
2 0.6402777777777777 0.6236111111111111 0.06180555555555556 0.09861111111111111
2 0.5902777777777778 0.6680555555555555 0.05138888888888889 0.08958333333333333
2 0.3854166666666667 0.4875 0.044444444444444446 0.07291666666666667
2 0.34375 0.525 0.03958333333333333 0.06041666666666667
2 0.22847222222222222 0.46458333333333335 0.04583333333333333 0.06805555555555555
2 0.11736111111111111 0.6208333333333333 0.05138888888888889 0.06805555555555555
2 0.14722222222222223 0.6798611111111111 0.049305555555555554 0.07013888888888889
2 0.16597222222222222 0.41875 0.04375 0.06319444444444444
2 0.46458333333333335 0.5298611111111111 0.044444444444444446 0.07152777777777777
2 0.7888888888888889 0.6972222222222222 0.058333333333333334 0.08611111111111111
2 0.7201388888888889 0.7034722222222223 0.07013888888888889 0.13055555555555556