0 0.04097222222222222 0.3680555555555556 0.03611111111111111 0.04236111111111111
0 0.8409722222222222 0.78125 0.05 0.07152777777777777
3 0.5229166666666667 0.7930555555555555 0.04236111111111111 0.06597222222222222
3 0.17569444444444443 0.7590277777777777 0.05555555555555555 0.0763888888888889
0 0.24513888888888888 0.1736111111111111 0.027083333333333334 0.05625
0 0.36666666666666664 0.25 0.02361111111111111 0.04375
0 0.03819444444444445 0.9256944444444445 0.06041666666666667 0.10277777777777777
0 0.7145833333333333 0.8159722222222222 0.034722222222222224 0.07013888888888889
0 0.6902777777777778 0.675 0.035416666666666666 0.06388888888888888
0 0.6361111111111111 0.6611111111111111 0.035416666666666666 0.06180555555555556
0 0.47430555555555554 0.66875 0.04583333333333333 0.07430555555555556
0 0.2833333333333333 0.7361111111111112 0.06875 0.10208333333333333
0 0.058333333333333334 0.18263888888888888 0.052083333333333336 0.07222222222222222