2 0.8770833333333333 0.21805555555555556 0.05 0.05763888888888889
2 0.7958333333333333 0.2847222222222222 0.04097222222222222 0.06736111111111111
1 0.5645833333333333 0.7 0.07569444444444444 0.12013888888888889
2 0.3861111111111111 0.5409722222222222 0.052083333333333336 0.08680555555555555
2 0.4388888888888889 0.5680555555555555 0.05555555555555555 0.09861111111111111
2 0.53125 0.48819444444444443 0.05486111111111111 0.06666666666666667
2 0.49583333333333335 0.4736111111111111 0.05138888888888889 0.06666666666666667
2 0.5409722222222222 0.39305555555555555 0.04722222222222222 0.06597222222222222
2 0.6083333333333333 0.46875 0.05694444444444444 0.07222222222222222
2 0.6541666666666667 0.3972222222222222 0.04097222222222222 0.06736111111111111
2 0.6277777777777778 0.7201388888888889 0.07361111111111111 0.10347222222222222
2 0.7076388888888889 0.7048611111111112 0.0625 0.10069444444444445
2 0.9680555555555556 0.6006944444444444 0.0625 0.12569444444444444
2 0.5548611111111111 0.5430555555555555 0.05277777777777778 0.09513888888888888
2 0.4722222222222222 0.5840277777777778 0.05138888888888889 0.07222222222222222
2 0.8048611111111111 0.3486111111111111 0.06111111111111111 0.08958333333333333
2 0.7534722222222222 0.275 0.05277777777777778 0.08472222222222223