2 0.6381944444444444 0.35833333333333334 0.03888888888888889 0.05486111111111111
2 0.47152777777777777 0.7805555555555556 0.04513888888888889 0.07430555555555556
2 0.5361111111111111 0.7388888888888889 0.04513888888888889 0.07430555555555556
2 0.6819444444444445 0.7180555555555556 0.05347222222222222 0.09166666666666666
2 0.6777777777777778 0.6166666666666667 0.052083333333333336 0.08125
2 0.7604166666666666 0.6340277777777777 0.04791666666666667 0.08263888888888889
2 0.6770833333333334 0.8541666666666666 0.04583333333333333 0.07430555555555556
2 0.7520833333333333 0.7833333333333333 0.04375 0.07569444444444444
2 0.5611111111111111 0.9680555555555556 0.05555555555555555 0.06388888888888888
2 0.7013888888888888 0.9597222222222223 0.06736111111111111 0.0798611111111111
2 0.925 0.3958333333333333 0.05625 0.05625
2 0.8090277777777778 0.25277777777777777 0.0375 0.04722222222222222
2 0.5430555555555555 0.4756944444444444 0.034722222222222224 0.04236111111111111