0 0.749433588412127 0.09872588142562375 0.11456878909506259 0.11656457767738715
0 0.9332206469956346 0.1502243564590713 0.1079360658635232 0.13691254961513727
0 0.9282757088003366 0.5071420523886203 0.0631230985912661 0.14674306193942974
0 0.9063093230682281 0.7254402886419675 0.07213667596531713 0.15556175666834615
0 0.8261221757289705 0.7086852312540911 0.13200055839026467 0.17770928643742853
0 0.702496749602618 0.6737258814256238 0.003642283232401648 0.0022855672481597368
0 0.6759949451530011 0.8121157106508595 0.10103422263025945 0.11162942213438025
0 0.6035456310826627 0.717501981919275 0.1150079701069662 0.16427901042922757
0 0.5832072488725095 0.39937858304461443 0.08347464970151527 0.1251206923276516
0 0.5236837176909496 0.4850914274388635 0.07602002222653255 0.11846622449799896
0 0.48078436657639023 0.5788208800367588 0.08503359960058342 0.12728491922691554
0 0.47212385089976483 0.21923989754429288 0.08490613980158486 0.10032292624247785
0 0.4021266222136014 0.20465591618971532 0.059580218184952904 0.08640728883869357
0 0.25099402826088457 0.5659412166582688 0.08731539475154998 0.11290381980840827
0 0.24643020873592233 0.46944703652942144 0.06948670182108153 0.08076399058317255
0 0.7505535865223208 0.21200806857003363 0.14329593091528225 0.17214688174783815