2 0.7798611111111111 0.36527777777777776 0.04652777777777778 0.06944444444444445
2 0.8493055555555555 0.6875 0.08541666666666667 0.1111111111111111
2 0.7555555555555555 0.6784722222222223 0.08125 0.09513888888888888
2 0.6597222222222222 0.3416666666666667 0.05 0.07152777777777777
2 0.6055555555555555 0.41041666666666665 0.05138888888888889 0.059722222222222225
2 0.6486111111111111 0.4395833333333333 0.06319444444444444 0.07708333333333334
2 0.73125 0.42430555555555555 0.06319444444444444 0.07847222222222222
2 0.6791666666666667 0.4986111111111111 0.06805555555555555 0.08472222222222223
2 0.5881944444444445 0.5236111111111111 0.05347222222222222 0.07708333333333334
2 0.4888888888888889 0.45555555555555555 0.04791666666666667 0.06041666666666667
2 0.28680555555555554 0.5715277777777777 0.04027777777777778 0.06736111111111111
2 0.8972222222222223 0.24166666666666667 0.06666666666666667 0.09861111111111111