2 0.5872543251712418 0.7222222222222222 0.06106448008695319 0.1076388888888889
2 0.17066333264427347 0.49583333333333335 0.05059504969443438 0.07430555555555556
2 0.09507335115048762 0.6166666666666667 0.08773796901685774 0.12291666666666666
2 0.06439468023461031 0.5388888888888889 0.06167924669209653 0.08472222222222223
2 0.24905800602928604 0.3645833333333333 0.05022144560928605 0.05763888888888889
2 0.27773302145113116 0.4652777777777778 0.05176142847299145 0.07083333333333333
2 0.07754969085763694 0.7333333333333333 0.06515040441327298 0.1388888888888889
2 0.5548432688979135 0.4548611111111111 0.06005025978425841 0.07013888888888889
2 0.8012996305401758 0.46458333333333335 0.06667386386940659 0.08680555555555555
2 0.9637873015606423 0.6375 0.07242539687871544 0.07847222222222222
2 0.7721558742873554 0.2048611111111111 0.051182902186128684 0.06180555555555556