0 0.3566267887842421 0.37489356683504316 0.07125234735393285 0.08788785532073039
0 0.3432287431539733 0.44508901795820527 0.0690598311470931 0.0857924015086242
0 0.26228761495674935 0.5191485867839108 0.058433657470126674 0.041993919593532936
0 0.33064023066613046 0.5395779041581501 0.08014045379151075 0.05878179104792783
0 0.44428713051010554 0.43755875037307435 0.09445721543771192 0.1067671404276404
0 0.46251483944047495 0.5533895670096136 0.09782025478642803 0.10470400789226188
0 0.41602936177834127 0.5793466218274692 0.08737309965306773 0.07756815248424623
0 0.49481636162781495 0.6788577625169653 0.0983661691539595 0.11512067455892855
0 0.456539310520003 0.7998769431914821 0.07275041911632801 0.08997926897324551
0 0.5440215181672904 0.2300971655009894 0.07198613900178369 0.07539593563991226
0 0.3366374641958697 0.7165723539804827 0.12613508819502445 0.1548534937971267
0 0.13184618875485848 0.703184907886068 0.09478476405823102 0.11301714042764041
0 0.015208976331281586 0.7310358715416801 0.030417952662563173 0.07951412039148775
0 0.013926557239740624 0.6137192021860695 0.027853114479481248 0.0649227067389723
0 0.013442339313833623 0.3137717242607516 0.026884678627667247 0.11690099592294124