2 0.6653473208018313 0.3992306916123227 0.043046015307946085 0.05735322434682754
2 0.530674741005884 0.8107724285386174 0.050769427203308244 0.07719818698986924
2 0.59210076313487 0.7732444499241227 0.050769427203308244 0.07719818698986955
2 0.7363554408660297 0.7617565412247259 0.06041830687178636 0.0950933223657769
2 0.7245059836021179 0.6601006402034388 0.0582400901818106 0.08458765165497731
2 0.8084604188261515 0.6827574919404474 0.054178667221955516 0.08570952841146809
2 0.741808213022453 0.8975561381813726 0.051463871647752686 0.07724268901193562
2 0.8114407839750626 0.8315290232312066 0.04948578202123094 0.07849807183462537
2 0.6344659747587802 0.9851443320290397 0.06039676606888804 0.029711335941920602
2 0.7741122902956885 0.9812901804417382 0.0734126242527768 0.037419639116523566
2 0.9549944564412994 0.4551100267257314 0.060512370125868783 0.05985466378737559
2 0.8281821324174848 0.30462263348509294 0.04107828603159381 0.04962533141380598
2 0.5791015251385206 0.5104950257003419 0.03793215527997534 0.044586212214429426