2 0.4847222222222222 0.8826388888888889 0.05 0.0875
2 0.39652777777777776 0.6965277777777777 0.03333333333333333 0.04722222222222222
2 0.6458333333333334 0.4125 0.0375 0.05138888888888889
2 0.8270833333333333 0.32708333333333334 0.04027777777777778 0.06319444444444444
2 0.41805555555555557 0.7222222222222222 0.03333333333333333 0.05625
2 0.4361111111111111 0.7736111111111111 0.03958333333333333 0.058333333333333334
2 0.8583333333333333 0.9083333333333333 0.07708333333333334 0.13055555555555556
2 0.7319444444444444 0.8763888888888889 0.07430555555555556 0.12361111111111112
2 0.7430555555555556 0.6833333333333333 0.05416666666666667 0.06597222222222222
2 0.6854166666666667 0.6465277777777778 0.04861111111111111 0.049305555555555554
2 0.75625 0.5527777777777778 0.050694444444444445 0.06388888888888888
2 0.7152777777777778 0.5118055555555555 0.04583333333333333 0.05625
2 0.6513888888888889 0.46875 0.03680555555555556 0.05277777777777778
2 0.5868055555555556 0.5388888888888889 0.029166666666666667 0.050694444444444445
2 0.5402777777777777 0.6305555555555555 0.03888888888888889 0.06041666666666667
2 0.95625 0.4756944444444444 0.04583333333333333 0.06875
2 0.8291666666666667 0.6493055555555556 0.043055555555555555 0.06388888888888888
2 0.5506944444444445 0.8958333333333334 0.06458333333333334 0.08472222222222223