0 0.2881944444444444 0.14305555555555555 0.06527777777777778 0.10833333333333334
0 0.7097222222222223 0.08055555555555556 0.11666666666666667 0.16041666666666668
0 0.4486111111111111 0.034722222222222224 0.06388888888888888 0.06944444444444445
2 0.4847222222222222 0.04583333333333333 0.07222222222222222 0.09166666666666666
2 0.6166666666666667 0.1 0.08611111111111111 0.1111111111111111
2 0.5229166666666667 0.13680555555555557 0.08472222222222223 0.10138888888888889
0 0.55625 0.029861111111111113 0.0875 0.059027777777777776
1 0.5638888888888889 0.06180555555555556 0.15833333333333333 0.10347222222222222
1 0.85625 0.16944444444444445 0.12638888888888888 0.2
1 0.9590277777777778 0.20625 0.07916666666666666 0.19027777777777777
1 0.7541666666666667 0.2222222222222222 0.16111111111111112 0.17291666666666666
1 0.7006944444444444 0.31875 0.12638888888888888 0.20277777777777778
1 0.38333333333333336 0.48055555555555557 0.2833333333333333 0.2590277777777778
0 0.4263888888888889 0.17430555555555555 0.08333333333333333 0.12083333333333333
0 0.3159722222222222 0.24097222222222223 0.09861111111111111 0.14097222222222222
0 0.14652777777777778 0.4222222222222222 0.09861111111111111 0.1527777777777778
2 0.21388888888888888 0.34444444444444444 0.075 0.15069444444444444
1 0.03888888888888889 0.34444444444444444 0.07777777777777778 0.09652777777777778
2 0.03125 0.44722222222222224 0.0625 0.13333333333333333
2 0.06319444444444444 0.5479166666666667 0.12361111111111112 0.11875
1 0.059722222222222225 0.6409722222222223 0.11944444444444445 0.1361111111111111
1 0.06319444444444444 0.7048611111111112 0.12361111111111112 0.21458333333333332
0 0.18541666666666667 0.5826388888888889 0.14305555555555555 0.2222222222222222
0 0.18055555555555555 0.8111111111111111 0.1361111111111111 0.24930555555555556
0 0.07291666666666667 0.8986111111111111 0.14583333333333334 0.20277777777777778