0 0.775 0.9269020439460838 0.10625 0.14619591210783242
0 0.7847222222222222 0.569597771242942 0.058333333333333334 0.10583489823595503
0 0.6576388888888889 0.8983542826257223 0.1076388888888889 0.17091889290893852
0 0.7263888888888889 0.8102906507847646 0.08402777777777778 0.07384815367586649
0 0.5444444444444444 0.8208942353874334 0.10972222222222222 0.1113058535602224
0 0.6013888888888889 0.6759619005966068 0.09236111111111112 0.1784515518365587
0 0.5930555555555556 0.4435807246581369 0.06944444444444445 0.1161394291168779
0 0.6423611111111112 0.5468591637755646 0.07361111111111111 0.12746890597500168
0 0.41875 0.7754179797969957 0.15069444444444444 0.11900867229473609
0 0.3090277777777778 0.6266121262367731 0.08958333333333333 0.18386153022743928
0 0.30486111111111114 0.394449316045316 0.04722222222222222 0.0788637006883658
0 0.425 0.26463441730640364 0.08263888888888889 0.10016425398241798
0 0.3125 0.14554409769261703 0.07361111111111111 0.10663557264166836
0 0.09930555555555555 0.3260377169704687 0.07361111111111111 0.10802446153055717
0 0.05555555555555555 0.2313837655157245 0.0625 0.09910881953852342
0 0.08541666666666667 0.16767094225820423 0.08263888888888889 0.11196980953797353
0 0.16111111111111112 0.05705458666226775 0.06111111111111111 0.05875825317840806
0 0.23680555555555555 0.12213267551077574 0.04375 0.08215395145474416
0 0.2604166666666667 0.20045341474384754 0.06388888888888888 0.10612605256530543