2 0.05330942722074069 0.06634749405898231 0.10101945381595687 0.10404592488413589
2 0.1496276617698148 0.04550608040646709 0.07852245423814821 0.09101216081293419
0 0.43866144039197524 0.06690006991254636 0.08921447889185193 0.13380013982509273
0 0.3036321140664505 0.08086121866887476 0.08927913238728406 0.1366120909003878
0 0.36617886229367264 0.16798548382691722 0.11952874510243845 0.18330955538098515
2 0.34882926950481447 0.40624861098440773 0.11750948463308662 0.1562181417284699
2 0.251184477036481 0.5442980726887757 0.12925096732466068 0.18336611761525823
0 0.15740911786617268 0.1879475317041996 0.11322967434941372 0.15133278965981314
0 0.21412669444515411 0.2271955317914848 0.0859194731506174 0.11159593026202409
2 0.282165505995401 0.2573511115475372 0.10704374721339517 0.12421713504975224
2 0.2127516464043207 0.3459374514723029 0.0958691438697532 0.1810888566215597
2 0.12350832455345653 0.30201822777468085 0.1248083620395063 0.11182217919911672
2 0.04371130988301687 0.29000708708518474 0.08742261976603374 0.0970691591629639
2 0.04354505466952147 0.4045863802589272 0.08709010933904295 0.17832723948214568
2 0.023557975937931897 0.5470525355194027 0.047115951875863794 0.13089492896119453
2 0.04136241856723742 0.7059712289882251 0.08272483713447484 0.286668653134661
2 0.26955923564904255 0.7393036363111635 0.16881987917848784 0.2724731751220579
2 0.483795684229259 0.30547694050253793 0.10494483113765449 0.15336764107805514
2 0.546783488602253 0.134994638048419 0.12162649991527795 0.09444490744964189
2 0.5610418125640739 0.23836989644045864 0.10646302701740763 0.15893127695279266
2 0.6141411159246603 0.3137451682772187 0.09367208628796311 0.1463585540801557
0 0.6716206936007715 0.20092599566953437 0.1206913467573148 0.17359541347794477
0 0.5831468267491354 0.4521012191053008 0.11877138905691377 0.270098950298177
0 0.5281379227474995 0.5780986755190658 0.17676413027632742 0.1961408484674422
0 0.706950156452191 0.5326199502193405 0.1555763639810187 0.2404560078049766
1 0.4073011056254623 0.7579440889970107 0.13476267781024723 0.4201716731708138
2 0.5332859101679006 0.7745698910625706 0.19994231408197563 0.35667063960265527
2 0.7518368183053085 0.21504067049031853 0.09766095584219146 0.13874390614881243
1 0.7130743332500304 0.35899671862945653 0.17022377017833354 0.21346155798264402
2 0.8533647906129626 0.536628587656763 0.19075116067126568 0.2601024602289682
0 0.9178281070586419 0.06676997454654073 0.12266095584219146 0.13353994909308145
2 0.8200407473828395 0.05910938009280544 0.09801538880416653 0.09430754202354989
2 0.9497384828610185 0.1548695275483044 0.09674080479518542 0.15887471471851944