1 0.8541666666666666 0.03333333333333333 0.15 0.06666666666666667
0 0.034722222222222224 0.16041666666666668 0.06666666666666667 0.10833333333333334
1 0.08611111111111111 0.08263888888888889 0.08055555555555556 0.14583333333333334
0 0.1486111111111111 0.07430555555555556 0.10555555555555556 0.1284722222222222
0 0.08194444444444444 0.22083333333333333 0.12222222222222222 0.1361111111111111
2 0.17916666666666667 0.12986111111111112 0.10277777777777777 0.08611111111111111
2 0.15138888888888888 0.3416666666666667 0.1361111111111111 0.19027777777777777
1 0.041666666666666664 0.42569444444444443 0.07777777777777778 0.26944444444444443
0 0.27361111111111114 0.07777777777777778 0.09444444444444444 0.15555555555555556
2 0.3590277777777778 0.08263888888888889 0.10138888888888889 0.10625
0 0.4375 0.11875 0.12222222222222222 0.2076388888888889
0 0.6965277777777777 0.12361111111111112 0.18194444444444444 0.24166666666666667
0 0.5 0.2520833333333333 0.15 0.2125
1 0.5680555555555555 0.12083333333333333 0.1388888888888889 0.22708333333333333
1 0.6180555555555556 0.34097222222222223 0.225 0.2569444444444444
2 0.5826388888888889 0.45694444444444443 0.19583333333333333 0.3013888888888889
2 0.6284722222222222 0.7958333333333333 0.28194444444444444 0.4083333333333333
1 0.8430555555555556 0.41944444444444445 0.175 0.51875
1 0.8201388888888889 0.7840277777777778 0.21805555555555556 0.4076388888888889
0 0.9159722222222222 0.3638888888888889 0.16805555555555557 0.3972222222222222
0 0.7638888888888888 0.9020833333333333 0.32222222222222224 0.19583333333333333