0 0.20555555555555555 0.8604166666666667 0.06666666666666667 0.09583333333333334
0 0.3951388888888889 0.8395833333333333 0.06805555555555555 0.12361111111111112
0 0.5798611111111112 0.6104166666666667 0.0763888888888889 0.06805555555555555
0 0.75 0.7076388888888889 0.08819444444444445 0.11666666666666667
0 0.7631944444444444 0.9368055555555556 0.06944444444444445 0.10972222222222222
0 0.7618055555555555 0.8388888888888889 0.04375 0.10069444444444445
0 0.5618055555555556 0.4166666666666667 0.06111111111111111 0.09375
0 0.6125 0.3458333333333333 0.06527777777777778 0.08680555555555555
0 0.5319444444444444 0.12361111111111112 0.06944444444444445 0.0798611111111111
0 0.4444444444444444 0.17083333333333334 0.0625 0.075
0 0.425 0.23194444444444445 0.059722222222222225 0.07777777777777778
0 0.4 0.34375 0.06666666666666667 0.09027777777777778
0 0.26944444444444443 0.30625 0.06944444444444445 0.10555555555555556
0 0.14652777777777778 0.3388888888888889 0.09930555555555555 0.0798611111111111
0 0.03611111111111111 0.475 0.07222222222222222 0.11666666666666667