1 0.31180555555555556 0.7076388888888889 0.11527777777777778 0.21458333333333332
1 0.7673611111111112 0.7951388888888888 0.43194444444444446 0.4097222222222222
1 0.5111111111111111 0.8013888888888889 0.5527777777777778 0.3923611111111111
0 0.9576388888888889 0.5743055555555555 0.08472222222222223 0.28888888888888886
0 0.8055555555555556 0.5604166666666667 0.21944444444444444 0.2763888888888889
2 0.5729166666666666 0.5743055555555555 0.2152777777777778 0.23958333333333334
2 0.7201388888888889 0.23680555555555555 0.1375 0.15833333333333333
2 0.8597222222222223 0.2111111111111111 0.15555555555555556 0.18055555555555555
2 0.9055555555555556 0.13958333333333334 0.14722222222222223 0.15555555555555556
1 0.9354166666666667 0.052083333333333336 0.12916666666666668 0.10347222222222222
2 0.8284722222222223 0.043055555555555555 0.11527777777777778 0.08611111111111111
2 0.6236111111111111 0.03819444444444445 0.1 0.0763888888888889
2 0.575 0.21458333333333332 0.125 0.13819444444444445
2 0.025694444444444443 0.8840277777777777 0.05138888888888889 0.23194444444444445
2 0.22152777777777777 0.39861111111111114 0.12361111111111112 0.175
1 0.3645833333333333 0.3541666666666667 0.21805555555555556 0.23472222222222222
0 0.3840277777777778 0.2763888888888889 0.12916666666666668 0.14305555555555555
0 0.5388888888888889 0.36527777777777776 0.15555555555555556 0.2076388888888889
2 0.4875 0.1284722222222222 0.11388888888888889 0.13819444444444445
2 0.375 0.16944444444444445 0.11944444444444445 0.11597222222222223
2 0.39652777777777776 0.027083333333333334 0.09027777777777778 0.05416666666666667
2 0.38472222222222224 0.08541666666666667 0.09722222222222222 0.0763888888888889
1 0.2590277777777778 0.14583333333333334 0.1625 0.1284722222222222
1 0.2222222222222222 0.07430555555555556 0.08611111111111111 0.08888888888888889
1 0.1284722222222222 0.19652777777777777 0.0875 0.18541666666666667
2 0.04097222222222222 0.19236111111111112 0.08194444444444444 0.11875