1 0.8410906434185534 0.5383973697019188 0.25323353268728965 0.23467738342154754
1 0.6605160519919674 0.6648593319491228 0.13247731344657407 0.40910557752407045
1 0.6834901498078907 0.40563347907207353 0.14956231035302242 0.19790721389071153
1 0.4642545469471718 0.42149130298373283 0.17040548515803633 0.1592859596109823
2 0.5545954854504596 0.4268122467608593 0.1473383786653964 0.12649262188394597
2 0.46673652757692596 0.5543435967902641 0.13500341893080775 0.1481489152511069
2 0.48587057443390874 0.6768228501912527 0.16588905501718598 0.19372521740567378
2 0.49757489752189343 0.9055521035922413 0.23222564115302996 0.15211041723653568
2 0.9221362372664201 0.3993717249872422 0.10430218251703643 0.14482053843663875
2 0.8950087790786073 0.27237091778817923 0.16574337415897022 0.19164188407234053
2 0.9660211060444593 0.06336901137405306 0.06349024159246805 0.1267380227481061