3 0.3592837288794061 0.2653483756333236 0.09832733225960182 0.10176368057911607
1 0.30704476416264936 0.3422200625871741 0.08931352566252176 0.1610008921139529
1 0.1972381417986676 0.5271164343573979 0.11686409698066882 0.2949162382721487
1 0.365137492913227 0.4410516411300324 0.2280039527337774 0.18038583125240154
2 0.08180415957989368 0.4311574231073706 0.1358273322596018 0.10307320943505671
2 0.07045146968815302 0.5405158873140538 0.14090293937630605 0.14120372332865763
2 0.04216376675574488 0.7739043301459662 0.08432753351148976 0.2790586602919322
0 0.04192319082586778 0.9222222222222223 0.08384638165173557 0.15555555555555556
2 0.492744522011738 0.24284839329578214 0.12715376229439512 0.13254631199625952
2 0.49460145116604254 0.34807326242243236 0.12434769832067806 0.11513669981640978
2 0.510503244427203 0.47746700495068684 0.15819098546152033 0.19041227674673628
2 0.6426317210625245 0.42009929718470745 0.15833276027576063 0.17518300003769696
2 0.6327524921187042 0.0889529077520251 0.0737241412833536 0.10575177245293356
2 0.7071572212773191 0.08180124217294543 0.08324801629945726 0.08669533655839741
2 0.7696577943348919 0.2546076898424539 0.1233839046514804 0.1372619199011549
1 0.8030758716445286 0.16941809903737506 0.12213690518834615 0.08805336648307645
2 0.9665397799252408 0.2315367283547382 0.04441569980244695 0.11996252671846348
2 0.8500994028260884 0.08818574114190378 0.09855408027317417 0.1045414583568939
1 0.5569611663014917 0.7785516705674633 0.3294488409569722 0.38820550755656347
0 0.5916121572820502 0.6697267181169041 0.19319641347767913 0.26295857696802327
2 0.35212868522086366 0.8475876544232946 0.209125919877206 0.30482469115341077
2 0.7847381417986676 0.5476323864337996 0.19770331677621933 0.2333399712006048
2 0.9311950321693254 0.5450861097624574 0.07111608068121156 0.209530430569692
0 0.8147419446161352 0.8196120444374674 0.2621869034489205 0.3607759111250652