1 0.7361837897721363 0.08054719154892578 0.09736757954427257 0.10506742644678708
1 0.927593216337088 0.2426368621864501 0.14481356732582387 0.38649780853369875
2 0.8046421045195397 0.17820446384283725 0.19263722531577387 0.21974388934478414
0 0.6816422706478368 0.360158361063237 0.27729088077239794 0.4004644971688805
1 0.7850319727373533 0.3532917163650853 0.21596584557363802 0.47413692755347525
0 0.5722507760287678 0.20197359952563537 0.22954433687506537 0.3514313026104621
1 0.4782820929733617 0.24453987531798435 0.11952123500089663 0.2832413544231077
1 0.4129027591918479 0.11169230789943067 0.0896944072725846 0.19339038648061468
0 0.3024280143035941 0.04694628549154539 0.10207825082941042 0.07340594642987326
2 0.32379518724755285 0.15445665879105108 0.14975655149731001 0.20068499166848924
1 0.3837205214772473 0.4172655564673459 0.1568561947354853 0.26260373299505707
2 0.28146738891074496 0.3611641282630777 0.16831706932078008 0.22844743962789602
0 0.21712620993544046 0.5600499635653149 0.30569961873294477 0.5096467237848057
0 0.08849370641556452 0.5624257141021342 0.12968969419711573 0.4484625393153793
2 0.19119783492382128 0.813128398782983 0.23184635326380487 0.305129896374709
1 0.38280166440114327 0.7309151071898283 0.23755710761309118 0.36699204481577047
1 0.7388806989447153 0.7868930647988568 0.5222386021105693 0.4262138704022865
1 0.7382372751542629 0.7776916759099679 0.5235254496914744 0.44461664818006424
1 0.2797366368023612 0.9428023568313819 0.34144290110733766 0.11439528633723625