0 0.23680555555555555 0.3840277777777778 0.06805555555555555 0.08125
0 0.1597222222222222 0.36944444444444446 0.05277777777777778 0.07152777777777777
0 0.18541666666666667 0.4125 0.059722222222222225 0.06944444444444445
0 0.28541666666666665 0.4395833333333333 0.10138888888888889 0.09861111111111111
0 0.20416666666666666 0.49166666666666664 0.058333333333333334 0.08888888888888889
0 0.15763888888888888 0.4875 0.06805555555555555 0.08611111111111111
0 0.12152777777777778 0.5458333333333333 0.06527777777777778 0.09375
0 0.47847222222222224 0.28055555555555556 0.059722222222222225 0.06180555555555556
2 0.48194444444444445 0.3236111111111111 0.058333333333333334 0.05416666666666667
1 0.43680555555555556 0.475 0.07916666666666666 0.13055555555555556
1 0.49166666666666664 0.3951388888888889 0.058333333333333334 0.08888888888888889
1 0.5520833333333334 0.3347222222222222 0.05416666666666667 0.08611111111111111
1 0.5722222222222222 0.3861111111111111 0.05555555555555555 0.10138888888888889
1 0.5277777777777778 0.44305555555555554 0.06388888888888888 0.09652777777777778
1 0.48125 0.5083333333333333 0.06805555555555555 0.09861111111111111
1 0.5548611111111111 0.5368055555555555 0.07083333333333333 0.1111111111111111
1 0.49930555555555556 0.5763888888888888 0.07916666666666666 0.1361111111111111
1 0.8041666666666667 0.24722222222222223 0.075 0.07430555555555556
0 0.7520833333333333 0.26944444444444443 0.06527777777777778 0.11875
0 0.65625 0.37777777777777777 0.07083333333333333 0.09375
0 0.7513888888888889 0.4361111111111111 0.09166666666666666 0.12083333333333333
0 0.6736111111111112 0.43472222222222223 0.075 0.11875
0 0.7465277777777778 0.5416666666666666 0.07916666666666666 0.15069444444444444
0 0.8006944444444445 0.4965277777777778 0.06805555555555555 0.1284722222222222
0 0.8451388888888889 0.4027777777777778 0.0763888888888889 0.1284722222222222
0 0.9340277777777778 0.3951388888888889 0.07361111111111111 0.1284722222222222
0 0.9861111111111112 0.28888888888888886 0.027777777777777776 0.10833333333333334
0 0.6631944444444444 0.5826388888888889 0.08472222222222223 0.14791666666666667
0 0.8173611111111111 0.6 0.09861111111111111 0.17777777777777778
0 0.91875 0.5666666666666667 0.09861111111111111 0.1701388888888889
0 0.8986111111111111 0.6666666666666666 0.10277777777777777 0.19236111111111112
0 0.98125 0.59375 0.0375 0.19027777777777777
0 0.7548611111111111 0.6729166666666667 0.08472222222222223 0.15069444444444444
0 0.6701388888888888 0.7076388888888889 0.10138888888888889 0.1951388888888889
0 0.9777777777777777 0.78125 0.044444444444444446 0.16041666666666668
2 0.9048611111111111 0.7763888888888889 0.12638888888888888 0.18055555555555555
2 0.9840277777777777 0.9256944444444445 0.03194444444444444 0.14791666666666667
2 0.3840277777777778 0.6 0.09861111111111111 0.12361111111111112
0 0.3104166666666667 0.6 0.08194444444444444 0.12361111111111112
1 0.3194444444444444 0.49375 0.1361111111111111 0.08402777777777778
1 0.30416666666666664 0.5381944444444444 0.09444444444444444 0.07916666666666666
0 0.28125 0.6854166666666667 0.09027777777777778 0.1361111111111111
0 0.26666666666666666 0.7923611111111111 0.11666666666666667 0.1527777777777778
1 0.49236111111111114 0.6875 0.19583333333333333 0.11597222222222223
0 0.23680555555555555 0.5680555555555555 0.05694444444444444 0.10833333333333334
0 0.17777777777777778 0.5854166666666667 0.06111111111111111 0.09375
0 0.059722222222222225 0.5520833333333334 0.06111111111111111 0.08125
0 0.02361111111111111 0.48125 0.04722222222222222 0.10833333333333334
0 0.11319444444444444 0.6541666666666667 0.08472222222222223 0.14305555555555555
0 0.034722222222222224 0.68125 0.06944444444444445 0.13333333333333333
0 0.041666666666666664 0.8173611111111111 0.08333333333333333 0.17291666666666666
0 0.5458333333333333 0.7743055555555556 0.14722222222222223 0.20972222222222223
1 0.6083333333333333 0.7347222222222223 0.07777777777777778 0.2743055555555556
1 0.3541666666666667 0.8888888888888888 0.12777777777777777 0.2222222222222222
1 0.2833333333333333 0.9048611111111111 0.12222222222222222 0.11597222222222223
1 0.6965277777777777 0.9381944444444444 0.1736111111111111 0.12361111111111112
1 0.5513888888888889 0.8923611111111112 0.1361111111111111 0.10138888888888889
1 0.4048611111111111 0.9625 0.10138888888888889 0.075
0 0.12708333333333333 0.9291666666666667 0.1486111111111111 0.14166666666666666
0 0.6305555555555555 0.9604166666666667 0.10277777777777777 0.07916666666666666
0 0.5208333333333334 0.9506944444444444 0.11944444444444445 0.09861111111111111