2 0.9167416100808488 0.7117004406540013 0.08950016612829725 0.19284163146790706
0 0.6094724911456699 0.8772086841758574 0.2393541617339161 0.24558263164828512
0 0.6600644089778823 0.7398092695710976 0.17717472432922377 0.28051618966883357
0 0.5447618657528207 0.5824087466809759 0.24034472686254954 0.33399792982657095
0 0.15929760940857807 0.8433856360863783 0.28067106492639915 0.31322872782724354
1 0.8282561274561383 0.8094911094058134 0.2561179489727266 0.30262160837555113
2 0.8908909962341777 0.47262715209250544 0.17232853719371583 0.17168265303534344
2 0.6836110652188224 0.33321934756859445 0.1239215086985728 0.1316721185990436
2 0.7482718361809385 0.2567914163291489 0.11819107140592533 0.14854762684943587
1 0.7201976141828065 0.18923130510599265 0.11491817283191368 0.08197808075491295
1 0.5999911291368153 0.30155198793730853 0.15462242157617886 0.2347120572143764
1 0.5050074390416573 0.2328023114734738 0.1351684591962191 0.17392150869857279
1 0.25461073296222825 0.6800543816469028 0.25129112124441455 0.2138298400588059
2 0.3064369879619293 0.7771890012324965 0.149465513317044 0.10167008559747424
1 0.2853649650936636 0.5496153060706866 0.2070799602948143 0.15476334346663678
1 0.3540514808319884 0.4455552779116789 0.18342980683314652 0.21184870980153916
1 0.3713878264958156 0.29742976966128665 0.10044623697399686 0.17149349439497868
0 0.8454943819393261 0.36338101479548673 0.19906686602062298 0.23781991552297685
0 0.9702655338760742 0.1857825541863932 0.052184889337069586 0.13356629329201225
0 0.7756170068156616 0.13518587738642307 0.11539393422095195 0.12831161738840322
0 0.5990389592864082 0.19541370894889035 0.09679437404692522 0.1587992532506912
0 0.5450760516995441 0.12883464491885227 0.11121742608260471 0.16740934786101772
0 0.6503110446597923 0.12084091005185683 0.09524044489262498 0.13657703102846896
0 0.3485193965790555 0.19534167736019575 0.08747047558495859 0.12428587261219456
2 0.39160858844507956 0.08809602972763954 0.08344948977650751 0.1260778442290966
2 0.24041999381289697 0.4438899512819622 0.13780055611578118 0.17203241650952697
1 0.08756134742992043 0.5655202556719718 0.17512269485984086 0.3396798068331465
0 0.034681366576076 0.35514263135586194 0.069362733152152 0.19153526271172383
0 0.08430550966326683 0.2913118206885601 0.08222564115302997 0.14810582530703134
1 0.08164864729642084 0.44455584191986103 0.16329729459284167 0.35577835050638873
1 0.20772713859784805 0.27272653741780617 0.09159809990106851 0.18331365038997233
1 0.2691051695142718 0.22328481893955018 0.09697877371953223 0.20096612321751478