0 0.26815346843195464 0.3895394882633643 0.07468793495255141 0.0828340106380864
0 0.1898797080273657 0.3731620204317903 0.058616539127269836 0.07275619419098768
0 0.219088746682184 0.4168156208200927 0.06539092256153493 0.0708344945962346
0 0.3212995398145159 0.44622647998898174 0.10943844337071293 0.1009709636943828
0 0.24430106506900046 0.4964186985809261 0.06558926976765357 0.09024661229296306
0 0.19743316527086394 0.4911690858657718 0.07508474397630328 0.08769512174919751
0 0.16608376244477546 0.5486619237584877 0.07293052323584988 0.09526935714265442
0 0.5013737715930454 0.29169212014373497 0.06476736552421047 0.06319560570734571
2 0.5083605880256415 0.3348284925685806 0.06275491959799713 0.05552439007074084
1 0.47557946587645433 0.48516676215669796 0.08982382330457439 0.13239818017537047
1 0.5239215715973558 0.4065825575803708 0.06558926976765349 0.09024661229296306
1 0.5794064689688205 0.3475721044393523 0.061195855087414465 0.08737185427203707
1 0.6037401961088007 0.3994297311701239 0.06383185805095211 0.10268195879753092
1 0.5639440859425927 0.45533971968765474 0.0717683823605335 0.09801480817271606
1 0.5227448864837688 0.5195345514169448 0.07610511003737959 0.10019512174919751
1 0.5986801647339981 0.5497200912681177 0.07990325387623361 0.11275977524462964
1 0.5463557683718508 0.5880103546928092 0.09027731933171942 0.13795373573092604
1 0.8243472398746199 0.2659394091498155 0.08106550936306449 0.07605119993222229
0 0.7740778906498664 0.2869493783326858 0.0749712553580025 0.12026935714265442
0 0.687087729845861 0.39305216607361165 0.07848607879140543 0.09539866413351852
0 0.7869883270197726 0.4535998816254944 0.10153020525707082 0.12296689868259263
0 0.7090971752352085 0.45040069486450673 0.08469347758022473 0.12049564437666681
0 0.7907436404244167 0.5590422935640439 0.09146774640297509 0.15253706906425937
0 0.8412256518705302 0.5151641478360809 0.07854265118328385 0.13005623286030862
0 0.8780173508569025 0.4224486037629946 0.08687598451661718 0.13025019334660487
0 0.9621167896695236 0.41687862672793286 0.07576642066095284 0.1301855398511729
0 0.9956912146845495 0.31184087976728475 0.00861757063090099 0.10897986828765435
0 0.7107548402912779 0.598074910923303 0.09679655394495829 0.1498885982773457
0 0.8663386820427728 0.6190242910308957 0.11312298397975143 0.1800729768656175
0 0.9543784406487889 0.5880508102808342 0.0912431187024222 0.1724340879767286
0 0.946895297754838 0.6875820724389514 0.10620940449032396 0.19475329044209877
0 0.809790817399051 0.69048625405034 0.09702330195853064 0.15266637605512348
0 0.7279029453464851 0.7232365446618834 0.11731793684235754 0.19749874147216057
2 0.9488367130095381 0.7974497650258958 0.10232657398092392 0.18349728959771597
2 0.4330053487094394 0.6089383457434879 0.10870139771508762 0.12590631019895066
0 0.3593942375983283 0.6072250281145373 0.09203473104842096 0.12551838922635802
1 0.35974890385695757 0.5011851519746916 0.14297023852167948 0.08719579905395072
1 0.34809909429633995 0.5452740021942595 0.10090676283126088 0.08136488551135809
0 0.33720007234901617 0.6919628330791668 0.10138843044283069 0.1382123497126546
0 0.3313465375382244 0.7985678466725927 0.1291378074131546 0.1554932245859258
1 0.5484812444703067 0.6989598320653398 0.2053000628999854 0.12053029365018533
0 0.2831755243311333 0.5735672660411422 0.06578761697377221 0.10965872998969152
0 0.2255649216381837 0.5895544903743212 0.06876385656918321 0.0951723768995063
0 0.10478838991975804 0.5534733834851235 0.06774349050810698 0.0826723768995063
0 0.062895204462548 0.4817995547111729 0.05606539475155002 0.10943244275567912
0 0.1665936016407699 0.6568012966055248 0.09639974492120634 0.14502748716623476
0 0.09033217255087962 0.6820581686929013 0.0803283490959248 0.13494967071913588
0 0.10838726966037693 0.8183309135425927 0.0974483971782219 0.1748562715296297
0 0.6090393421166698 0.7870099674079635 0.16434169724694653 0.21314885748012355
1 0.6683081829232616 0.7488813377218523 0.1001691441180627 0.2761158534276543
1 0.42672603100986906 0.8922670340252161 0.14591761886357832 0.2154659319495677
1 0.35719649875457754 0.9114557676451855 0.13168895178887444 0.11881697602123482
1 0.7731119193618922 0.9452901655681175 0.18370139771508762 0.10941966886376488
1 0.6242316882490568 0.9051948299543834 0.14438741360650767 0.10455691016506169
1 0.48342929781398486 0.9666216603337964 0.10751108525534663 0.06675667933240718
0 0.202930543873337 0.9297808748732715 0.16017525980330896 0.14043825025345694
0 0.7089536812482499 0.9671567935654631 0.10924009616459437 0.06568641286907374
0 0.5984378409785239 0.9560606845653088 0.12749399892626848 0.08787863086938236