2 0.18263888888888888 0.7097222222222223 0.09583333333333334 0.12569444444444444
1 0.6444444444444445 0.9333333333333333 0.1361111111111111 0.13333333333333333
1 0.47152777777777777 0.8173611111111111 0.12638888888888888 0.27152777777777776
1 0.6340277777777777 0.7256944444444444 0.20972222222222223 0.3854166666666667
0 0.5243055555555556 0.6777777777777778 0.14027777777777778 0.24930555555555556
0 0.29444444444444445 0.8854166666666666 0.14722222222222223 0.225
0 0.32916666666666666 0.7284722222222222 0.16666666666666666 0.2076388888888889
0 0.7916666666666666 0.45902777777777776 0.125 0.2125
1 0.16666666666666666 0.9145833333333333 0.14166666666666666 0.16041666666666668
1 0.16041666666666668 0.8333333333333334 0.14027777777777778 0.18055555555555555
0 0.9326388888888889 0.24583333333333332 0.08194444444444444 0.1361111111111111
1 0.9631944444444445 0.3368055555555556 0.07361111111111111 0.1951388888888889
1 0.9055555555555556 0.45208333333333334 0.17222222222222222 0.2222222222222222
0 0.7319444444444444 0.3506944444444444 0.10277777777777777 0.13333333333333333
1 0.8347222222222223 0.30625 0.14722222222222223 0.11875
0 0.8576388888888888 0.25416666666666665 0.07916666666666666 0.10347222222222222
1 0.6854166666666667 0.2590277777777778 0.10416666666666667 0.10833333333333334
1 0.6291666666666667 0.24791666666666667 0.06666666666666667 0.09166666666666666
0 0.6027777777777777 0.22361111111111112 0.06944444444444445 0.1111111111111111
1 0.7770833333333333 0.2520833333333333 0.10694444444444444 0.08402777777777778
2 0.050694444444444445 0.6145833333333334 0.09583333333333334 0.09375
1 0.035416666666666666 0.7145833333333333 0.07083333333333333 0.12083333333333333
1 0.13541666666666666 0.6951388888888889 0.1597222222222222 0.18541666666666667
1 0.30833333333333335 0.5194444444444445 0.08888888888888889 0.175
0 0.3798611111111111 0.48541666666666666 0.09027777777777778 0.175
0 0.4215277777777778 0.275 0.06527777777777778 0.09166666666666666
1 0.4465277777777778 0.33611111111111114 0.06527777777777778 0.11388888888888889
0 0.5138888888888888 0.14583333333333334 0.05 0.07916666666666666
0 0.6680555555555555 0.12361111111111112 0.07777777777777778 0.08888888888888889
0 0.7631944444444444 0.10347222222222222 0.06805555555555555 0.08888888888888889
0 0.8256944444444444 0.14791666666666667 0.0763888888888889 0.08888888888888889
0 0.40347222222222223 0.16527777777777777 0.04861111111111111 0.09375
0 0.2604166666666667 0.3715277777777778 0.05694444444444444 0.08611111111111111
0 0.32708333333333334 0.3076388888888889 0.07083333333333333 0.08125
1 0.2881944444444444 0.38263888888888886 0.09027777777777778 0.12361111111111112
1 0.18888888888888888 0.5888888888888889 0.09722222222222222 0.1111111111111111
0 0.12569444444444444 0.5604166666666667 0.09027777777777778 0.13819444444444445
0 0.17777777777777778 0.5111111111111111 0.08333333333333333 0.13333333333333333
0 0.034027777777777775 0.5618055555555556 0.06805555555555555 0.16527777777777777
1 0.5284722222222222 0.30625 0.07083333333333333 0.06388888888888888
1 0.6513888888888889 0.4284722222222222 0.12777777777777777 0.23472222222222222
1 0.6222222222222222 0.4777777777777778 0.06388888888888888 0.2048611111111111
1 0.5583333333333333 0.4395833333333333 0.07222222222222222 0.24166666666666667