0 0.13886282929694388 0.5540529488253367 0.08656243058903089 0.10235233872354285
0 0.09156728134136591 0.6972645942103739 0.09436635974333112 0.12508474397630337
0 0.40832663314858403 0.5960730210239725 0.1324589246478742 0.09712259017310458
0 0.6195939136619218 0.37855524702580706 0.055895154021893566 0.1081347569041856
0 0.6166901379692894 0.29753199503937955 0.04867394830045586 0.09373568498475851
0 0.634540640300381 0.6318007212344567 0.10950321563065081 0.15393957481855047
0 0.7003709700236495 0.943437247283464 0.141559381086677 0.11312550543307193
0 0.9015849771754464 0.961237367489207 0.1454346860369128 0.07752526502158616
0 0.9790584104781813 0.9720364708586267 0.04188317904363746 0.05592705828274676
0 0.844850991995554 0.48946720865019755 0.09829498394739586 0.15164369387537152
0 0.8249314332344019 0.24410157174773614 0.0653742512775908 0.20419483825109144