2 0.9298611111111111 0.030555555555555555 0.14027777777777778 0.06111111111111111
0 0.3798611111111111 0.059027777777777776 0.07916666666666666 0.09375
0 0.35138888888888886 0.23194444444444445 0.09722222222222222 0.16805555555555557
2 0.4534722222222222 0.07777777777777778 0.09583333333333334 0.0763888888888889
2 0.3590277777777778 0.13333333333333333 0.0763888888888889 0.09375
0 0.2722222222222222 0.18125 0.08611111111111111 0.14097222222222222
2 0.27152777777777776 0.26180555555555557 0.08194444444444444 0.13333333333333333
0 0.56875 0.14444444444444443 0.10972222222222222 0.28888888888888886
0 0.6756944444444445 0.15902777777777777 0.12638888888888888 0.20972222222222223
1 0.7020833333333333 0.32708333333333334 0.22916666666666666 0.23958333333333334
1 0.89375 0.6618055555555555 0.2125 0.6763888888888889
1 0.9229166666666667 0.4083333333333333 0.15416666666666667 0.2743055555555556
0 0.9520833333333333 0.17777777777777778 0.09583333333333334 0.26180555555555557
2 0.55 0.6173611111111111 0.20555555555555555 0.2965277777777778
2 0.5555555555555556 0.8638888888888889 0.275 0.27152777777777776