0 0.7124080772860073 0.46313469299683524 0.09189993163691351 0.09937125541068464
0 0.9170960496390939 0.425104498190214 0.07450419277419719 0.0907470043285479
0 0.9593016507700406 0.36066310894024667 0.06646614003567872 0.07812578859987963
0 0.6407077905543204 0.36480940764373265 0.0666484080846912 0.08020912193321297
0 0.6308215588650612 0.28351092135226535 0.05586720531999987 0.07586063167354405
0 0.5435919708033742 0.1661932045418264 0.07724734280037021 0.0824742788595486
0 0.6866213980941972 0.17631701586841292 0.06453044699975281 0.07185154545414602
0 0.7802067588230449 0.15229534847958934 0.060875956728518255 0.06970760425647862
0 0.9699292329669135 0.13341868036860882 0.05513813312395036 0.06752729834021072
0 0.8995551896954317 0.20083530735325886 0.07012063030691328 0.08026972979754711
0 0.8604324060321807 0.15785599602594005 0.08905289835592561 0.08268034559828451