0 0.08500259912622557 0.6903001971781151 0.17000519825245114 0.3051192929443156
0 0.18632268656861828 0.6098366205327852 0.16237996482185998 0.2158908467423899
0 0.20325201266586237 0.8024830592654157 0.21965291723114047 0.3831493755128823
1 0.02388534235455991 0.7844699174314335 0.04777068470911982 0.4301393491506641
0 0.21782545303887904 0.43184780103135384 0.08615437057107213 0.13655912780718246
1 0.2805379129614164 0.39880215851352874 0.06806832654882311 0.1087966798477756
0 0.22802766621508763 0.2900679485936749 0.09514280114544352 0.14939868512021923
1 0.304334907784926 0.24884578477465275 0.07713545153000735 0.09669283004631855
0 0.311300981959351 0.18203763589422076 0.08104735815849257 0.09200149759172578
0 0.22799223126823584 0.13207417257337836 0.08045323785084145 0.1335549784873802
0 0.3876378275308527 0.7617077614880269 0.26342454696112094 0.4514572358592264
0 0.45496342881582513 0.11173842112476873 0.06721944620299054 0.14548904963231896
0 0.49748192874056196 0.15989915234581964 0.11809881501551665 0.1378607641738234
0 0.5424122699634681 0.055317429928699646 0.1207310156286193 0.11063485985739929
2 0.5188877526515658 0.26712892441178354 0.14372342378986122 0.12435269566510646
0 0.6170326031462752 0.1397826828572681 0.12868268857683884 0.2075881730457985
0 0.5482836373698788 0.4731266196209948 0.22375860696442026 0.32926567327374606
0 0.603816603851137 0.6960763091183921 0.27238248906879886 0.43727005272443603
0 0.7714806060612621 0.24713509347019946 0.2226963073517333 0.17677085992349892
1 0.7601187220478108 0.5961576845982244 0.278727866725434 0.664127014515745
2 0.8372030147254612 0.43432855898789346 0.12596588773244802 0.2615284681704406
0 0.8344458324540602 0.05607792003460545 0.16721944620299053 0.1121558400692109
1 0.904921128700181 0.08771346680275499 0.14849107593297126 0.17542693360550998
2 0.9548512930300812 0.09718338423418847 0.08956952811646204 0.19436676846837694
0 0.9374518689391673 0.3990604641169585 0.0982008809479377 0.36642023891829356