3 0.417165904663016 0.27706575010366646 0.05442023568608616 0.060079371807920744
3 0.5735451494804054 0.4487522773847718 0.058471298295772085 0.0678395133686561
1 0.24011231315817905 0.7557076966290426 0.18316756773062617 0.15045857696802328
1 0.8148993654368765 0.6358731193245589 0.06798303310437114 0.06540124307204785
1 0.3901161126878697 0.38624563951750035 0.1341234812369799 0.06078484992705329
1 0.3600747751110832 0.3097024263701315 0.10501025652627902 0.10617285258947552
0 0.10786711757571955 0.40894180931498886 0.05297872494379156 0.059336426294737676
0 0.0947348352322903 0.3544598857015217 0.03307104416886422 0.04340388408898966
0 0.2526542736783073 0.1625816020928031 0.02703153158248739 0.045963407057444054
0 0.4500463620160357 0.2539727212665744 0.04421405643304265 0.062493391570159436
0 0.44629985007405554 0.2136706929544273 0.04064695085417801 0.051979722766015694
0 0.4147867408070266 0.209107196685588 0.03157691157316375 0.041966494131362234
0 0.3679129709608663 0.2760384066078928 0.03588072309970932 0.062202385157728204
3 0.291662867136976 0.3848853969703975 0.06553134679719734 0.06046738035782905
3 0.38680585653866395 0.6167681234864223 0.0811886580015446 0.10257055664314249
3 0.7248767968836378 0.7823325413066454 0.08121019880444275 0.13027558281781226
3 0.7279574851240018 0.6584634953697368 0.08975401955139925 0.13334436700802144