0 0.030772271978223225 0.16231766546603418 0.049427250972484404 0.07297016369645751
0 0.13844445629111135 0.0462838010374977 0.022892911415231983 0.05893318594377741
0 0.34021215998303106 0.144899817218911 0.024798471709454224 0.04377674851489542
0 0.08108790161963682 0.07838383150101252 0.031129277636322943 0.05108521400602728
0 0.25246166160973826 0.16133130034306523 0.038816650081333 0.05569679528531187
2 0.15077554653798572 0.9573407670975738 0.05062220563688855 0.056384390595721354
0 0.2642295430016616 0.822186032488315 0.06458430638658509 0.12312510169428366
0 0.7012371133743888 0.8302659478623563 0.03387473304335313 0.048469223360110746
1 0.7634214837329752 0.9207521606677511 0.14836158579107 0.1064913846553032
0 0.05378395965062871 0.3943697519913046 0.0640429066765652 0.07659732391650588
0 0.2675915560860231 0.4735344745942385 0.04723886993422184 0.06382104556978384