3 0.6422895552629294 0.5513888888888889 0.05216950212598022 0.050694444444444445
3 0.39572437148570494 0.8868055555555555 0.0724147660771264 0.10208333333333333
3 0.4640628148158017 0.8770833333333333 0.07633895750847192 0.09375
0 0.22393741796464586 0.3229166666666667 0.03538159784165313 0.04652777777777778
0 0.2560509438436727 0.34097222222222223 0.02821488443149778 0.03888888888888889
0 0.3752975007190064 0.4909722222222222 0.025065962523036944 0.05
0 0.29367635658832325 0.4798611111111111 0.027007851969099682 0.04513888888888889
0 0.05339532265983386 0.5993055555555555 0.04405843775835786 0.058333333333333334
0 0.031037125070016804 0.6993055555555555 0.06207425014003361 0.08055555555555556
0 0.08854488308364128 0.91875 0.07406633647094621 0.1111111111111111
0 0.3407740850421734 0.6034722222222222 0.05743473862929302 0.06458333333333334
0 0.6824068514710432 0.3659722222222222 0.024641630861225235 0.035416666666666666
0 0.7056159247534476 0.4513888888888889 0.03225288220280239 0.058333333333333334
0 0.6635695140911796 0.6076388888888888 0.041874073076974126 0.05486111111111111
0 0.620447996012587 0.6576388888888889 0.05381364124209856 0.08333333333333333
0 0.5375208756349504 0.7152777777777778 0.037909469106408265 0.06180555555555556
0 0.5398891843063199 0.7770833333333333 0.03656099275673957 0.06319444444444444