2 0.3699380416345737 0.9741546005537104 0.053418579432227394 0.05169079889257912
2 0.3809171017184114 0.6975521344817697 0.09184598383535085 0.11719030022558567
1 0.4140898302179257 0.5922542648537807 0.1398788069451917 0.24056024881670182
1 0.5881186244964881 0.6173576633033936 0.0682443906597549 0.1751324415651532
0 0.23634222392752 0.8996469230220261 0.06361180407573039 0.08911033449817486
0 0.49784592922263315 0.6813283590336752 0.04040377569263253 0.08347510110331816
0 0.7766913862216618 0.484350238530005 0.04390519879373092 0.06434217081333836
0 0.877273786118359 0.38267462059800894 0.0444054020938877 0.06160889505762697
0 0.8940324908532467 0.3125978216398038 0.06999288449450805 0.10127190623026144
0 0.8272347437678024 0.3201756850990547 0.04871774961876996 0.06395924052335841
0 0.5852379965703131 0.3493114339526696 0.046571255559926784 0.07280901021287084
0 0.543760488544011 0.27410757625200094 0.0319685628193977 0.05182458290472099
0 0.3166289184607711 0.36000043525696324 0.0386070451079728 0.05778065665887387
0 0.022195505229946576 0.783972885049834 0.04439101045989315 0.07979795667938182