3 0.4765016135433333 0.115378555942041 0.05780650627127702 0.08278043448009985
1 0.6650861854804977 0.18235763149069997 0.09149585578114122 0.0910569661985255
0 0.1931576351995424 0.6830078701627598 0.05301681129568128 0.07271809023751877
0 0.29611767906976866 0.45959556470382557 0.038282383987531435 0.05838990572521191
0 0.3298235519872046 0.5280480438946475 0.04085523956359478 0.06619885562428023
0 0.5600036287601005 0.13299504509720758 0.04536033449817486 0.061040109092476494
0 0.7612787284934992 0.02238999385813007 0.03537110014355468 0.04477998771626014
0 0.9084026204667572 0.024974693703439375 0.043170409212091775 0.048426735085690245
0 0.564097560485626 0.6652936973542232 0.04351709918379072 0.07539669441223742
0 0.7169147720848214 0.4573577461022145 0.042333132496616424 0.06770111851995529
0 0.7360900753947762 0.5605040467078048 0.07018126190886373 0.11418629508655222
0 0.9359317842172197 0.44366800670004625 0.05502872849349924 0.08255368646652733
0 0.7725633353841125 0.7048210313532508 0.05789551031540946 0.08416932336898873
3 0.7203640838931975 0.7181570213889061 0.09674815888601813 0.11911817899326896