3 0.8815197083123387 0.8058044711701758 0.0766309215654363 0.08032265473934627
1 0.4445784661185733 0.6844011275583459 0.1332305963228096 0.18496019123908003
1 0.6458548078563341 0.9026823867273704 0.11375190620819053 0.1946352265452592
0 0.17498852489531463 0.9729101406874208 0.044201115725408614 0.05417971862515856
0 0.5283766134453851 0.6458578641401106 0.041639270130527 0.04971433545793865
0 0.7757400753973637 0.623372633485093 0.05135464321871426 0.06209841730035698
0 0.9456499818565308 0.6621424107132629 0.041753761345388 0.06355872232476116
0 0.8911391935240373 0.6286766358147762 0.041551527430561605 0.060086500102538944
0 0.8289963654366898 0.6065713962511814 0.03020458475569367 0.043446747549321194
0 0.8233729665620293 0.5595095942086072 0.029995501706832784 0.05173557886058815
0 0.5804909523426719 0.3494718541323177 0.042893120402450156 0.07124211323571643
0 0.16386047540991247 0.5974052985111362 0.05734826425285288 0.08185437589926607
0 0.21086546940675002 0.4366139632582755 0.03575329117721442 0.055563817259341404
0 0.3825331908717956 0.2656884323776722 0.048907288838693656 0.05571491123415784
0 0.3800920376045656 0.211860193978919 0.040203085324637934 0.06069194050285063
0 0.32688304348223973 0.23981704434600798 0.04277862918758939 0.05739772636889392
0 0.3160612609646761 0.17429916854928101 0.03093947598310349 0.0441856940158321
0 0.27040341303127374 0.19228437247036695 0.0320788350401658 0.05186908492678728