3 0.7039596097746905 0.7540765698154376 0.042703598014639646 0.05489982992550229
0 0.2303065808258615 0.6367090820557424 0.03987634647533535 0.03878192684506464
0 0.24514302710756336 0.8056679236394679 0.036518286554289306 0.05585167623974441
0 0.21614382593075668 0.9010543729264738 0.03853693134797298 0.05460846820907111
0 0.2480711408834994 0.8834942617033177 0.04036151052270777 0.04919859351173146
0 0.37873128517233806 0.7419834409027124 0.027909069570655573 0.03448417975962046
0 0.41906045142522097 0.7851459585020922 0.03873099696692211 0.058775134875737774
0 0.6021749307935893 0.6330001115155794 0.023871779983288377 0.036970595820966894
0 0.5865299806967725 0.7009779059061869 0.02929795845954462 0.03458130033176414
0 0.5254740874879237 0.8111466886385713 0.0421860896974424 0.043788718814391496
0 0.9734325690618024 0.6760131598974819 0.03375572355463482 0.04112266204819548
0 0.9878792422094111 0.7029800132514757 0.024241515581177788 0.04924715379780322
0 0.905936439661162 0.8423687819043563 0.031575357411826925 0.038893647856646556
0 0.9031985620770178 0.7087926471406636 0.042865319363764025 0.05837205214772483
0 0.8403275603308215 0.7201560776176492 0.03398213344340838 0.04598377315930659
0 0.7283165538053513 0.7983559739944707 0.03362634647533519 0.038344884270417705