0 0.4987445889737807 0.5071269866856323 0.03258281126670681 0.05746871326719495
0 0.5787991477827507 0.5567582346347906 0.03196917274913081 0.06435647070824631
0 0.3711920947379833 0.5968099520680832 0.027673216599474415 0.05290523757677634
0 0.5209406233114388 0.7501399410300071 0.0270272557111511 0.057015217240050084
0 0.11925615817951712 0.3246169329339168 0.02820604919018158 0.03907303569128062
0 0.17694353062452717 0.3251552875488797 0.025492916153898745 0.044401843233263745
0 0.22353546661717397 0.3831766704462789 0.027600491265292723 0.046655237576776344
0 0.20591383043357964 0.6430973544861344 0.03316412741353503 0.04780317804836582
0 0.31237246626356047 0.8130516381265732 0.033406545194140984 0.06863651138169916
0 0.13425627664618617 0.7081486134733688 0.03907522904731265 0.0788122296310664
0 0.05693052553224691 0.722689689430065 0.04530906786193892 0.0779335237727158
0 0.12282807631378377 0.966822384008726 0.05712270401018134 0.06635523198254797
0 0.5790144046255407 0.8966816899884826 0.03411715082395909 0.07008208727398128