1 0.5024534607223499 0.48257794600044784 0.09260171569386684 0.09751361008557527
1 0.3700696060429727 0.4639986115001237 0.09941858572779805 0.10453077986420156
0 0.6291121572820503 0.6392870802037214 0.038038354614962896 0.05802675733785839
0 0.5421357384357134 0.4044122997737006 0.026955644311305586 0.041246962373575655
0 0.0715715251041042 0.3640980112454956 0.07776323353950716 0.11121664534266623
0 0.24219265466213563 0.4751995821840421 0.03625265670232207 0.05314948504137362
0 0.3892740189622343 0.7301885231982655 0.03976736552421048 0.06220958518989871
0 0.38823968172046014 0.8023541812716796 0.045549669093338546 0.06505200770917144
0 0.4576980973456024 0.7418804639295788 0.03924298208994546 0.06428483793054499
0 0.519362107309947 0.7938905854021048 0.03202930303226231 0.05240655704080773
0 0.7203687314133547 0.9067199435957625 0.05033989279732951 0.07273938015418145
0 0.5842578495252727 0.9762946505764486 0.05810647070824631 0.03189644741494912
0 0.49502849478148125 0.879509266885943 0.04895100390844062 0.07272321896880764
0 0.31572016791208907 0.9003278986137803 0.07502805697291019 0.08620856474997948