0 0.10701450658794937 0.19642635039545303 0.04490850087748718 0.06251764210452875
1 0.2732909784947689 0.8264329352753489 0.16387226870134958 0.25229058390539955
1 0.8538975156986106 0.8968892054211693 0.15934596920589192 0.14685628102169013
0 0.9130847992417254 0.8013204153434741 0.052516308715868515 0.08979497971281615
0 0.8145598513422071 0.6939438865252304 0.043046015307946085 0.056219141035790204
0 0.7616146677566026 0.6431546525657328 0.03877410493446784 0.05468474894068562
0 0.6499661576587046 0.6906877359273388 0.06888796496243875 0.06820327138419502
0 0.7007244044092839 0.6515144490558592 0.040057750116545145 0.05334436112053535
0 0.70114619933909 0.6002468128388166 0.031092954542342472 0.04472002137477078
0 0.8308423649500538 0.4059434463557401 0.030188022684274705 0.041917993062623775
0 0.3880545382937776 0.7469311569349291 0.046623481236979895 0.05772928259652556
0 0.22539451340898925 0.2885647814523931 0.03877410493446799 0.05468474894068562
0 0.4523709628303913 0.37344790692550495 0.049548764224805884 0.06891314531074436
0 0.23653834577572752 0.22376319330973632 0.04371973905205222 0.07425044605697653
0 0.15802468215282853 0.19048939471982973 0.04169938792229387 0.06586861165490458
0 0.17803596642944786 0.26459212494816675 0.04184689313234205 0.07695547223164646
0 0.012266666383861823 0.5297707174034746 0.024533332767723647 0.06182319766008422
3 0.755454630497886 0.9072529752116806 0.0768641257746607 0.10034172010359346