3 0.7513888888888889 0.5534722222222223 0.049305555555555554 0.06180555555555556
1 0.3055555555555556 0.9319444444444445 0.07569444444444444 0.11180555555555556
0 0.32083333333333336 0.6631944444444444 0.018055555555555554 0.03888888888888889
0 0.36875 0.6256944444444444 0.022916666666666665 0.03611111111111111
0 0.8034722222222223 0.19722222222222222 0.02638888888888889 0.04097222222222222
0 0.8013888888888889 0.26180555555555557 0.029166666666666667 0.04652777777777778
0 0.7770833333333333 0.33402777777777776 0.027777777777777776 0.049305555555555554
0 0.6798611111111111 0.48194444444444445 0.03333333333333333 0.04722222222222222
0 0.5138888888888888 0.5576388888888889 0.035416666666666666 0.05277777777777778
0 0.36944444444444446 0.9347222222222222 0.03611111111111111 0.06597222222222222
0 0.7222222222222222 0.7534722222222222 0.035416666666666666 0.06875
0 0.89375 0.5909722222222222 0.04652777777777778 0.07152777777777777
0 0.9298611111111111 0.6729166666666667 0.041666666666666664 0.050694444444444445