2 0.6625 0.4861111111111111 0.044444444444444446 0.049305555555555554
2 0.4777777777777778 0.5395833333333333 0.022222222222222223 0.07152777777777777
2 0.5604166666666667 0.9173611111111111 0.04861111111111111 0.06666666666666667
2 0.20625 0.8027777777777778 0.004166666666666667 0.009722222222222222
2 0.2 0.8284722222222223 0.041666666666666664 0.05694444444444444
2 0.1763888888888889 0.7111111111111111 0.022222222222222223 0.03958333333333333
2 0.2 0.7493055555555556 0.03611111111111111 0.041666666666666664
2 0.19166666666666668 0.6284722222222222 0.03611111111111111 0.06666666666666667
0 0.6069444444444444 0.6298611111111111 0.08888888888888889 0.09375
0 0.8423611111111111 0.44930555555555557 0.10694444444444444 0.11875
0 0.5680555555555555 0.08125 0.044444444444444446 0.08402777777777778
0 0.1361111111111111 0.8333333333333334 0.08611111111111111 0.1111111111111111