0 0.6429156118682877 0.18505179017507567 0.03423621280539477 0.06337221146644588
0 0.5832282833374843 0.3153043337613107 0.02958418474314486 0.055014637175566844
0 0.4544572913027027 0.08114276771183436 0.02509394381275614 0.04943484066246568
0 0.5116039696619735 0.07800183857606932 0.038126601125339395 0.046733825916915786
0 0.02149964098999574 0.14806211241194056 0.04299928197999148 0.06764796244206792
0 0.37718607034385704 0.17933774238507852 0.026934596448297852 0.045280294474571846
0 0.236416361136113 0.949374701273799 0.06431945721219279 0.10125059745240195
0 0.7547481950383905 0.9366512303678911 0.06493985722474159 0.08993078705815441
0 0.8017169993013208 0.4999709197596545 0.03898283270164503 0.0495156438542845
0 0.34146896890055006 0.5063241118882292 0.05399738237952647 0.08084240688651237
0 0.5346700212349199 0.19484223210514648 0.05237266192688076 0.06486614450469924
1 0.638945626024901 0.31284976875080817 0.0550626970046933 0.07529493165013869