3 0.798949943345616 0.7377556342047547 0.11855653716881737 0.1624046046168249
0 0.4580959522012809 0.40568258405805324 0.05860135855247108 0.05793841341952341
0 0.18409349068987657 0.4000539386737796 0.06142489258367563 0.10726821212081271
0 0.24641163426338583 0.405212997115766 0.03634406750523533 0.1040540577198295
0 0.2808806938218738 0.5087250988476245 0.04439451306402747 0.094477294372009
0 0.3847516977220909 0.5409225191225128 0.04008640251009044 0.08954345382369695
0 0.09141626093176775 0.8896181208521745 0.0799856048794832 0.1249444841264613
0 0.11894530078373945 0.6829923520933031 0.06961678202973845 0.10255255988410347
0 0.7738530871245558 0.8846470591685371 0.04674795917999353 0.07994244733014284
0 0.7578309335219167 0.7912243416359411 0.056470181402215755 0.08011214935027845
2 0.3547470551602142 0.47481344480771975 0.03031842403444129 0.040092439393739694
2 0.3435901877956763 0.5242887023834107 0.019065869036059585 0.03503738311675954