3 0.7320612129965812 0.5491007695448238 0.051463853114420505 0.062092406886512366
1 0.2730113384319962 0.9301667742244304 0.0795987804778968 0.11224593295096826
0 0.29767407301068116 0.6613278907134296 0.01941358548023465 0.03899393303825336
0 0.3469002685332884 0.6235491197016546 0.024177694453868685 0.03624443637761219
0 0.7965850704613499 0.19254775757550324 0.02781967041667599 0.04112574828667803
0 0.7922464374316743 0.25714321138760937 0.030791452469407607 0.046697464480597264
0 0.7654188263017148 0.32950683919551454 0.02949956571799564 0.04946716193919324
0 0.6630312402588383 0.47798912820491296 0.034982369670443506 0.04741614988258742
0 0.4944157097903657 0.5546491707915924 0.03725970727873099 0.052983825916915826
0 0.336803225183408 0.9325728573198415 0.03841491187619176 0.06618231052095117
0 0.6959103924315652 0.7492704562476433 0.03781746956922424 0.06895604813913804
0 0.8731127952517519 0.5857725368286809 0.04902558281781258 0.07179846847037083
0 0.9063623433072893 0.6675068929743964 0.04343695567562331 0.0509368540199009