3 0.31891730501856835 0.6580044413358026 0.10046559638119253 0.18898201845355264
2 0.22580778313685276 0.4942216486359595 0.02723377315930659 0.03296311638355481
0 0.7445292293303071 0.651741536596533 0.07324166469356644 0.11654875450767688
0 0.6081264329665994 0.5624317149147751 0.06715194599122028 0.10868349407676337
0 0.7937947719268101 0.2938067166557313 0.05810956777400425 0.11800956610044279
0 0.5635321957685123 0.7941474246232063 0.07463055358245532 0.11660534739318298
0 0.47339501634502723 0.7264962595025981 0.07981698625663146 0.1313584593830345
0 0.3871436304157887 0.9003573122105091 0.08535318240499142 0.11150253492167635
0 0.272165114609131 0.3462224558350224 0.06590873796054697 0.11071023452459058
0 0.039190415613165955 0.31625991303773043 0.07838083122633191 0.10155394115742966
0 0.15956767050082196 0.2531727773218826 0.0837992532506912 0.08928031269945412
0 0.06740523596559068 0.12535961351938532 0.0617712721727565 0.09115260430913391
0 0.14275975840753194 0.12713641237041257 0.07840873796054698 0.11121957049414577
3 0.5998070530003736 0.3744200157512312 0.12457215182470299 0.15741839438928007
3 0.4776625919430995 0.39809359679026407 0.07754417074676843 0.15827201405984964