3 0.5527777777777778 0.9131944444444444 0.08888888888888889 0.1736111111111111
0 0.14444444444444443 0.14791666666666667 0.08611111111111111 0.16319444444444445
0 0.3902777777777778 0.6854166666666667 0.075 0.11597222222222223
0 0.47638888888888886 0.7076388888888889 0.06666666666666667 0.10625
0 0.5729166666666666 0.5965277777777778 0.059722222222222225 0.12083333333333333
0 0.6645833333333333 0.7701388888888889 0.0625 0.10833333333333334
0 0.20694444444444443 0.8729166666666667 0.1 0.14583333333333334
0 0.7805555555555556 0.8381944444444445 0.06944444444444445 0.12569444444444444
0 0.6375 0.3506944444444444 0.06388888888888888 0.10347222222222222
0 0.6458333333333334 0.575 0.03611111111111111 0.09375
0 0.7118055555555556 0.39166666666666666 0.04861111111111111 0.14097222222222222
0 0.7458333333333333 0.3145833333333333 0.044444444444444446 0.1111111111111111
0 0.7166666666666667 0.23680555555555555 0.05277777777777778 0.09861111111111111
0 0.7333333333333333 0.14583333333333334 0.06111111111111111 0.08888888888888889