3 0.320340474782471 0.0860339931380175 0.06840523031292886 0.10357143698212311
2 0.4329876365253662 0.9611089573635492 0.03677130988538092 0.060191803427502716
2 0.7493395221260784 0.7406835167445076 0.040937976552047596 0.06033730663371841
0 0.6160378423779427 0.9522222575471394 0.07885549462852579 0.09555548490572126
0 0.3526082143909858 0.866128788540557 0.08175461275519945 0.1185912799341035
0 0.1722238871863032 0.5652910240748898 0.08330528877594941 0.12141755878061973
0 0.6615439924197402 0.6135648992021168 0.06313280223813014 0.10823854381828002
0 0.6176315572666349 0.6806416123306372 0.062499351978755786 0.07356482266479626
0 0.6173030779326105 0.47272053808158143 0.06268788762551228 0.10059965492939113
0 0.6708375903823913 0.2971738094657765 0.04371575432982537 0.06043430877119541
0 0.7199689565805045 0.17691588052746504 0.05167136834840152 0.07803792522599921
3 0.09432347301714113 0.7032561800353226 0.10839923258870555 0.1714991314359919
3 0.17795363209930118 0.6874647452283734 0.09453774023595629 0.12388890066386138