0 0.3663757629309789 0.8719159552543837 0.029017929781631185 0.04667586664156905
0 0.5792025773009223 0.5334227409973797 0.02268703621570075 0.04492295670599273
0 0.43389995721643954 0.7360468768198198 0.02468947598310349 0.04365540816599965
0 0.6677835342578916 0.29565886487623916 0.04636534262467238 0.07121725376088127
0 0.8837221588311834 0.2957782611614022 0.039178217482436314 0.06664611926456196
0 0.9850818466700257 0.3263935148595393 0.02983630665994844 0.0636188116549576
0 0.7460385282547293 0.462857540834245 0.04171331456242279 0.06264123972975616
0 0.46777770206669345 0.9255760651021182 0.04399888181058221 0.06623480230087435
1 0.5138873137467487 0.9299974682260503 0.1102398852242473 0.1400050635478992
0 0.5959263500251935 0.9275031643951368 0.04672936367135997 0.07746725376088143
3 0.39221079908393536 0.97238768815681 0.05702468998913067 0.05522462368638009