2 0.8541666666666666 0.6458333333333334 0.03611111111111111 0.0763888888888889
2 0.5125 0.2520833333333333 0.041666666666666664 0.044444444444444446
2 0.5472222222222223 0.17430555555555555 0.041666666666666664 0.08125
2 0.36041666666666666 0.24444444444444444 0.04027777777777778 0.05416666666666667
2 0.4083333333333333 0.43333333333333335 0.041666666666666664 0.08125
0 0.9270833333333334 0.7826388888888889 0.06805555555555555 0.10833333333333334
0 0.6576388888888889 0.4284722222222222 0.06805555555555555 0.09652777777777778
0 0.5208333333333334 0.6125 0.06944444444444445 0.10347222222222222
1 0.3423611111111111 0.86875 0.19305555555555556 0.2625
1 0.19375 0.07152777777777777 0.1736111111111111 0.09861111111111111
1 0.55 0.3854166666666667 0.09166666666666666 0.07430555555555556
1 0.4930555555555556 0.3034722222222222 0.10277777777777777 0.10833333333333334