3 0.3875 0.1284722222222222 0.06388888888888888 0.06944444444444445
3 0.37777777777777777 0.26805555555555555 0.06388888888888888 0.09652777777777778
1 0.5479166666666667 0.7472222222222222 0.17916666666666667 0.13055555555555556
3 0.25833333333333336 0.60625 0.06944444444444445 0.13055555555555556
3 0.45416666666666666 0.5381944444444444 0.125 0.13819444444444445
3 0.5701388888888889 0.5652777777777778 0.12361111111111112 0.2076388888888889
3 0.5534722222222223 0.8347222222222223 0.11805555555555555 0.16319444444444445
3 0.07916666666666666 0.8736111111111111 0.15833333333333333 0.25277777777777777
0 0.5840277777777778 0.06805555555555555 0.05138888888888889 0.06666666666666667
0 0.8555555555555555 0.08611111111111111 0.041666666666666664 0.044444444444444446
0 0.9263888888888889 0.2013888888888889 0.058333333333333334 0.06180555555555556
0 0.6291666666666667 0.1875 0.04722222222222222 0.07430555555555556
0 0.7041666666666667 0.3145833333333333 0.05 0.09166666666666666
0 0.5493055555555556 0.24444444444444444 0.06805555555555555 0.09861111111111111
0 0.48819444444444443 0.3298611111111111 0.04861111111111111 0.06180555555555556
0 0.4576388888888889 0.4444444444444444 0.07361111111111111 0.10833333333333334
0 0.3909722222222222 0.8111111111111111 0.08472222222222223 0.12569444444444444
0 0.5166666666666667 0.61875 0.1111111111111111 0.1701388888888889
0 0.6986111111111111 0.7777777777777778 0.09166666666666666 0.13819444444444445
1 0.48055555555555557 0.14305555555555555 0.12222222222222222 0.10347222222222222
1 0.7451388888888889 0.08541666666666667 0.10694444444444444 0.14097222222222222