2 0.8722222222222222 0.7701388888888889 0.022222222222222223 0.034722222222222224
2 0.7986111111111112 0.8236111111111111 0.027777777777777776 0.03194444444444444
0 0.9166666666666666 0.36041666666666666 0.03611111111111111 0.059027777777777776
0 0.7833333333333333 0.4395833333333333 0.03611111111111111 0.049305555555555554
0 0.5791666666666667 0.4951388888888889 0.027777777777777776 0.03680555555555556
0 0.3333333333333333 0.45902777777777776 0.041666666666666664 0.06388888888888888
0 0.6125 0.5506944444444445 0.044444444444444446 0.06388888888888888
0 0.4354166666666667 0.5743055555555555 0.05416666666666667 0.07152777777777777
0 0.3625 0.5583333333333333 0.05 0.08888888888888889
0 0.12222222222222222 0.6555555555555556 0.05277777777777778 0.10138888888888889
0 0.49722222222222223 0.8138888888888889 0.05555555555555555 0.08125
1 0.8333333333333334 0.8923611111111112 0.125 0.06666666666666667
1 0.6701388888888888 0.8361111111111111 0.11527777777777778 0.1111111111111111
1 0.6784722222222223 0.6527777777777778 0.08194444444444444 0.08125