0 0.9458333333333333 0.09375 0.0625 0.09513888888888888
0 0.8472222222222222 0.9458333333333333 0.07222222222222222 0.10833333333333334
0 0.6208333333333333 0.9458333333333333 0.06388888888888888 0.10833333333333334
0 0.5611111111111111 0.8784722222222222 0.04375 0.11666666666666667
0 0.5020833333333333 0.8756944444444444 0.0763888888888889 0.15555555555555556
0 0.53125 0.6354166666666666 0.059027777777777776 0.1
0 0.6041666666666666 0.5673611111111111 0.06944444444444445 0.10555555555555556
0 0.6083333333333333 0.46458333333333335 0.05694444444444444 0.08611111111111111
0 0.74375 0.5701388888888889 0.05625 0.08263888888888889
0 0.7784722222222222 0.5319444444444444 0.05277777777777778 0.10486111111111111
0 0.7243055555555555 0.47847222222222224 0.05277777777777778 0.10486111111111111
0 0.825 0.4354166666666667 0.04375 0.09652777777777778
3 0.7395833333333334 0.9354166666666667 0.08402777777777778 0.1284722222222222
3 0.5597222222222222 0.4083333333333333 0.07916666666666666 0.12777777777777777
3 0.15763888888888888 0.8493055555555555 0.059722222222222225 0.11597222222222223
2 0.09444444444444444 0.6034722222222222 0.04027777777777778 0.03333333333333333
2 0.2263888888888889 0.8104166666666667 0.030555555555555555 0.06111111111111111
2 0.14722222222222223 0.7645833333333333 0.016666666666666666 0.03333333333333333
2 0.40902777777777777 0.8291666666666667 0.016666666666666666 0.03611111111111111
2 0.3347222222222222 0.4465277777777778 0.021527777777777778 0.027777777777777776
0 0.725 0.06041666666666667 0.05625 0.09444444444444444