3 0.922121673280988 0.33640538465303 0.09736353859040416 0.12695192937839042
3 0.9976464865084327 0.5179810297522605 0.004707026983134533 0.09973275665852208
3 0.5409840157841432 0.6724520408939699 0.17018057320795302 0.2577112440137487
1 0.6575804827127774 0.4666492484764627 0.15371271219346327 0.1405589744863633
0 0.7454216362367672 0.1566991487994844 0.05660409320105657 0.06748235005820816
0 0.8086589111154214 0.058690444064596885 0.06998268444789282 0.0960370924131361
0 0.7416098650517591 0.004824633531196297 0.05980708081003993 0.009649267062392594
0 0.7688631447837572 0.026249261143091986 0.05427981145042382 0.05249852228618397
0 0.9270406175106379 0.023282324724949566 0.08582733225960182 0.04656464944989913
2 0.8128518009707653 0.691853654628596 0.05722765023838103 0.07512123894709709
2 0.8492744040717523 0.7787030115024659 0.028996491044972574 0.03378973531517602
2 0.9471483549157236 0.8312237109466114 0.042545143301988254 0.06442781100343717