0 0.7099246932069667 0.12527599861578945 0.060223202011498875 0.08854460518787452
3 0.9293444336886681 0.012757093063879002 0.111466645155114 0.025514186127758003
3 0.6225903397501954 0.1573135726248976 0.08827571064146077 0.1368986851202193
3 0.443508053429741 0.05972464730132365 0.04772320201149904 0.0880352692183194
0 0.3372383156369837 0.18005452170751757 0.022840366639636202 0.10715548616809797
0 0.37846910807302614 0.2228294760295313 0.04911209090038792 0.0880918621038255
0 0.5630090601084586 0.06457988137001906 0.05889491551647426 0.09890467896903506
0 0.9415024931685333 0.2255472089584887 0.11699501366293343 0.16800483971246508
3 0.6277365770586596 0.8030903130727248 0.02677674420961927 0.06774193149128299
0 0.5150048989463836 0.4096727808037951 0.06739793555262692 0.12841090294873855
0 0.651362459792542 0.44648778913530596 0.0756747066516872 0.11902823803955301
0 0.5658941970615881 0.6798859555905499 0.06325955000309685 0.13310223540333116
0 0.6667713746980197 0.9459784531657508 0.06698179911476008 0.056883125170960766
0 0.5957925956194126 0.9238646903265633 0.07004642822349468 0.10630186649752854
3 0.774440269837649 0.34978435565859406 0.06988886199944773 0.07921853316419522
3 0.8718744323793898 0.8598249283330665 0.16510901708535294 0.21640018271194492
3 0.34588551929000416 0.950023631939888 0.08374946977120025 0.07492335090814524