0 0.3458154280651234 0.09230189773283932 0.039051683890370406 0.06688483528457749
0 0.4689883861877159 0.20136649995213302 0.040327429162253105 0.06203180449264825
0 0.6468324650485177 0.9436947110300199 0.06519928343429027 0.11261057793996024
0 0.5963822131062956 0.8452502882238314 0.06804171470750002 0.11912977500154827
0 0.14244822061959836 0.5043691376514112 0.04859610900015438 0.05930250862996173
0 0.6184157005252773 0.5849265452277566 0.057802264521821044 0.09685099054505315
0 0.496042876562037 0.023722047440856302 0.049580913542592635 0.04194947783803255
0 0.5811039490038271 0.03949676484831984 0.04888704972959883 0.07180250862996178
0 0.6685877856299691 0.040700269401222886 0.04337998429561733 0.07385352068656759
0 0.5006245652659567 0.2744770942791649 0.04362243490348779 0.08427018735323423
0 0.3615411352593207 0.311867546965012 0.04472038306293216 0.07177826767241618