2 0.054223759739964926 0.043988916666300525 0.05516063564174573 0.057889927128056226
2 0.3242758600275096 0.20282238888669205 0.025521227633273153 0.03029748773431654
2 0.1889765339069581 0.525361709594728 0.049253554473052456 0.03765406565623282
2 0.11413289754598457 0.135284906564891 0.03524344985549537 0.03046718975445199
2 0.1357780158698775 0.4605637027408278 0.047864665584163565 0.037629822510499226
2 0.07923831492931602 0.8407106396099474 0.026728292929159795 0.019905064213383464
2 0.30246153570868894 0.8223915638508404 0.0296878942999399 0.030370217171517628
0 0.09385485858173115 0.6042323665217959 0.1687394556268925 0.12165917748803629
0 0.22276503462691816 0.7508829372280013 0.07069296644972667 0.07273993506445954
0 0.3039978210632562 0.6717698488435969 0.08644348556931034 0.10008994300086284
2 0.37692503210303036 0.5543289787132133 0.021354560966606564 0.030224758297115763
2 0.5594254916995891 0.47004119552291995 0.02582426695494367 0.04765859884542765
2 0.4579134494907555 0.6203062929262306 0.02265859884542765 0.025387890331738088
2 0.4600002976151247 0.5807714458843646 0.01988082106764987 0.025339404040270904
2 0.4165775800825287 0.598757786793755 0.023999001442849197 0.022634355699694058
2 0.5871012049036372 0.38513363491665964 0.025690929653408526 0.04001970995653876
2 0.5573370663754607 0.39016796283894206 0.0353283008655631 0.0353283008655631
2 0.9241992554077557 0.5270873441495769 0.03966466955236506 0.04512325252498625
0 0.4789575811621027 0.986493549060537 0.04088385642111866 0.027012901878926084
0 0.4585504404703845 0.8556623517285633 0.06678085281326326 0.08725053896059194
0 0.5093109451614753 0.6614689455232861 0.09247178246667179 0.1272702489171307
0 0.814556792204806 0.45019637878235336 0.12407682287084533 0.10838339682455995
0 0.6472801717122454 0.7305235620447159 0.05975155735875101 0.08226821212081271
0 0.6604089163015606 0.6474447817415856 0.07772226190423875 0.07772226190423875
0 0.6417883784205426 0.971891064572265 0.053771746752856904 0.05621787085546986
0 0.7712928719277209 0.8750059484075201 0.04982326839779287 0.07029295454512155
0 0.8912241168781144 0.7458893452320801 0.05511214935027845 0.05511214935027845
0 0.9571028813084379 0.7019141273384056 0.052467708874035505 0.0627025519477
3 0.8438181334716136 0.8936277030967803 0.05485759632007519 0.04052881601694512
3 0.333736499637457 0.2675511810944272 0.04825255591590173 0.059852044732721446
3 0.3427658546149941 0.38711684126753976 0.059581855338615555 0.0725459898985905
3 0.4477032099543419 0.3535426536766294 0.0684727810238226 0.10463589321743672
3 0.4596526471845399 0.24267397402285468 0.07949904112486589 0.09996872727219473
3 0.620178408007008 0.25172405735508957 0.07858289357778289 0.12702781745979438
3 0.7508363885278104 0.061007965362829854 0.12667277705562077 0.09801521644936052