0 0.34791666666666665 0.09027777777777778 0.0375 0.06666666666666667
0 0.4736111111111111 0.1986111111111111 0.03888888888888889 0.06180555555555556
0 0.66875 0.9416666666666667 0.0625 0.11597222222222223
0 0.6159722222222223 0.8416666666666667 0.06527777777777778 0.11875
0 0.15416666666666667 0.5034722222222222 0.04722222222222222 0.059027777777777776
0 0.6319444444444444 0.58125 0.05555555555555555 0.09652777777777778
0 0.4965277777777778 0.020833333333333332 0.04861111111111111 0.041666666666666664
0 0.5819444444444445 0.03611111111111111 0.04722222222222222 0.07152777777777777
0 0.6694444444444444 0.03680555555555556 0.041666666666666664 0.07361111111111111
0 0.5069444444444444 0.27152777777777776 0.041666666666666664 0.08402777777777778
0 0.36875 0.30972222222222223 0.043055555555555555 0.07152777777777777