3 0.25612448859674897 0.6180059903669032 0.06677969683890915 0.10584912341347948
3 0.3372315676673633 0.2645726680178274 0.05804966909333855 0.06673386298256613
3 0.31654023837129913 0.34734007249609944 0.08221344983465405 0.08294542337119502
3 0.5532887630889178 0.25526071327296823 0.09842650586266109 0.11198357444847838
3 0.33703287662670084 0.18165081470140787 0.0782876169737722 0.11116297760863966
3 0.4166257846282043 0.504007429555429 0.0704219800713108 0.10807393896057818
3 0.008915091440078906 0.49549141282630776 0.01783018288015781 0.16876060343039334
3 0.1285589145942731 0.4992371467001054 0.07277454801788284 0.11993608740163984
3 0.05551513196315149 0.6258571335189964 0.08333298949878964 0.10513934915066411
3 0.022021413724560186 0.7340513478325532 0.04404282744912037 0.10251838340502262
3 0.044424519177028825 0.8664332055426758 0.08884903835405765 0.14630728327816894
3 0.2794242223294989 0.7422808862857169 0.09977267892885469 0.17086987001249113
3 0.460247980994662 0.43053543746409434 0.07552403959972133 0.10274475494704707
3 0.41135332025507076 0.3978859451448122 0.07988905347250655 0.12230238516250375
3 0.5424194026757081 0.49937856702875805 0.08574224444875476 0.11769594203617023
3 0.8634939136493701 0.5863173026765618 0.1048748530687798 0.1316260939921943
3 0.8979037269896 0.40377626974031416 0.09639963030969183 0.18042231357819485
3 0.6187095764075959 0.6488055485917305 0.07871271219346343 0.13332860694535575
3 0.3940366441393735 0.9586401400079707 0.05196961549200346 0.08271971998405864
3 0.48506520953044513 0.869108339094722 0.10582433172273606 0.15173668643833008
3 0.30778364360250765 0.9127543493786118 0.12128625630290549 0.1744913012427765
3 0.23387501168221855 0.9346208060073196 0.09559192646997564 0.13075838798536096
3 0.17719991646252736 0.955810208069055 0.08363062491948223 0.08837958386188992
0 0.10432275649614825 0.06208143040111976 0.10375531340464418 0.10943216821272517
0 0.2290818080788488 0.061590938098362455 0.06653886303312441 0.07746179051951646
0 0.48752851541896847 0.07072832591361297 0.055654499935585654 0.07978682521324523
0 0.5329936697590328 0.16246218889617908 0.06981262343771341 0.09213001318110901
0 0.7156890164282856 0.1009277817982101 0.05124688485161957 0.08514430566952937
0 0.568850319718205 0.3548339034376835 0.051870441888944026 0.09278319455841826
0 0.48947099083017814 0.3286065529689085 0.05264985953272085 0.11081045367122076
0 0.1912847457157291 0.22587834037978308 0.06882054357257637 0.09693453140671393
0 0.10388414854181754 0.2808443970255019 0.07463113333764369 0.11724319895212132
0 0.04531021062572847 0.37530653448230616 0.07156992054290029 0.11365779095888671
0 0.1630115583687129 0.41006293018969703 0.08759882976851563 0.1150030535866517
0 0.22899821021769118 0.4893946491249045 0.07118731192287532 0.1004916429571954
0 0.20069650745170659 0.6227150158338557 0.06643957481855046 0.10168245674681281
0 0.09122966327353985 0.7004715867508469 0.10067978559465926 0.14806638911683653
0 0.1376588405058311 0.8828227848242275 0.07589244781601943 0.12421593983931858
0 0.3535881176823289 0.7641151985458008 0.0812921427651225 0.11405394115742966
0 0.41340916967306673 0.6543752833112189 0.062244507344429836 0.11812275187145502
0 0.40506220899357925 0.8163789139660458 0.06323658720956694 0.11331823364585003
0 0.5851218965338382 0.8724885824067184 0.08005911448268613 0.12438571849583709