2 0.41633514862519233 0.5943311967883196 0.01857678318882879 0.03059681862269075
2 0.3052846453784154 0.5932759881700517 0.01844344588729372 0.02295792973380186
2 0.3942149909766999 0.678785784401382 0.015580817099448217 0.017983632851678522
2 0.42410192243330397 0.800750975444838 0.01575051911958367 0.027705855073900745
2 0.38866101262090363 0.7979189679755427 0.01988082106764987 0.02579230039708591
2 0.27896654833545087 0.7552819820188675 0.021306074675139227 0.0279322266159252
2 0.13045119299903216 0.35714839658613157 0.03563134018723354 0.0534981554709865
3 0.9343732426044821 0.1568087155028696 0.13125351479103592 0.16370965745641525
3 0.8870511414124107 0.2887425565169207 0.13987582828189601 0.14171380677621748
3 0.7199567049043695 0.2972008915912103 0.06557378751737639 0.09913105051105957
3 0.7417773380222273 0.1558301559764564 0.061273783549174884 0.0913223829656523
2 0.34838395562616026 0.23972948004996364 0.02069296644972667 0.07232007817486354
2 0.514789039680552 0.3110473667585259 0.04249093362161034 0.048920008787405954
2 0.643905642855992 0.19417317221663263 0.032465672077717674 0.031162747477752047
2 0.5595990689022775 0.17477708042128978 0.045171738816453436 0.04347763900286271
2 0.9638451341966996 0.3945763501120293 0.052079818542297415 0.04167727009706002
2 0.7000669166633713 0.5094332569820507 0.02829900541105101 0.030992968821233705
2 0.741496243863497 0.5770466728839505 0.03658385245291684 0.02855474835649261
2 0.8147155894603167 0.8756530576070841 0.04196970598833711 0.01905889767629484
2 0.9671191756789825 0.9797100523511653 0.04357678318882879 0.031615490561801116
2 0.9303847723608685 0.8630174524357345 0.040920221139719125 0.03844674923523333
2 0.9802199143189243 0.8986710940748188 0.03956017136215135 0.04665156697918336
0 0.5569969415521553 0.9281290891756461 0.0959162467521245 0.14374182164870794
0 0.7117161085799005 0.8985202209702111 0.0835444920628643 0.09500564691152817
0 0.7976422416984906 0.6528932029725536 0.13432027272634078 0.14148743523419302
0 0.5901695400387014 0.6937098257021903 0.12146171753113132 0.19994928415690968
0 0.49282961687884685 0.6432488423817367 0.05072729437200899 0.04370401054488708
0 0.4691997150043144 0.4424282455418979 0.0953344112545172 0.134347278884466
0 0.2051864559872387 0.18601204261891907 0.1401667460306999 0.15838047344288422
0 0.22370069372045678 0.3720512310261532 0.0777707481957061 0.08227927536950357
0 0.08120079292549837 0.5570812002702321 0.14021523232216718 0.16115825122066194