0 0.2643501840311438 0.6665333572297044 0.04956948492514436 0.05144027736399405
3 0.3873873753701501 0.3943852941845191 0.03625943642371902 0.05843228085638638
3 0.46523931580423183 0.3623875465513909 0.04692885200724548 0.07138510063393397
3 0.4851167356312115 0.2735785609802748 0.05754564573736616 0.08364347596703713
3 0.6134940744967913 0.2779791934595239 0.06462723504168966 0.10404111901452463
3 0.7433688263683109 0.09823980057339765 0.08853335657289689 0.12729835787114124
3 0.5830694039637445 0.036335503355800526 0.06719452540584428 0.07267100671160105
0 0.7540739426345953 0.4409699987171264 0.09694003245997465 0.11039006653757769
0 0.012549341443166532 0.420960795699054 0.025098682886333063 0.11628236485592601
0 0.005487652736621686 0.566858817572037 0.010975305473243373 0.07183792041148157
0 0.20801812133235 0.5515181630376824 0.09182617243200365 0.09769600091862872
0 0.32876611155665036 0.6109416279771668 0.05505169792695565 0.06899545409405414
0 0.4817224755949839 0.6197334222982778 0.0730339109287671 0.08713282768096096
0 0.4181045960156137 0.7652471423605202 0.05688228234342919 0.05662483117335329
0 0.4259092505072097 0.9088182915196942 0.037879533426569544 0.04328388015790791
0 0.38749313819641307 0.9500511826140936 0.024642827478888466 0.032979461078838944
0 0.46812285640827267 0.9179240579016661 0.029019981559178298 0.03595130447556585
0 0.5645565709319679 0.8781409148086482 0.0456133056721007 0.0540239895228227
0 0.6121256053251324 0.8987611383177522 0.031797759336956076 0.036080681554864845
0 0.7001112025610733 0.8060879698593586 0.0429933934545403 0.05597794577685704
0 0.6866880103103468 0.6544745857952745 0.0659523216244436 0.06673518463347361
0 0.6100790937602254 0.606143187761621 0.07266555795492656 0.08227171656984986
0 0.8790491214214579 0.6455152230537978 0.0464233541735262 0.04644978917358363
2 0.5464413135830766 0.6879944288237482 0.028283275611497377 0.02622908225334331
2 0.8516947787786058 0.5042386023386077 0.03281829525200427 0.03128425898340355