0 0.8604166666666667 0.23254258057369365 0.043055555555555555 0.060459038654818345
0 0.9020833333333333 0.4013635825923283 0.034722222222222224 0.039639905725211914
0 0.6645833333333333 0.2110283155305554 0.034722222222222224 0.054917683502989686
0 0.7402777777777778 0.3256827654940379 0.03888888888888889 0.06011891663445957
0 0.76875 0.37821970946603084 0.04861111111111111 0.0706347569041856
0 0.8256944444444444 0.44718248629890556 0.05138888888888889 0.07086150491775811
0 0.6145833333333334 0.2880264464415272 0.04583333333333333 0.0780468977795019
0 0.6340277777777777 0.344772543679853 0.04861111111111111 0.0754958680152967
0 0.5770833333333333 0.3334486557358671 0.0375 0.06208887596100665
0 0.44583333333333336 0.42541249937716813 0.05277777777777778 0.08347487892454429
0 0.6541666666666667 0.4799341761370079 0.03611111111111111 0.06683661306533142
0 0.5784722222222223 0.5576408372846365 0.05416666666666667 0.11275491959799713
3 0.9055555555555556 0.2976079253531404 0.03888888888888889 0.06011891663445949
3 0.9590277777777778 0.2786596927585363 0.05138888888888889 0.06600039380664692
3 0.7847222222222222 0.21024924172132226 0.041666666666666664 0.038123442425809784
3 0.5402777777777777 0.20173084469348065 0.03611111111111111 0.03489216862088706
3 0.4979166666666667 0.28018875190046144 0.04027777777777778 0.06231562397457916
3 0.45625 0.2884510832151601 0.05138888888888889 0.06808372713998033
3 0.5409722222222222 0.3287574910234209 0.04583333333333333 0.04332467555727975
3 0.4222222222222222 0.3690065241592011 0.041666666666666664 0.055484553536920896
3 0.5118055555555555 0.3707216784992655 0.05416666666666667 0.07386603070910841
3 0.45555555555555555 0.4898966591074422 0.06111111111111111 0.08137734518748406
3 0.9048611111111111 0.4511368345787558 0.04583333333333333 0.09540800889061309
3 0.9388888888888889 0.7059980603013815 0.03888888888888889 0.07261891663445966
3 0.25069444444444444 0.7712026584417478 0.09027777777777778 0.1580637548855511