3 0.3055555555555556 0.6055555555555555 0.058333333333333334 0.10347222222222222
3 0.3576388888888889 0.25 0.05277777777777778 0.06458333333333334
3 0.34375 0.3333333333333333 0.07569444444444444 0.0798611111111111
3 0.5722222222222222 0.23194444444444445 0.08958333333333333 0.10833333333333334
3 0.3506944444444444 0.1673611111111111 0.06944444444444445 0.10833333333333334
3 0.45625 0.48541666666666666 0.06180555555555556 0.10555555555555556
3 0.025694444444444443 0.49444444444444446 0.05138888888888889 0.16666666666666666
3 0.16875 0.49236111111111114 0.06319444444444444 0.11736111111111111
3 0.10625 0.6215277777777778 0.075 0.10208333333333333
3 0.06875 0.73125 0.06180555555555556 0.1
3 0.09652777777777778 0.8625 0.11388888888888889 0.14166666666666666
3 0.3388888888888889 0.7284722222222222 0.08611111111111111 0.1673611111111111
3 0.49375 0.41041666666666665 0.06736111111111111 0.1
3 0.4423611111111111 0.3798611111111111 0.07013888888888889 0.11944444444444445
3 0.58125 0.4756944444444444 0.0763888888888889 0.11458333333333333
3 0.9083333333333333 0.5493055555555556 0.09444444444444444 0.12777777777777777
3 0.9277777777777778 0.3659722222222222 0.08194444444444444 0.17708333333333334
3 0.6694444444444444 0.6215277777777778 0.06805555555555555 0.13055555555555556
3 0.47152777777777777 0.9493055555555555 0.04375 0.10069444444444445
3 0.5541666666666667 0.8465277777777778 0.09375 0.14791666666666667
3 0.38125 0.9 0.10694444444444444 0.17569444444444443
3 0.30972222222222223 0.9291666666666667 0.08402777777777778 0.14166666666666666
3 0.2548611111111111 0.9513888888888888 0.07569444444444444 0.09722222222222222
0 0.10902777777777778 0.05763888888888889 0.09513888888888888 0.10555555555555556
0 0.23333333333333334 0.052083333333333336 0.06041666666666667 0.075
0 0.49166666666666664 0.050694444444444445 0.049305555555555554 0.07777777777777778
0 0.5444444444444444 0.14027777777777778 0.0625 0.08958333333333333
0 0.7215277777777778 0.07152777777777777 0.044444444444444446 0.08333333333333333
0 0.5958333333333333 0.33055555555555555 0.044444444444444446 0.09097222222222222
0 0.5145833333333333 0.3076388888888889 0.04375 0.10902777777777778
0 0.20902777777777778 0.21736111111111112 0.06111111111111111 0.09444444444444444
0 0.12638888888888888 0.27569444444444446 0.06527777777777778 0.11458333333333333
0 0.07569444444444444 0.37222222222222223 0.0625 0.1111111111111111
0 0.19583333333333333 0.40208333333333335 0.07847222222222222 0.11180555555555556
0 0.26805555555555555 0.47847222222222224 0.06319444444444444 0.09791666666666667
0 0.25069444444444444 0.6125 0.058333333333333334 0.09930555555555555
0 0.14791666666666667 0.6944444444444444 0.08888888888888889 0.14444444444444443
0 0.20902777777777778 0.8743055555555556 0.06597222222222222 0.12152777777777778
0 0.41458333333333336 0.7472222222222222 0.07222222222222222 0.1111111111111111
0 0.4652777777777778 0.6354166666666666 0.05277777777777778 0.11597222222222223
0 0.4701388888888889 0.7972222222222223 0.05416666666666667 0.1111111111111111
0 0.6541666666666667 0.8458333333333333 0.07013888888888889 0.12152777777777778