1 0.3966073860849959 0.9063560207581809 0.1660832961614735 0.18728795848363816
1 0.46278369092318616 0.8727342187212501 0.11225655149731008 0.19628633305042373
0 0.8619530835560413 0.9302315756064623 0.1047877853777553 0.13953684878707534
0 0.9524585431738118 0.7966482039747821 0.09508291365237621 0.16158027201357503
0 0.5020036309513936 0.6199246050993507 0.09437587767884628 0.1787312877148278
0 0.42109895899398486 0.45522765694177536 0.07792313509982812 0.10221310934294903
0 0.703125923571135 0.46961140809106655 0.07531039758746169 0.12438684800905012
0 0.7446472329157514 0.3687881606902581 0.06245111617776299 0.09925755852606023
0 0.6196669158591123 0.2882316320814508 0.048911990763057626 0.0644060468208482
0 0.4777041285082567 0.2525796551736133 0.06525809483441694 0.079861597637737
0 0.4089639699799372 0.2122286655350278 0.05831365038997234 0.07978079171086831
0 0.6624749110165509 0.2554235372727636 0.04669757701094678 0.05258433007991891