3 0.7236111111111111 0.6472222222222223 0.041666666666666664 0.07916666666666666
0 0.8743055555555556 0.8097222222222222 0.05138888888888889 0.07430555555555556
0 0.7993055555555556 0.9604166666666667 0.04583333333333333 0.07916666666666666
0 0.13402777777777777 0.11388888888888889 0.08194444444444444 0.12361111111111112
0 0.20972222222222223 0.3416666666666667 0.06944444444444445 0.12083333333333333
0 0.3215277777777778 0.525 0.04861111111111111 0.09652777777777778
0 0.4736111111111111 0.9381944444444444 0.058333333333333334 0.08888888888888889
0 0.30694444444444446 0.24722222222222223 0.05555555555555555 0.12361111111111112
0 0.4826388888888889 0.23194444444444445 0.043055555555555555 0.07430555555555556
0 0.51875 0.5125 0.04583333333333333 0.09166666666666666
0 0.7194444444444444 0.4777777777777778 0.041666666666666664 0.07152777777777777