0 0.8718331592305482 0.19253967509126185 0.055384744670029955 0.08723192336655611
0 0.6411430331077477 0.12545916032156354 0.06881928713342392 0.10261629309708395
0 0.39131597299536447 0.3026005798859779 0.05368434162667673 0.08228180821131224
0 0.24365699225626447 0.26733820069726494 0.0459388607850377 0.06933678799064862
0 0.4913967153357114 0.34039237712973347 0.061741336622780335 0.10008793954308699
0 0.376474143537999 0.7409461183052387 0.08601065186005535 0.13345644869365508
0 0.1444726773635194 0.5419925752266113 0.06541848104671691 0.09271606278659622
3 0.7751878429022576 0.9763721111767371 0.07576373157786837 0.04725577764652592
3 0.7764224443131926 0.8544352991919959 0.06909562547065365 0.0853441860301056
3 0.47285189184200616 0.8147600226159728 0.05072855576063344 0.07932602234526895
3 0.12362920762888897 0.9325373651367872 0.06541848104671695 0.09271606278659622