0 0.7333333333333333 0.25069444444444444 0.025 0.06180555555555556
0 0.6673611111111111 0.7652777777777777 0.04027777777777778 0.07430555555555556
3 0.3375 0.32083333333333336 0.075 0.11388888888888889
0 0.29097222222222224 0.9590277777777778 0.08194444444444444 0.08125
0 0.3375 0.7097222222222223 0.06666666666666667 0.10625
0 0.4166666666666667 0.46944444444444444 0.058333333333333334 0.10833333333333334
0 0.5888888888888889 0.4638888888888889 0.044444444444444446 0.09375
0 0.5583333333333333 0.049305555555555554 0.03611111111111111 0.06388888888888888
0 0.06666666666666667 0.043055555555555555 0.06111111111111111 0.08611111111111111
0 0.2 0.019444444444444445 0.05555555555555555 0.03888888888888889
3 0.14305555555555555 0.30972222222222223 0.09722222222222222 0.1361111111111111