1 0.13958333333333334 0.6604166666666667 0.1375 0.21458333333333332
1 0.26458333333333334 0.8222222222222222 0.1736111111111111 0.18263888888888888
0 0.7736111111111111 0.18611111111111112 0.06944444444444445 0.11597222222222223
0 0.7541666666666667 0.1125 0.06111111111111111 0.1111111111111111
0 0.7840277777777778 0.06805555555555555 0.04583333333333333 0.10138888888888889
1 0.39652777777777776 0.8694444444444445 0.05416666666666667 0.17777777777777778
3 0.25277777777777777 0.4270833333333333 0.10833333333333334 0.2222222222222222
0 0.4152777777777778 0.5395833333333333 0.10833333333333334 0.1951388888888889
0 0.3451388888888889 0.6416666666666667 0.10138888888888889 0.17291666666666666
0 0.3263888888888889 0.47638888888888886 0.09166666666666666 0.14305555555555555
0 0.35347222222222224 0.31875 0.10694444444444444 0.19236111111111112
0 0.125 0.44930555555555557 0.08888888888888889 0.14305555555555555
0 0.09305555555555556 0.2763888888888889 0.15 0.18263888888888888
0 0.03333333333333333 0.36527777777777776 0.06666666666666667 0.2125
3 0.5833333333333334 0.38055555555555554 0.06111111111111111 0.1527777777777778
0 0.8472222222222222 0.5506944444444445 0.044444444444444446 0.07916666666666666