0 0.4974603478490781 0.27853376526690576 0.03296075318956595 0.061164430364940535
0 0.5436155454830884 0.34062084106721213 0.040329644275306324 0.07206669989232606
0 0.2058502740679176 0.2595273340056041 0.05651290822118208 0.09535724840812966
0 0.3191555410893855 0.3041510956187327 0.0431923113813432 0.07434427436994698
0 0.7388086021783821 0.7974481584599865 0.05600357225162706 0.08285724840812982
0 0.7508900325795019 0.9070100993845551 0.04866297760863934 0.07264942332518874
0 0.6788045661830673 0.9635260956187327 0.05501083356128097 0.07294780876253462
0 0.43520077478481023 0.8918596136662931 0.051240317093157094 0.10191321056399892
0 0.22612700755191964 0.9270972867004408 0.06235142820426821 0.10269017514114896
0 0.2461209003786163 0.7719981331267279 0.07754195345979803 0.1356058253070314
0 0.12130013181108992 0.6317013194779197 0.0945198809967484 0.14441016106164536