1 0.18576416538769333 0.6555423092584435 0.1525051283962116 0.21938493913844878
1 0.3220787120424419 0.8129827686275306 0.18638246634801614 0.1887015224812062
0 0.7866252677783756 0.15909601582374516 0.07755401221844901 0.11839727565914913
0 0.7620334330103115 0.08616391967497358 0.06888075688261211 0.11324515813560682
0 0.7887866858128223 0.04608570716564044 0.05292313509982812 0.09217141433128088
1 0.45732525593977436 0.8555973893195916 0.0665980999010685 0.1796693194585809
3 0.2826423537119853 0.4182561388229193 0.12387262487633563 0.22600530558382828
0 0.4530091200556302 0.5250815137805104 0.12197877371953231 0.1989219722504948
0 0.39000859321930803 0.6296141510851399 0.11348040012078763 0.17645724468457993
0 0.3597012451342001 0.46499113773533235 0.10167008559747441 0.14625662609229914
0 0.3757613935292162 0.3064064780060419 0.12039564368635575 0.19609569340397862
0 0.1564185050885078 0.44494045936908705 0.09889230781969663 0.14615962395482207
0 0.11238254941216468 0.2731393172834068 0.16277135523690503 0.18787700431265103
0 0.05887604380714339 0.36411375212805286 0.08152611420466263 0.21482805129944987
3 0.6099443701007248 0.36018510668536935 0.07179437404692521 0.1549118248022735
0 0.8857305290772248 0.5211087925139359 0.04998031705663885 0.08071870086629993