0 0.7218773657996391 0.16662083874951028 0.06174652489098094 0.11701467748876852
0 0.7359582622631203 0.33656578247253005 0.0446556031739754 0.09241820418440941
0 0.17712794444224758 0.3178393048352294 0.06665963708459499 0.08030609451614758
0 0.3228138813099026 0.46603670526910934 0.06152833657937806 0.10451467748876853
0 0.33156092532046705 0.6089831666688635 0.06587682683904698 0.11500407359263612
0 0.3918962557681018 0.5634720238121391 0.060139447690489255 0.10449043434303494
0 0.5091654862870736 0.6357532766989361 0.07585360209147246 0.1297571089461049
0 0.3112503968201662 0.758688734129024 0.08162734595863065 0.14235408152903928
0 0.24175904328401382 0.876603922800973 0.094636452019037 0.17173893650730873
0 0.2143589718563839 0.7395402994241784 0.08549097330362687 0.12506569985512941
0 0.12857865800371268 0.7201979195534637 0.09255663347673951 0.13213136002824197
0 0.03843773231850575 0.6898171580088388 0.05532330807980951 0.14675457287121138
3 0.0731615317404873 0.8086918885285428 0.0919990411248659 0.10018691558379753