0 0.3019930279379896 0.6171534483343821 0.04155644766950846 0.07684140207935318
0 0.33625670262961954 0.6640610139684425 0.04816138463278321 0.06719998578399972
0 0.1796385193692328 0.5324302530589081 0.03817240653249898 0.05944796859749475
0 0.22250449589468188 0.6467716551382614 0.03244709723635858 0.0545222127448887
0 0.4420525509064439 0.6125357280571287 0.03505512127355151 0.04969342400452506
0 0.4136464424200581 0.4351938157578157 0.0318408338771268 0.03716110163377759
0 0.8317152442727257 0.5795851017398334 0.048597894251429984 0.07969998578399971
0 0.8901918976272817 0.7433936712284795 0.04876764799201491 0.08456109689511082
0 0.7557474649578098 0.8292937138764803 0.04589286807675989 0.08175099674658541
0 0.6796672245858807 0.8769997986066626 0.04077382213985143 0.09418635200509079
0 0.2917924328956535 0.782245372480362 0.07176588731405376 0.10704189808331283