0 0.7156226342003609 0.16662083874951028 0.06174652489098094 0.11701467748876852
0 0.7237639599591018 0.33656578247253005 0.0446556031739754 0.09241820418440941
0 0.16592761111330795 0.3178393048352294 0.06665963708459499 0.08030609451614758
0 0.3063527853567641 0.46603670526910934 0.06152833657937806 0.10451467748876853
0 0.3101057413461996 0.6089831666688635 0.06587682683904698 0.11500407359263612
0 0.37199263312078706 0.5634720238121391 0.060139447690489255 0.10449043434303494
0 0.48666784704625976 0.6357532766989361 0.07585360209147246 0.1297571089461049
0 0.28458293651316713 0.758688734129024 0.08162734595863065 0.14235408152903928
0 0.21101873449376396 0.876603922800973 0.094636452019037 0.17173893650730873
0 0.18841880592139387 0.7395402994241784 0.08549097330362687 0.12506569985512941
0 0.10336578644073174 0.7201979195534637 0.09255663347673951 0.13213136002824197
0 0.021000849749588393 0.6898171580088388 0.04200169949917679 0.14675457287121138
3 0.04544677218875061 0.8086918885285428 0.09089354437750122 0.10018691558379753