3 0.16527777777777777 0.6034722222222222 0.06944444444444445 0.1111111111111111
3 0.21180555555555555 0.6458333333333334 0.05694444444444444 0.13055555555555556
3 0.38263888888888886 0.5694444444444444 0.09027777777777778 0.14097222222222222
3 0.3458333333333333 0.45416666666666666 0.058333333333333334 0.049305555555555554
3 0.34305555555555556 0.7826388888888889 0.06666666666666667 0.10833333333333334
3 0.4 0.9479166666666666 0.09444444444444444 0.10347222222222222
3 0.6173611111111111 0.7826388888888889 0.05694444444444444 0.09375
3 0.7159722222222222 0.9527777777777777 0.05416666666666667 0.09375
0 0.2743055555555556 0.5861111111111111 0.0875 0.15069444444444444
0 0.7826388888888889 0.5541666666666667 0.04861111111111111 0.09166666666666666
0 0.8854166666666666 0.8604166666666667 0.08194444444444444 0.1361111111111111
0 0.6743055555555556 0.44583333333333336 0.04861111111111111 0.07152777777777777