0 0.8767272818978901 0.7451536507349655 0.050232848319081175 0.07975668750685953
0 0.8887975869255942 0.8406608925976949 0.05256893056927399 0.09236193121367112
0 0.9693100608753533 0.7915252031576456 0.04810725348251121 0.06992922157782573
0 0.7273355631307417 0.6233603033824794 0.04773890050867067 0.06506811046671446
0 0.6033942600362275 0.3909509824024324 0.03070388086816346 0.058944074873864515
0 0.5309002084019268 0.482121691482989 0.049706629785023264 0.07281224306241493
0 0.36988070023721886 0.2979965700408894 0.03641730198393639 0.06144838303444402
0 0.3906415111193678 0.36240131711366697 0.046718364593622316 0.06982397787101399
0 0.23920410088987218 0.5780864289582825 0.07683222462159323 0.08453409571405707
0 0.38686719853711937 0.5312772815208169 0.05930288760009558 0.09011037196995093
0 0.4995084439097973 0.7876867872861538 0.07369727432270391 0.11605756533125518
3 0.805182883932573 0.9687457904190293 0.06527941798289716 0.0625084191619414
3 0.6740907494927904 0.9571809832250447 0.0855450913814961 0.0856380335499106
0 0.6140001742967276 0.9550761090888134 0.0764750521004817 0.08984778182237328
0 0.24236797291469803 0.9765794757047335 0.07514832531260798 0.04684104859053314