0 0.2916666666666667 0.5527777777777778 0.04722222222222222 0.07430555555555556
0 0.3659722222222222 0.5479166666666667 0.04583333333333333 0.08888888888888889
0 0.33402777777777776 0.6013888888888889 0.059722222222222225 0.08611111111111111
0 0.2423611111111111 0.5381944444444444 0.05138888888888889 0.08402777777777778
0 0.16319444444444445 0.5430555555555555 0.05694444444444444 0.08888888888888889
0 0.3486111111111111 0.475 0.04722222222222222 0.0763888888888889
0 0.32083333333333336 0.38263888888888886 0.05 0.07916666666666666
0 0.3840277777777778 0.4222222222222222 0.043055555555555555 0.07430555555555556
0 0.5527777777777778 0.08263888888888889 0.044444444444444446 0.08125
0 0.4777777777777778 0.4222222222222222 0.05555555555555555 0.09375
0 0.5625 0.8743055555555556 0.1 0.15833333333333333