3 0.4113028190126239 0.7319054826861854 0.06286999317896023 0.09879149319802297
0 0.6991264501755483 0.6017118419588914 0.10513786113854845 0.18151290822118207
0 0.5080266233410566 0.5191566917438236 0.06902510982231781 0.0886577909588867
0 0.29998748032525974 0.48714153713505276 0.07691674762806641 0.10144075538641743
0 0.27641565129025436 0.9160995252720547 0.06887842471482944 0.1232668274100967
0 0.27100514063706754 0.7898804150396842 0.05907167948613395 0.10348282565261557
3 0.3695437292969943 0.856894879255792 0.05248440756280104 0.07136860255165263
3 0.393444110110283 0.5601796298091362 0.05738778017714878 0.08126060343039335
3 0.540267718410717 0.6340076596863166 0.07573834615280077 0.10416194027868894
3 0.8191058332991004 0.5131400909827019 0.08612393176895997 0.13158483092505913
3 0.9013763692141488 0.5116462565592053 0.08751282065784885 0.13164142381056523
0 0.9500131554633514 0.12412620035285668 0.09997368907329726 0.17421357664532997
0 0.7718028876000956 0.11729379102498641 0.07654839465422596 0.09657964427530628