3 0.7263888888888889 0.2125 0.07222222222222222 0.08888888888888889
3 0.7826388888888889 0.8777777777777778 0.10138888888888889 0.12083333333333333
3 0.6319444444444444 0.6416666666666667 0.06111111111111111 0.09861111111111111
3 0.12361111111111112 0.8013888888888889 0.06388888888888888 0.08125
3 0.1840277777777778 0.625 0.05694444444444444 0.059027777777777776
3 0.034027777777777775 0.7743055555555556 0.0625 0.09166666666666666
0 0.4465277777777778 0.2965277777777778 0.05694444444444444 0.09375
0 0.23402777777777778 0.5791666666666667 0.043055555555555555 0.07152777777777777
0 0.24027777777777778 0.6409722222222223 0.03888888888888889 0.07152777777777777
0 0.017361111111111112 0.6111111111111112 0.034722222222222224 0.0763888888888889
0 0.36666666666666664 0.6729166666666667 0.05277777777777778 0.08611111111111111
0 0.24722222222222223 0.39375 0.05277777777777778 0.08125
0 0.3854166666666667 0.3506944444444444 0.05138888888888889 0.07430555555555556