3 0.6416666666666667 0.2 0.044444444444444446 0.09375
3 0.5208333333333334 0.41458333333333336 0.05 0.059027777777777776
0 0.49930555555555556 0.3541666666666667 0.05138888888888889 0.06180555555555556
0 0.3576388888888889 0.38263888888888886 0.05416666666666667 0.08888888888888889
0 0.58125 0.30277777777777776 0.05138888888888889 0.1111111111111111
0 0.3770833333333333 0.8236111111111111 0.07083333333333333 0.12083333333333333
0 0.4354166666666667 0.80625 0.06805555555555555 0.09652777777777778
0 0.4861111111111111 0.6840277777777778 0.06111111111111111 0.10833333333333334
0 0.3388888888888889 0.5777777777777777 0.04722222222222222 0.07430555555555556
0 0.3472222222222222 0.6416666666666667 0.041666666666666664 0.06944444444444445
0 0.058333333333333334 0.4701388888888889 0.05555555555555555 0.05694444444444444
0 0.13402777777777777 0.5875 0.059722222222222225 0.06944444444444445
0 0.2423611111111111 0.9125 0.07916666666666666 0.13055555555555556
3 0.30416666666666664 0.6222222222222222 0.05277777777777778 0.059027777777777776
3 0.2513888888888889 0.8027777777777778 0.06388888888888888 0.07430555555555556
3 0.16805555555555557 0.7631944444444444 0.058333333333333334 0.07916666666666666
3 0.9243055555555556 0.21944444444444444 0.08194444444444444 0.11875
3 0.7868055555555555 0.6951388888888889 0.07916666666666666 0.11597222222222223