0 0.09439934117513621 0.9444925079034135 0.06580006884740826 0.11101498419317295
3 0.24371375546740473 0.9876983994571273 0.05331778632083418 0.024603201085745416
0 0.06467000201182892 0.7186434965531382 0.07044576712374434 0.1016514724746448
0 0.3350105733979083 0.9699239672815868 0.07761448313967673 0.06015206543682628
3 0.3983476420947903 0.9603653811220672 0.06993624704738137 0.07926923775586564
0 0.38507937484440447 0.6354111283869424 0.0503462254382618 0.08824583291954961
0 0.8596957957706568 0.8918380645141896 0.19687791547259445 0.21632387097162079
0 0.7654549525120369 0.829250708203114 0.1438148891899415 0.20621009980636637
0 0.6041795874185077 0.9045797921115921 0.03748228252657416 0.08071919161825841
0 0.5978715633973585 0.96757099884971 0.042637500879273045 0.06485800230058013
3 0.6381158997962051 0.9746296055953305 0.05528307804394817 0.05074078880933889