1 0.61875 0.39652777777777776 0.05138888888888889 0.14097222222222222
2 0.09027777777777778 0.9069444444444444 0.17777777777777778 0.18611111111111112
2 0.19722222222222222 0.8013888888888889 0.14166666666666666 0.24930555555555556
2 0.31666666666666665 0.7048611111111112 0.125 0.21944444444444444
2 0.3277777777777778 0.8861111111111111 0.1 0.22708333333333333
2 0.12361111111111112 0.3194444444444444 0.11666666666666667 0.16041666666666668
2 0.5791666666666667 0.24097222222222223 0.09444444444444444 0.14583333333333334
0 0.46458333333333335 0.2791666666666667 0.0875 0.1875
0 0.5277777777777778 0.39861111111111114 0.07777777777777778 0.1111111111111111
1 0.41597222222222224 0.8840277777777777 0.12083333333333333 0.23194444444444445
2 0.4909722222222222 0.8590277777777777 0.11805555555555555 0.24722222222222223
0 0.5541666666666667 0.6583333333333333 0.125 0.1951388888888889
0 0.5909722222222222 0.8027777777777778 0.14305555555555555 0.26180555555555557
0 0.7236111111111111 0.7701388888888889 0.1388888888888889 0.27152777777777776
2 0.6666666666666666 0.61875 0.12777777777777777 0.11597222222222223
1 0.8361111111111111 0.9194444444444444 0.15555555555555556 0.16041666666666668
2 0.9375 0.7631944444444444 0.12222222222222222 0.1875
1 0.8520833333333333 0.6861111111111111 0.09583333333333334 0.2520833333333333
1 0.6354166666666666 0.475 0.17083333333333334 0.2048611111111111
1 0.8506944444444444 0.36041666666666666 0.05416666666666667 0.09375
2 0.9236111111111112 0.3527777777777778 0.07777777777777778 0.13819444444444445
2 0.7951388888888888 0.4 0.04583333333333333 0.11875
1 0.8576388888888888 0.32083333333333336 0.07361111111111111 0.11875
2 0.75625 0.4840277777777778 0.07083333333333333 0.14305555555555555
1 0.7409722222222223 0.37777777777777777 0.07916666666666666 0.08402777777777778
1 0.8729166666666667 0.48125 0.1625 0.11388888888888889
2 0.9479166666666666 0.59375 0.10416666666666667 0.2