0 0.9701388888888889 0.29375 0.059722222222222225 0.14791666666666667
2 0.9659722222222222 0.16527777777777777 0.06805555555555555 0.10833333333333334
0 0.8381944444444445 0.044444444444444446 0.0625 0.08888888888888889
2 0.9756944444444444 0.06527777777777778 0.04861111111111111 0.08611111111111111
2 0.91875 0.11597222222222223 0.08472222222222223 0.09375
1 0.8493055555555555 0.13472222222222222 0.12361111111111112 0.16041666666666668
0 0.7451388888888889 0.02847222222222222 0.05138888888888889 0.05694444444444444
0 0.6756944444444445 0.019444444444444445 0.05138888888888889 0.03888888888888889
0 0.5847222222222223 0.022222222222222223 0.05277777777777778 0.044444444444444446
2 0.7430555555555556 0.20625 0.08888888888888889 0.09166666666666666
2 0.6708333333333333 0.14444444444444443 0.058333333333333334 0.06666666666666667
1 0.6256944444444444 0.14930555555555555 0.14027777777777778 0.18055555555555555
0 0.5916666666666667 0.2 0.08333333333333333 0.13333333333333333
2 0.5368055555555555 0.12361111111111112 0.059722222222222225 0.09861111111111111
2 0.5173611111111112 0.2 0.07361111111111111 0.059027777777777776
2 0.4618055555555556 0.16319444444444445 0.07916666666666666 0.07430555555555556
0 0.49583333333333335 0.06666666666666667 0.075 0.11388888888888889
1 0.37569444444444444 0.26180555555555557 0.13472222222222222 0.16319444444444445
1 0.3923611111111111 0.3416666666666667 0.17916666666666667 0.2791666666666667
0 0.3145833333333333 0.09861111111111111 0.08194444444444444 0.11875
0 0.23680555555555555 0.06388888888888888 0.08472222222222223 0.10833333333333334
1 0.2826388888888889 0.15694444444444444 0.1125 0.09166666666666666
1 0.2673611111111111 0.19722222222222222 0.09305555555555556 0.07916666666666666
2 0.2916666666666667 0.27291666666666664 0.08333333333333333 0.09166666666666666
1 0.225 0.24305555555555555 0.075 0.21458333333333332
2 0.1763888888888889 0.2861111111111111 0.08333333333333333 0.08888888888888889
0 0.15694444444444444 0.2222222222222222 0.07777777777777778 0.10347222222222222
0 0.07152777777777777 0.2520833333333333 0.09583333333333334 0.1284722222222222
1 0.09236111111111112 0.13333333333333333 0.05416666666666667 0.11875
0 0.10069444444444445 0.04722222222222222 0.08194444444444444 0.07916666666666666
1 0.1875 0.49236111111111114 0.17777777777777778 0.175