1 0.8111111111111111 0.13958333333333334 0.08888888888888889 0.06666666666666667
0 0.5354166666666667 0.5618055555555556 0.034722222222222224 0.08611111111111111
0 0.6833333333333333 0.5854166666666667 0.08055555555555556 0.1284722222222222
0 0.6131944444444445 0.32222222222222224 0.05694444444444444 0.12083333333333333
0 0.7159722222222222 0.13819444444444445 0.05416666666666667 0.07916666666666666
0 0.47430555555555554 0.20347222222222222 0.05694444444444444 0.10138888888888889
0 0.25555555555555554 0.23472222222222222 0.06111111111111111 0.07916666666666666
0 0.19166666666666668 0.29375 0.06111111111111111 0.09375
0 0.26666666666666666 0.5222222222222223 0.07222222222222222 0.12569444444444444
0 0.3548611111111111 0.37916666666666665 0.05138888888888889 0.1111111111111111
3 0.41944444444444445 0.9541666666666667 0.08888888888888889 0.09166666666666666
3 0.58125 0.7479166666666667 0.06805555555555555 0.11388888888888889
3 0.8645833333333334 0.41388888888888886 0.0763888888888889 0.10625
3 0.7916666666666666 0.3333333333333333 0.06944444444444445 0.07916666666666666
3 0.37083333333333335 0.5506944444444445 0.04722222222222222 0.07916666666666666
3 0.5548611111111111 0.4583333333333333 0.04861111111111111 0.10138888888888889