0 0.8083333333333333 0.4076388888888889 0.058333333333333334 0.08402777777777778
0 0.5840277777777778 0.2 0.0375 0.059027777777777776
0 0.6680555555555555 0.25277777777777777 0.03611111111111111 0.06180555555555556
0 0.89375 0.8027777777777778 0.07361111111111111 0.10833333333333334
0 0.94375 0.9138888888888889 0.1125 0.15833333333333333
0 0.9847222222222223 0.6458333333333334 0.030555555555555555 0.0763888888888889
0 0.7277777777777777 0.5111111111111111 0.044444444444444446 0.05416666666666667
0 0.6375 0.6236111111111111 0.05 0.08125
0 0.6493055555555556 0.7506944444444444 0.05138888888888889 0.08888888888888889
0 0.5708333333333333 0.7777777777777778 0.03333333333333333 0.06388888888888888
0 0.46875 0.6111111111111112 0.043055555555555555 0.0763888888888889
0 0.5631944444444444 0.5472222222222223 0.043055555555555555 0.08611111111111111
0 0.4097222222222222 0.5125 0.03888888888888889 0.05694444444444444
0 0.36666666666666664 0.5472222222222223 0.041666666666666664 0.06180555555555556
0 0.39861111111111114 0.6791666666666667 0.05 0.07916666666666666
0 0.03888888888888889 0.4409722222222222 0.07777777777777778 0.10138888888888889
3 0.7791666666666667 0.6791666666666667 0.05277777777777778 0.07430555555555556
3 0.5854166666666667 0.8805555555555555 0.05138888888888889 0.0763888888888889
3 0.45902777777777776 0.9527777777777777 0.06805555555555555 0.09375