3 0.9604022370399106 0.29241627750721066 0.07919552592017882 0.15224329109482176
2 0.9568864967143911 0.9034271267592469 0.08622700657121779 0.19314574648150634
1 0.9549453679884774 0.6193345705751326 0.09010926402304512 0.19376903587103034
0 0.8855433241850633 0.32568677365119925 0.09756200040803738 0.11246571661720092
2 0.9321423618573834 0.43748248773507437 0.13571527628523306 0.1692546387317492
2 0.8930537217713226 0.6037851140242846 0.1369608431044352 0.1891021659042069
2 0.8237654817678743 0.5077965818972203 0.10138843044283084 0.14242394830045588
2 0.7849756518705301 0.5485844044468355 0.07318544283384718 0.15218997184099217
1 0.7204068627754674 0.4342829148944182 0.13888843044283083 0.1450462037483375
3 0.7879667795387554 0.32300643998173056 0.13608225185759895 0.1614215086985728
2 0.7115494898424127 0.3342343546083464 0.07967650586266126 0.11328648251266536
2 0.6599198817592535 0.2684808154415303 0.11626928458534186 0.1724647001164164
2 0.5936502533393678 0.2010130658227602 0.0628114919898757 0.09277371177463946
0 0.7283004420393243 0.5563594562584249 0.1182817305115552 0.18020070957744896
0 0.6456333815660108 0.4994832550434133 0.1057817305115552 0.17932662442815508
0 0.6078501757720742 0.425721704106329 0.08786806438175429 0.129049863151162
2 0.5986809670146 0.3387704676925577 0.07808926976765349 0.09384203806822085
1 0.5437632835116104 0.3004062240149443 0.07789092256153493 0.07449471419592016
2 0.5433945314607687 0.38047617670978107 0.077720746939841 0.10624491749607709
2 0.5473765928789853 0.48846958804061114 0.09861065266505276 0.1422297071561682
2 0.5080480645321347 0.5734104933182396 0.08117853953530714 0.18243956524067848
3 0.8608961566594596 0.7596564732073899 0.24543549280595017 0.31683105985974735
1 0.7403319433278506 0.7967975153338563 0.24183569617321501 0.3234841425877606
1 0.6349891646051696 0.732811829408989 0.1530888113215953 0.23442069549794523
1 0.5922451010394899 0.8182043777007024 0.17956290263284574 0.18655734808510796
2 0.7071964987545776 0.9251593106891578 0.12108779448527242 0.14968137862168443
0 0.6117316882490569 0.9096279429195248 0.1175162840484761 0.1807441141609505
0 0.427392762315947 0.727271521365202 0.11272617495599964 0.1798122272888741
1 0.3005073177426741 0.8730664594203095 0.17959118882878503 0.20382133862407525
1 0.2440881736246112 0.5963814498472315 0.14333830290343377 0.21647686095397142
1 0.19602938830916072 0.7097120572143764 0.11235765212818707 0.19221510671673028
2 0.2711570773311885 0.6742271473182769 0.11782834909592484 0.14081161738840314
1 0.31667903328616054 0.5551953035373608 0.19838390465148031 0.14644461057274152
1 0.4632211260791798 0.5233232142177763 0.11436998344288567 0.2337846528112531
1 0.3873568498475851 0.4482797364356273 0.12216519138428544 0.10935277580467755
1 0.37660040499510344 0.34188405557741164 0.08540223703991058 0.08192476150108345
0 0.46894731570248765 0.35662734667223345 0.09163792202466918 0.12448011375648207
0 0.5301581734742308 0.20140663061525818 0.07874111300091724 0.11874491749607709
2 0.502196363505576 0.13799858561933048 0.06771520431216768 0.06825931463535828
1 0.4840275485547486 0.10151359265908243 0.06595779259546614 0.08056507349107073
2 0.4524233407421775 0.06961294953295225 0.0715133481510217 0.08095355577964583
2 0.41908977818581505 0.1349491290684824 0.06935912741056838 0.08839820352424717
2 0.3597501645836178 0.1439188286246731 0.07018103165401139 0.11538441628543675
1 0.4454216362367671 0.23760058539524023 0.1079077796675839 0.12078444951109617
2 0.3288824293690991 0.2563801098102817 0.07828773158528672 0.07935582530703127
1 0.276161453206229 0.21955043587977283 0.10385460161921808 0.08804844005006353
1 0.29995648189670276 0.3165006557927595 0.07871282680497795 0.10148092695710974
1 0.2674875394064786 0.3501351923142046 0.054988112464051477 0.1661080616087574
2 0.2194009263411472 0.31086766260842114 0.1033159031697115 0.1322015227780767