0 0.28243073296092364 0.8442912214675364 0.30079264530625854 0.3114175570649271
0 0.04526740238244172 0.1954317506336903 0.09053480476488344 0.20891905682293618
2 0.07772622481171965 0.2691577154013373 0.15072674605088632 0.16463396805709402
1 0.07289773931767252 0.44131784769287585 0.14579547863534503 0.30902458427464063
1 0.03931617219500116 0.6230046062097536 0.07863234439000232 0.13073143464172954
1 0.0493355441766722 0.7551001446290145 0.0986710883533444 0.17686695592469576
1 0.1446815720506896 0.13682927616586726 0.13554291208586464 0.2127824710389241
1 0.2143102950928326 0.38943624305811964 0.1292978171561668 0.4144031962429763
0 0.3247511181894177 0.0849383453262795 0.14494220806560904 0.136589178146918
3 0.33257363765476095 0.26178984234444946 0.2126865915830237 0.254394244977647
2 0.3328854577141459 0.44791854136417797 0.19065355302880233 0.20870374391534435
2 0.3165847561578994 0.6559848625651131 0.20098182897425923 0.2910042045363197
0 0.5410015628220946 0.29745167523071386 0.1907879436245237 0.258525735827079
1 0.521825899569093 0.19584960243632474 0.2132267460508863 0.16863915004306687
2 0.39395288193607053 0.09355521419958267 0.11148753438337988 0.13236974775439916
2 0.4699304538612719 0.09354482349370533 0.10256119757363741 0.09789694975595774
2 0.4623930059404183 0.1272165850949522 0.10694379642320023 0.07811407704359981
2 0.6107813357345984 0.10466206730651074 0.14510399519747005 0.13936695592469583
0 0.6746496772213825 0.07320608060375057 0.05343797655204759 0.06223192336655606
2 0.5567995956868744 0.4211424641811261 0.11729946890479696 0.11337032353061842
2 0.46363084495894646 0.5727021639555404 0.16221428043426617 0.2905954246339367
2 0.5255802323292352 0.8210246713260331 0.24138029907968847 0.35795065734793385
1 0.5923427868723908 0.9717449653828808 0.20395008646252613 0.05651006923423836
2 0.5857653244812032 0.5700733511504876 0.1385092255103989 0.23995480841639014
2 0.6683650626296154 0.7196531160411814 0.18744261484274383 0.3911470368073506
2 0.7234793126003668 0.38372827472212157 0.20135954828901642 0.2737320974693413
1 0.7779933410390814 0.776167999171488 0.3219084580991045 0.4191358694885369
2 0.7820703209420499 0.5505894728846253 0.11435990399515801 0.11041453766457512
2 0.8254595400015836 0.887376630335098 0.21462803716535683 0.22524673932980413
0 0.9081444287649845 0.7867388143431372 0.12086989198883329 0.4265223713137257
2 0.8852594156835153 0.5620813852836248 0.18203709221471215 0.20330860853943686
0 0.8955129991758324 0.42193711357204616 0.18106572140230115 0.25790270751814987
0 0.8718862457329186 0.18133955993601802 0.19055896119480167 0.2308369620934339
3 0.7900220468331606 0.10290464253312209 0.14769323732849135 0.11255063472376069