0 0.6840277777777778 0.7805555555555556 0.09583333333333334 0.16319444444444445
0 0.8152777777777778 0.5694444444444444 0.1 0.15555555555555556
0 0.7194444444444444 0.2569444444444444 0.058333333333333334 0.10833333333333334
3 0.7694444444444445 0.21388888888888888 0.03333333333333333 0.06666666666666667
0 0.4979166666666667 0.1763888888888889 0.059722222222222225 0.10138888888888889
0 0.35694444444444445 0.48125 0.05555555555555555 0.09861111111111111
3 0.5791666666666667 0.02361111111111111 0.06666666666666667 0.04722222222222222
3 0.44166666666666665 0.3923611111111111 0.05277777777777778 0.06388888888888888
3 0.6791666666666667 0.6381944444444444 0.058333333333333334 0.10625
3 0.5958333333333333 0.2861111111111111 0.075 0.1284722222222222
3 0.6340277777777777 0.22708333333333333 0.05138888888888889 0.09861111111111111
3 0.9868055555555556 0.3701388888888889 0.02638888888888889 0.059027777777777776
3 0.9215277777777777 0.4125 0.07083333333333333 0.09861111111111111
3 0.9277777777777778 0.5097222222222222 0.05 0.07152777777777777
3 0.9694444444444444 0.81875 0.06111111111111111 0.14583333333333334