3 0.9197431534179555 0.7717375770209636 0.06140214929137705 0.10410250845179753
0 0.03744684251425316 0.2103121054883633 0.07489368502850632 0.09943533156517124
0 0.4921338807286857 0.3170907496993908 0.10167008559747441 0.14412219379022165
0 0.5801058537584621 0.5995932415658547 0.06592809736774256 0.12913483082254515
0 0.3003958295456549 0.7631407994553917 0.07684496733456625 0.12648634252775726
0 0.13654565947115746 0.7209236794327666 0.10271905248386012 0.13927724386448403
3 0.5420123182454233 0.269715482742744 0.0720276575417693 0.09728735349034305
3 0.37732678183602325 0.1996882625715935 0.07115357239247544 0.08478735349034304
3 0.38856929690207725 0.28739027738876516 0.07409639043566456 0.10702573689793901
3 0.0947174173621759 0.31524642846028206 0.07010460550608981 0.08963230341608042
3 0.25803536550687445 0.9593438939458173 0.06981324378965846 0.0813122121083653
3 0.7875603429747441 0.6444027722610858 0.091297220249122 0.11485856001131256
3 0.7004932736539641 0.8657926934365608 0.07879722024912199 0.11471310934294934
1 0.6318013518755511 0.8045275645377734 0.1063318730603751 0.21078886045688833