1 0.1597222222222222 0.6506944444444445 0.2361111111111111 0.4076388888888889
2 0.17222222222222222 0.2763888888888889 0.1361111111111111 0.19236111111111112
2 0.3902777777777778 0.13194444444444445 0.12222222222222222 0.14583333333333334
2 0.8256944444444444 0.059027777777777776 0.1375 0.11805555555555555
2 0.68125 0.05555555555555555 0.13472222222222222 0.1111111111111111
1 0.9340277777777778 0.125 0.0875 0.16527777777777777
1 0.95 0.26944444444444443 0.1 0.18263888888888888
2 0.8305555555555556 0.18055555555555555 0.14444444444444443 0.1284722222222222
2 0.9208333333333333 0.43194444444444446 0.15833333333333333 0.33611111111111114
2 0.7666666666666667 0.2923611111111111 0.19722222222222222 0.225
2 0.5979166666666667 0.2 0.14027777777777778 0.13819444444444445
1 0.5555555555555556 0.1125 0.10833333333333334 0.175
1 0.4284722222222222 0.3194444444444444 0.09583333333333334 0.2986111111111111
1 0.6131944444444445 0.34305555555555556 0.27361111111111114 0.2520833333333333
1 0.8402777777777778 0.6125 0.2777777777777778 0.4
2 0.6611111111111111 0.5715277777777777 0.23055555555555557 0.16527777777777777
0 0.9041666666666667 0.8291666666666667 0.19166666666666668 0.3416666666666667
1 0.6423611111111112 0.7951388888888888 0.4375 0.4097222222222222
1 0.28958333333333336 0.8416666666666667 0.3458333333333333 0.3159722222222222