3 0.9541666666666667 0.22569444444444445 0.09166666666666666 0.14583333333333334
2 0.9263888888888889 0.8736111111111111 0.14722222222222223 0.25277777777777777
1 0.9319444444444445 0.5541666666666667 0.11944444444444445 0.18541666666666667
0 0.8638888888888889 0.2652777777777778 0.08888888888888889 0.10625
2 0.9034722222222222 0.37430555555555556 0.12638888888888888 0.16041666666666668
2 0.8486111111111111 0.5444444444444444 0.12222222222222222 0.18055555555555555
2 0.7868055555555555 0.4527777777777778 0.09027777777777778 0.1361111111111111
2 0.7444444444444445 0.4965277777777778 0.06111111111111111 0.14791666666666667
1 0.6888888888888889 0.3861111111111111 0.12777777777777777 0.1361111111111111
3 0.7659722222222223 0.26944444444444443 0.12361111111111112 0.1527777777777778
2 0.6881944444444444 0.2861111111111111 0.07083333333333333 0.10833333333333334
2 0.6416666666666667 0.22361111111111112 0.10277777777777777 0.16527777777777777
2 0.5805555555555556 0.16041666666666668 0.05555555555555555 0.08888888888888889
0 0.6868055555555556 0.5083333333333333 0.10416666666666667 0.17291666666666666
0 0.6083333333333333 0.45694444444444443 0.09166666666666666 0.17291666666666666
0 0.5763888888888888 0.3854166666666667 0.07777777777777778 0.12361111111111112
2 0.5743055555555555 0.2986111111111111 0.07083333333333333 0.08888888888888889
1 0.5222222222222223 0.2638888888888889 0.07222222222222222 0.06944444444444445
2 0.5152777777777777 0.34444444444444444 0.06944444444444445 0.10138888888888889
2 0.5104166666666666 0.4527777777777778 0.0875 0.1361111111111111
2 0.4638888888888889 0.5409722222222222 0.06666666666666667 0.17777777777777778
3 0.8034722222222223 0.7034722222222223 0.22083333333333333 0.3013888888888889
1 0.6791666666666667 0.7493055555555556 0.21666666666666667 0.30833333333333335
1 0.5784722222222223 0.6923611111111111 0.13472222222222222 0.225
1 0.5284722222222222 0.78125 0.16527777777777777 0.175
2 0.6333333333333333 0.9048611111111111 0.10555555555555556 0.19027777777777777
0 0.5388888888888889 0.8923611111111112 0.1 0.21458333333333332
0 0.3701388888888889 0.7013888888888888 0.09861111111111111 0.17291666666666666
1 0.23055555555555557 0.8569444444444444 0.1638888888888889 0.19236111111111112
1 0.19652777777777777 0.5826388888888889 0.12638888888888888 0.2076388888888889
1 0.1388888888888889 0.7 0.09722222222222222 0.18541666666666667
2 0.21736111111111112 0.6590277777777778 0.10694444444444444 0.13333333333333333
1 0.27291666666666664 0.5361111111111111 0.1875 0.13333333333333333
1 0.42291666666666666 0.49375 0.09583333333333334 0.22708333333333333
1 0.3527777777777778 0.4236111111111111 0.11388888888888889 0.10138888888888889
1 0.3506944444444444 0.3173611111111111 0.07916666666666666 0.0763888888888889
0 0.4423611111111111 0.32569444444444445 0.08194444444444444 0.11875
0 0.5166666666666667 0.16527777777777777 0.06944444444444445 0.11388888888888889
2 0.49375 0.10347222222222222 0.0625 0.06388888888888888
1 0.47847222222222224 0.06805555555555555 0.059722222222222225 0.0763888888888889
2 0.44930555555555557 0.03819444444444445 0.06527777777777778 0.0763888888888889
2 0.41041666666666665 0.10625 0.0625 0.08402777777777778
2 0.35 0.11944444444444445 0.06111111111111111 0.1111111111111111
1 0.4284722222222222 0.2076388888888889 0.09861111111111111 0.11388888888888889
2 0.30972222222222223 0.23472222222222222 0.07222222222222222 0.07430555555555556
1 0.25972222222222224 0.2013888888888889 0.09722222222222222 0.08125
1 0.27569444444444446 0.2972222222222222 0.07083333333333333 0.09652777777777778
1 0.24027777777777778 0.3333333333333333 0.041666666666666664 0.16319444444444445
2 0.1951388888888889 0.2972222222222222 0.09305555555555556 0.12569444444444444