3 0.9303498859225237 0.5557172177458948 0.07498228252657416 0.08205290382747894
3 0.7039048917011195 0.8161739349401458 0.07117955877159514 0.08882756961540521
3 0.5759549605485277 0.937607370613709 0.07786924317785819 0.08424942293182451
0 0.724766869691799 0.03643303729690075 0.04720450474879638 0.0728660745938015
0 0.8267822860436663 0.3323690148559656 0.06058387356132218 0.07176475275019559
0 0.07115298256145636 0.20239932059159466 0.061602913714048115 0.09120919719464003
0 0.04455355243866403 0.4915971071567784 0.04332308658700457 0.1126391190197765
0 0.4133065053509017 0.4633489551677045 0.043626052565305426 0.0655300825685665
0 0.4594428046625358 0.4141459819527679 0.04614907030490182 0.06078215722846778
0 0.532554213778314 0.521123449227943 0.043401780993817356 0.08769571190528261
0 0.46824136438866726 0.621869760169916 0.05491322930778513 0.09578734387822058
0 0.6272829473833164 0.38990883525266246 0.04884815367586665 0.08583875011397374
0 0.7320476466141886 0.49002911060564114 0.056047358158492794 0.09098282565261558
0 0.7753166214365987 0.6782542146868275 0.06185767375222958 0.09607030830575114