1 0.5229166666666667 0.47291666666666665 0.05416666666666667 0.08611111111111111
1 0.43472222222222223 0.525 0.05 0.1361111111111111
0 0.4826388888888889 0.4861111111111111 0.05138888888888889 0.09375
0 0.49583333333333335 0.6541666666666667 0.05555555555555555 0.12361111111111112
0 0.5458333333333333 0.6840277777777778 0.06388888888888888 0.10833333333333334
2 0.5284722222222222 0.5875 0.05138888888888889 0.07430555555555556
2 0.5763888888888888 0.5923611111111111 0.06111111111111111 0.08888888888888889
2 0.5652777777777778 0.7173611111111111 0.058333333333333334 0.10625
2 0.6020833333333333 0.6652777777777777 0.05138888888888889 0.08611111111111111
2 0.6243055555555556 0.61875 0.059722222222222225 0.06666666666666667
2 0.6041666666666666 0.7861111111111111 0.07777777777777778 0.10138888888888889
2 0.6451388888888889 0.7444444444444445 0.05416666666666667 0.07152777777777777
1 0.6222222222222222 0.7013888888888888 0.06388888888888888 0.07916666666666666
0 0.7159722222222222 0.7145833333333333 0.0625 0.09652777777777778
1 0.8013888888888889 0.7298611111111111 0.06666666666666667 0.11597222222222223
0 0.6354166666666666 0.8701388888888889 0.0763888888888889 0.14097222222222222
0 0.6986111111111111 0.7583333333333333 0.06944444444444445 0.10833333333333334
1 0.6798611111111111 0.825 0.07083333333333333 0.06388888888888888
0 0.7527777777777778 0.8479166666666667 0.08055555555555556 0.13055555555555556
2 0.6354166666666666 0.42569444444444443 0.05416666666666667 0.06666666666666667
0 0.7722222222222223 0.5479166666666667 0.044444444444444446 0.11388888888888889
2 0.6854166666666667 0.6416666666666667 0.05694444444444444 0.09375
2 0.7465277777777778 0.6520833333333333 0.06805555555555555 0.09375
2 0.7798611111111111 0.7951388888888888 0.07916666666666666 0.09375
2 0.8638888888888889 0.6076388888888888 0.06944444444444445 0.09375
2 0.8833333333333333 0.8125 0.08055555555555556 0.09861111111111111
2 0.9618055555555556 0.8631944444444445 0.0763888888888889 0.12569444444444444
1 0.7694444444444445 0.9458333333333333 0.08611111111111111 0.10833333333333334