0 0.33125 0.8381944444444445 0.28194444444444444 0.3236111111111111
0 0.04791666666666667 0.19236111111111112 0.09583333333333334 0.20277777777777778
2 0.09305555555555556 0.26319444444444445 0.14166666666666666 0.15555555555555556
1 0.08125 0.4361111111111111 0.1625 0.2986111111111111
1 0.05555555555555555 0.6194444444444445 0.1111111111111111 0.12361111111111112
1 0.06875 0.7506944444444444 0.1375 0.16805555555555557
1 0.15208333333333332 0.12708333333333333 0.12361111111111112 0.2048611111111111
1 0.2361111111111111 0.37430555555555556 0.10555555555555556 0.4076388888888889
0 0.3284722222222222 0.06388888888888888 0.1375 0.12777777777777777
3 0.34652777777777777 0.23958333333333334 0.1986111111111111 0.24166666666666667
2 0.3576388888888889 0.425 0.17916666666666667 0.19722222222222222
2 0.35347222222222224 0.6333333333333333 0.18472222222222223 0.2791666666666667
0 0.55625 0.26180555555555557 0.1763888888888889 0.24722222222222223
1 0.53125 0.16180555555555556 0.20416666666666666 0.15555555555555556
2 0.39791666666666664 0.06805555555555555 0.10416666666666667 0.12569444444444444
2 0.4736111111111111 0.06319444444444444 0.09722222222222222 0.09166666666666666
2 0.46805555555555556 0.09722222222222222 0.10277777777777777 0.07152777777777777
2 0.6145833333333334 0.06527777777777778 0.1375 0.13055555555555556
0 0.6763888888888889 0.029861111111111113 0.05 0.059027777777777776
2 0.5791666666666667 0.3840277777777778 0.1111111111111111 0.10625
2 0.4951388888888889 0.5409722222222222 0.14583333333333334 0.28125
2 0.5715277777777777 0.7888888888888889 0.22083333333333333 0.3527777777777778
1 0.6479166666666667 0.9541666666666667 0.1986111111111111 0.09166666666666666
2 0.6166666666666667 0.5305555555555556 0.125 0.23194444444444445
2 0.7076388888888889 0.6743055555555556 0.16527777777777777 0.38055555555555554
2 0.7430555555555556 0.33611111111111114 0.18611111111111112 0.26180555555555557
1 0.8201388888888889 0.7236111111111111 0.2986111111111111 0.4
2 0.8111111111111111 0.4986111111111111 0.10833333333333334 0.10347222222222222
2 0.8756944444444444 0.8625 0.1986111111111111 0.275
0 0.9506944444444444 0.7305555555555555 0.09583333333333334 0.42986111111111114
2 0.9145833333333333 0.5034722222222222 0.17083333333333334 0.19236111111111112
0 0.9166666666666666 0.36319444444444443 0.16666666666666666 0.24722222222222223
0 0.8791666666666667 0.125 0.17777777777777778 0.21944444444444444
3 0.7930555555555555 0.052083333333333336 0.14166666666666666 0.10347222222222222