0 0.2652777777777778 0.9333333333333333 0.10833333333333334 0.13333333333333333
1 0.2708333333333333 0.8013888888888889 0.10833333333333334 0.1951388888888889
2 0.3763888888888889 0.9222222222222223 0.12222222222222222 0.15555555555555556
0 0.4826388888888889 0.9048611111111111 0.12361111111111112 0.18541666666666667
0 0.525 0.7618055555555555 0.1 0.1951388888888889
0 0.4375 0.7840277777777778 0.08611111111111111 0.2
0 0.33819444444444446 0.7729166666666667 0.07083333333333333 0.14305555555555555
0 0.2743055555555556 0.675 0.05694444444444444 0.1361111111111111
1 0.31319444444444444 0.6902777777777778 0.0763888888888889 0.2
2 0.39444444444444443 0.6319444444444444 0.09166666666666666 0.1875
0 0.35138888888888886 0.47152777777777777 0.09166666666666666 0.18263888888888888
0 0.3854166666666667 0.3541666666666667 0.08194444444444444 0.12569444444444444
0 0.4625 0.5666666666666667 0.10833333333333334 0.19027777777777777
0 0.5791666666666667 0.5680555555555555 0.10277777777777777 0.19236111111111112
0 0.6638888888888889 0.43680555555555556 0.13055555555555556 0.2222222222222222
1 0.3958333333333333 0.21875 0.041666666666666664 0.1701388888888889
0 0.44513888888888886 0.21875 0.08194444444444444 0.14583333333333334
0 0.41180555555555554 0.06944444444444445 0.059722222222222225 0.13819444444444445
0 0.5111111111111111 0.03611111111111111 0.09166666666666666 0.07152777777777777
1 0.45069444444444445 0.07916666666666666 0.05416666666666667 0.13819444444444445
1 0.4708333333333333 0.36666666666666664 0.09444444444444444 0.19027777777777777
1 0.5722222222222222 0.2604166666666667 0.1388888888888889 0.1111111111111111
2 0.5180555555555556 0.2361111111111111 0.09444444444444444 0.19027777777777777
2 0.6916666666666667 0.3125 0.12777777777777777 0.16527777777777777
2 0.575 0.12986111111111112 0.08333333333333333 0.16041666666666668
1 0.6027777777777777 0.12222222222222222 0.1 0.225
0 0.6902777777777778 0.0875 0.11944444444444445 0.175
0 0.81875 0.21597222222222223 0.14583333333333334 0.24930555555555556
2 0.7611111111111111 0.5444444444444444 0.1527777777777778 0.2638888888888889