0 0.17516482718016527 0.5773448462510478 0.10756762313458476 0.1759880196473988
0 0.14353406627063087 0.7302970491776146 0.10927165513826138 0.2031117655199523
0 0.23520930005661028 0.6672333611920275 0.10797165276892799 0.21071024186962117
0 0.08501577831708326 0.8896534709833605 0.17003155663416653 0.21959448819663344
0 0.252738157507642 0.8909529349288906 0.14541508862011995 0.20694026931745446
0 0.5707319874814579 0.5290419232873564 0.09466359350024144 0.1409020845721953
2 0.41461643839737927 0.879994874109742 0.10527468091801874 0.21757386123562508
0 0.34446898238917767 0.9424321677374167 0.11497976890161554 0.09706382821605328
0 0.29284964852537687 0.48645019295655423 0.12477568951127138 0.22300074789581856
0 0.3690355495438423 0.6209926463157809 0.13898780210763484 0.25118265106579796
0 0.3886915489780229 0.4232652673533066 0.1060656059480798 0.16622538488595653
0 0.47109561415236684 0.500701626111208 0.11227568951127138 0.22263703504283713
0 0.4788537658250551 0.7288707542892792 0.1388100290685238 0.23590487328802018
0 0.5773441545724892 0.6767161147187021 0.13197871292169544 0.2454250328141416
0 0.5263331074333794 0.8843805535914078 0.13149387736048368 0.20375836614747478
0 0.647990174694147 0.8697333452985327 0.13314134521535204 0.2260210009089172
0 0.5463874885423456 0.35411531708809507 0.10953023410424091 0.2253339877421746
0 0.6203859815758004 0.37834213512870535 0.13067871055236205 0.2530235091638103
0 0.5321041101916782 0.20944117240023805 0.11034540091236254 0.17606884472583917
0 0.6372646897588292 0.12099356529205928 0.11876762076525153 0.18395020885004906
0 0.7135713131409718 0.3048213679372313 0.11757266610084716 0.20057646297749554
0 0.7531641866468696 0.12386911826717584 0.1062918625433121 0.18566982933040097
0 0.7305193409718009 0.4591369097688702 0.1326565096541401 0.18435433424225067
0 0.714973444055479 0.6616041622247951 0.15394235617793806 0.223849411219442
0 0.8017694594384701 0.838878870825816 0.1740332480373316 0.2799707423240799
0 0.839863721444244 0.24977514424891784 0.15507266610084747 0.20166760153643995
0 0.7531005149586264 0.021962547257064678 0.13546563674941392 0.043925094514129355
0 0.8893641842775364 0.11226980053471117 0.1116211615036352 0.16638703504283714
0 0.8897814559374979 0.4343707851392729 0.17940294996108908 0.2641601702587383
2 0.9459597036565678 0.3195800453956321 0.10215751824739275 0.18832636949051818
0 0.9418277919937781 0.03286090824366165 0.10245552712355498 0.0657218164873233
0 0.9715101570125264 0.1522263655622227 0.05484640950561502 0.17931345426814388
0 0.9495345409505899 0.6089613160328645 0.08915749455405894 0.2643111329872056
0 0.9397618890657428 0.8522189342845211 0.10279588506965512 0.24318748060162912