0 0.6486695253661741 0.4762269372338595 0.08406460221929359 0.12714903318846243
3 0.5385176572117197 0.046161336583771785 0.04329796513101201 0.04241820418440937
1 0.5394868325083482 0.0933714372331272 0.033575742908789785 0.042248502164273914
1 0.5155085298796589 0.15004569228346581 0.03525552328822654 0.09227274531000755
1 0.6803863318579335 0.07841075794116319 0.06280301196932056 0.05317427489134692
1 0.6149792689732456 0.05732796356842184 0.051691900858209454 0.05298032972547786
3 0.6388588826381485 0.5805754274935283 0.043499973110559156 0.07714042640663163
3 0.4109976505245534 0.9283376681124451 0.08964035857280395 0.13071822799361932
0 0.7470966411568916 0.9203874935115721 0.11185854063543527 0.1304116738809133
0 0.2627949316501387 0.046112489900787326 0.047581796425815996 0.06262982251049917
0 0.26605534044002827 0.606529156567454 0.06508073596821656 0.20597629581485835
3 0.6713290108346128 0.7897521789367438 0.04236965443549047 0.12156062770534264
3 0.5817371341769002 0.6704704069303632 0.07584843351409758 0.1471424632029496
0 0.6835802460735781 0.1498900494274737 0.04897068531470489 0.06265406565623281
3 0.6457377585187432 0.33042996861912655 0.035081796425816 0.062411634198896435
3 0.5685776621531818 0.31858101876289896 0.05314947246014425 0.06481012842676709
3 0.8376064331649569 0.36180663673010716 0.08516663977722581 0.07786772077864063
0 0.23792156561305022 0.4264463423537044 0.03256258886185843 0.1068075923518737
1 0.8559034722855741 0.164245010467614 0.04931409887993507 0.12168184343401059
1 0.3733494267480948 0.18725283694338565 0.08647068531470489 0.06330863059104096
0 0.3662388727552244 0.039445264432520374 0.043471691993422545 0.07227931529552048
1 0.9665396965857437 0.5581873784337238 0.06613833177064837 0.14905609451614749