3 0.8208333333333333 0.23194444444444445 0.058333333333333334 0.07430555555555556
3 0.07569444444444444 0.7236111111111111 0.1375 0.11388888888888889
3 0.32708333333333334 0.14583333333333334 0.04027777777777778 0.059027777777777776
3 0.4486111111111111 0.23194444444444445 0.03888888888888889 0.07430555555555556
0 0.20277777777777778 0.5555555555555556 0.04722222222222222 0.07430555555555556
0 0.11597222222222223 0.16319444444444445 0.043055555555555555 0.07916666666666666
0 0.20694444444444443 0.09861111111111111 0.03611111111111111 0.05416666666666667
0 0.9444444444444444 0.0763888888888889 0.05 0.07916666666666666
0 0.8659722222222223 0.14791666666666667 0.05416666666666667 0.10833333333333334
0 0.5534722222222223 0.2520833333333333 0.0625 0.09861111111111111
0 0.5090277777777777 0.42083333333333334 0.06805555555555555 0.10625
0 0.30069444444444443 0.8743055555555556 0.11805555555555555 0.16805555555555557
0 0.2972222222222222 0.39652777777777776 0.05277777777777778 0.09166666666666666