1 0.3809912093821131 0.9197734602122005 0.07464446768400816 0.12627097672989893
1 0.02692285697388233 0.9352799108408789 0.05384571394776466 0.1123514282042682
1 0.11282004976957682 0.9230852946687469 0.11047174882775192 0.14226913220088558
1 0.22778209642691985 0.9225547518384052 0.046004019551399405 0.13202697057871482
0 0.36857111275633586 0.5720525054508164 0.06184945726391173 0.1035960114236278
0 0.32363481123858034 0.42503896175825906 0.07172954504635132 0.10607549495550408
0 0.09834688075841397 0.6481395243602642 0.06960395020978144 0.0962966798477756
0 0.6105161696555595 0.29358149576814496 0.038385031260288985 0.06802489591881372
0 0.7447217135913332 0.3497277627730879 0.03875338423412952 0.07288600702992483
0 0.8829041574804889 0.4264809915693397 0.05484121051333249 0.06592623276710931
0 0.14310325679360247 0.2676275950658327 0.06895176726857358 0.1059623091844917
0 0.11997774291843226 0.17995545321532552 0.06923559723594093 0.09143556873666457
0 0.14950322231133006 0.11921455905399304 0.06331168870654488 0.08634808608352892
0 0.03172277657809228 0.13330740008456907 0.06344555315618455 0.1139407553864174