1 0.9020833333333333 0.5472222222222223 0.09583333333333334 0.08611111111111111
0 0.4979166666666667 0.9048611111111111 0.12916666666666668 0.19027777777777777
0 0.6583333333333333 0.8729166666666667 0.12222222222222222 0.25416666666666665
0 0.8055555555555556 0.9291666666666667 0.1111111111111111 0.14166666666666666
0 0.9493055555555555 0.9618055555555556 0.10138888888888889 0.0763888888888889
0 0.9673611111111111 0.45694444444444443 0.06527777777777778 0.11875
0 0.7333333333333333 0.4666666666666667 0.08333333333333333 0.13333333333333333
0 0.8430555555555556 0.26319444444444445 0.07222222222222222 0.13055555555555556
0 0.7069444444444445 0.2763888888888889 0.06111111111111111 0.09375
0 0.5368055555555555 0.2638888888888889 0.0875 0.1875
0 0.4840277777777778 0.02361111111111111 0.07083333333333333 0.04722222222222222
0 0.33402777777777776 0.4888888888888889 0.1125 0.2076388888888889