0 0.8927165796503425 0.3551593103472266 0.06065727124942239 0.09714190282197942
0 0.5937651172958435 0.28773112186149113 0.04512445926213281 0.07684140207935333
0 0.2944747936476459 0.5991307016761999 0.05170038087876468 0.08940604682084811
0 0.47158480861571456 0.10697257843551215 0.04118454060903882 0.07957069630100991
0 0.3458341356139353 0.24244483619773508 0.04552126828588475 0.08170251319046444
0 0.2937955811105594 0.9129534862437162 0.11706290263284573 0.17409302751256758
0 0.4195183117509431 0.898090251326098 0.07791909414595971 0.12162523141664615
0 0.5298338564188029 0.3300836658532894 0.061819412124738765 0.09438028622957546
0 0.738974205922765 0.0927063343234701 0.03458033279646758 0.049661101633777585
0 0.6935525696859979 0.30001391891219753 0.07259028660397651 0.12433836445292883
0 0.6670935956705909 0.5304805879481976 0.0697842226302596 0.10696109215644406
0 0.5404225324913965 0.9071432439351881 0.1027772047202049 0.17117320475280767
0 0.7032201679120891 0.9139032943277123 0.09503914222825674 0.1613701766037167
0 0.8053035012454225 0.9120915387226641 0.12307195421554631 0.17581692255467185