0 0.21878758152684258 0.3963029202756206 0.029942447330143 0.0449535505048508
0 0.311038021282393 0.2689599419212889 0.052504073592636126 0.0647858852810334
0 0.39774308946397824 0.3014846446635813 0.04435256385230496 0.0750570930732983
0 0.5601422416984906 0.6112451691956805 0.06157682287084532 0.10729245526654631
0 0.5125509199079515 0.789907821792736 0.06869096933542522 0.11713589321743648
0 0.29185795345822485 0.7222104610408725 0.05160004761841992 0.09253941991307751
0 0.17293631384681293 0.8736372918481212 0.05824145274119393 0.07529952453063452
0 0.8446654267640485 0.5152788589523293 0.05602126731528977 0.10719548268361179
0 0.9056103506460602 0.46489448341162704 0.04847074422750445 0.07235204473272144
3 0.1349224761871286 0.48668276262712806 0.04574145274119393 0.07508133621903189
3 0.4609250519440386 0.5782442103205464 0.041441448772992356 0.06736971789294206
3 0.33805529436907994 0.463686697332706 0.04130811147145721 0.05973082900405318
0 0.5096338564211187 0.02906653968421348 0.04139296248152501 0.05813307936842696
0 0.6164101760451869 0.13372897403017753 0.02321619119730119 0.05733233477618261
0 0.5432698686846053 0.3211734581566386 0.03966466955236522 0.04512325252498625