1 0.8679016345005661 0.6658163571035001 0.06515578940763792 0.07300376134538801
1 0.11463294223565873 0.48283362564843607 0.07739876242053205 0.1643804513972627
1 0.46796198066439193 0.6792032253221665 0.09908212621738023 0.108892091139568
0 0.2812324136044647 0.46762174712603055 0.05950564201808185 0.09482151573795743
0 0.47511254715112816 0.25536933289412433 0.0361104630898669 0.07338832979417999
0 0.6615684279493104 0.16518420288661415 0.0463989402736028 0.08367680697791598
0 0.7927871432857052 0.6475996624373277 0.09627695190346294 0.15579073909806784
0 0.28840260037240967 0.8521485845674612 0.06925461275519953 0.11961243268909622
0 0.26392091139567897 0.9407270192143665 0.07358306655372723 0.11854596157126689
0 0.14837435242645844 0.8363798923025538 0.0820377402359563 0.12520158589358188
0 0.9574161075719577 0.18621032891576192 0.08516778485608446 0.1385105215528874