0 0.3799650155959114 0.5384264337946275 0.036627789397559556 0.06403932871486215
0 0.425141245372678 0.27771332290760664 0.041972857539491946 0.06165003322565939
0 0.42950475869255944 0.10739955228162594 0.041531162011907305 0.07405291265351563
0 0.5863447795327521 0.16257581994795636 0.04328840387463673 0.07901114433677053
0 0.4868001158207452 0.3165631694459389 0.044519427203308246 0.077024931575581
0 0.17159598157982003 0.8789089412607037 0.07640170954673751 0.13313400968512307
0 0.5048941333498467 0.7012028715354555 0.059881727987559294 0.09744058174146314
0 0.7076454497093674 0.41420718673103935 0.06740501281946744 0.10556507349107072
0 0.7473833681926788 0.2366963287585743 0.04692885200724548 0.07235806160875739
0 0.7565499310354552 0.34855044460020174 0.04606618165241451 0.079205385481058
0 0.8949611227308929 0.12405984229970858 0.04613952420615861 0.06194139494209069
0 0.8945865099196822 0.35613060819517295 0.0786006469370515 0.12568936194052152
0 0.9256205827712489 0.6380604522001794 0.09123779179693056 0.14660521540656063