0 0.18850820856756217 0.3888997411935225 0.03175526077644374 0.04597300467353307
0 0.2902735207287198 0.2582556731501242 0.0551099929216934 0.06658206643537849
0 0.3744027394745329 0.2877705588229734 0.04738336133283904 0.07656200160801979
0 0.5131461315846075 0.5920454490188294 0.06591058001590792 0.10937990904051496
0 0.4520973107010549 0.7724800100519281 0.0734212794218662 0.11946607417442515
0 0.23681888490203293 0.7124528282834843 0.05533897535141519 0.09428705563081854
0 0.10659504878672288 0.8681273847935761 0.06127225022172793 0.07728988743139541
0 0.8045557712641684 0.48607877883507045 0.06035502446035253 0.10908875471116472
0 0.869233048410258 0.4335341313654936 0.05138824086764468 0.07400258957725485
3 0.09791435368134144 0.48226512789617115 0.04877225022172793 0.07663479019035752
3 0.4165573596217597 0.5624912161425737 0.044160668942443394 0.06877753555445577
3 0.30251908582659115 0.45215715613927454 0.04371575432982537 0.06113864666556689
0 0.5070054386295145 0.02052254284192326 0.04399888181058221 0.04104508568384652
0 0.6054759580321135 0.11227189105124415 0.025538858425374164 0.05810906176184534
0 0.5182473313085333 0.3023863741909209 0.041477482998665965 0.046482524749896