3 0.8361111111111111 0.3923611111111111 0.05 0.09375
3 0.6458333333333334 0.89375 0.05555555555555555 0.08402777777777778
0 0.24930555555555556 0.5076388888888889 0.020833333333333332 0.03194444444444444
0 0.041666666666666664 0.6541666666666667 0.041666666666666664 0.05416666666666667
0 0.5083333333333333 0.6666666666666666 0.027777777777777776 0.05416666666666667
0 0.25833333333333336 0.9618055555555556 0.04722222222222222 0.07152777777777777
0 0.16875 0.7861111111111111 0.03194444444444444 0.05694444444444444
0 0.33541666666666664 0.5986111111111111 0.034722222222222224 0.06666666666666667
0 0.3333333333333333 0.46319444444444446 0.030555555555555555 0.04722222222222222
0 0.5625 0.6284722222222222 0.025 0.04722222222222222
0 0.7708333333333334 0.6347222222222222 0.041666666666666664 0.059027777777777776
0 0.8506944444444444 0.24930555555555556 0.05416666666666667 0.09375
0 0.6097222222222223 0.33819444444444446 0.03611111111111111 0.044444444444444446
0 0.5583333333333333 0.23333333333333334 0.03611111111111111 0.06666666666666667