0 0.6958333333333333 0.13194444444444445 0.05277777777777778 0.09166666666666666
0 0.2048611111111111 0.51875 0.07361111111111111 0.1284722222222222
0 0.2743055555555556 0.7569444444444444 0.09305555555555556 0.16041666666666668
0 0.8236111111111111 0.8729166666666667 0.08611111111111111 0.13055555555555556
3 0.08194444444444444 0.23680555555555555 0.07222222222222222 0.08402777777777778
3 0.20833333333333334 0.3333333333333333 0.05 0.049305555555555554
3 0.5152777777777777 0.14791666666666667 0.05 0.08402777777777778
3 0.6680555555555555 0.4479166666666667 0.03611111111111111 0.09652777777777778
0 0.7180555555555556 0.39375 0.04722222222222222 0.08611111111111111
0 0.8243055555555555 0.16666666666666666 0.03194444444444444 0.052083333333333336
0 0.8840277777777777 0.13958333333333334 0.04027777777777778 0.06666666666666667
0 0.7305555555555555 0.05555555555555555 0.03333333333333333 0.05694444444444444