0 0.15130662338214257 0.17448168150843185 0.11158883913288788 0.16873091950478122
0 0.7875798328736169 0.05307617767628489 0.07340198875450439 0.10615235535256978
0 0.7945389789235574 0.22981526821452686 0.05268178371878712 0.11500512826313951
0 0.6059556929768917 0.3967483245584617 0.07929692920290832 0.13644920313700387
0 0.1377057166702255 0.5085517207894463 0.09718279231203969 0.12323403799222112
3 0.09367338245281111 0.47650285274075 0.046980777494868065 0.10208415343589318
0 0.24359111694606478 0.6510897779559934 0.0905292492043224 0.14770781945816303
0 0.29250218303984166 0.502372603035511 0.07890098016125191 0.10242142535922609
3 0.9376743673527298 0.3313699227061229 0.11660299497842365 0.12262411655424978
3 0.5530300318976209 0.7115955872613838 0.09509186491264532 0.18205132835637572
3 0.41121178007640735 0.4968464883253434 0.05207573926727239 0.06292179492980618
1 0.3316572449607712 0.5361787129469366 0.09429188623664575 0.11330132835637573
1 0.3266002535186718 0.7918921340627095 0.07747266136218048 0.21818316016782516