0 0.1947720679442502 0.48915156729077175 0.05579259812031109 0.08522386744327169
3 0.9228223232336353 0.580493318892686 0.10307579727592042 0.14042499003685185
3 0.5253522810213107 0.926975415399383 0.09996456505314831 0.146049169201234
3 0.39364583848593876 0.6877667428220374 0.06061436202801581 0.09782084768641981
0 0.21067844163221391 0.8489875137614509 0.09035152570443235 0.16232394478191356
0 0.2760299673366462 0.6898962437511422 0.08221197547589346 0.11288908223549375
0 0.1162349565320864 0.6875675566526853 0.09170992612662773 0.13530526494401254
0 0.597282314690579 0.6097667422304018 0.07478849942177956 0.13005623286030862
0 0.79114540982064 0.4661818597576859 0.051256082717481555 0.10453900489685188
0 0.7899335459074365 0.27703435688706857 0.0678135665106418 0.10284359253611118
0 0.1648450334195938 0.35704490847629644 0.09057579727592026 0.1401340493074075
0 0.6856616086238182 0.1306820536959265 0.049248490878723156 0.09270112259358029
0 0.6119442675514384 0.14426267721861163 0.05539226091745459 0.07758497855438276
0 0.5433821448317576 0.16561149662104985 0.050315736971568485 0.06012688720012349
0 0.5204202251372092 0.12614072627327205 0.050570497009749873 0.0649879983112346
0 0.3534505924922417 0.07497464082969164 0.0495514568570241 0.04554355386679016
1 0.48956074425903584 0.23736440036993867 0.06687322076472874 0.05843147483938272
1 0.424732468968551 0.12113240290308677 0.07308387356132234 0.07106078183024699
0 0.01631110281953335 0.2845611691150926 0.0326222056390667 0.06495567156351853
0 0.012478370270019476 0.18926064648762345 0.024956740540038953 0.11185462630858024