0 0.583475222759088 0.045887580541619295 0.037754919597997136 0.05436059432703184
0 0.08981237357719711 0.6769333844232711 0.05484668148435507 0.07667170006025464
0 0.14283098516075976 0.6481662305509102 0.05566870033931267 0.06973533593499232
0 0.17357137518779442 0.8242925090663878 0.07236353859040408 0.12119694769651801
0 0.22846019943727203 0.6365622199697042 0.05748268444789275 0.09195755815721453
0 0.3170512236824392 0.5631647743117155 0.05745439825195346 0.07460452736528522
0 0.4268435310311795 0.33207995784974664 0.07057784067776317 0.1163277562662251
0 0.4174760896791012 0.47234561514875156 0.07474450734442983 0.1163519972237708
0 0.6870189054460031 0.22297853118893707 0.13990868189239242 0.1833661176152583
0 0.4320603399045511 0.744353708912654 0.0920630172443604 0.14144088073477154
0 0.3999607225227416 0.959021885597397 0.0965133481510217 0.07691410963571141
3 0.2882681971394286 0.8562486109844077 0.09478422263025953 0.1067509797892765
1 0.4182701661726633 0.5986698614841854 0.03545880943178917 0.11126463717556684
3 0.8486401995876522 0.2157912141638387 0.16394488822319445 0.20571762494439064
3 0.9537281733238504 0.2464149894272428 0.06266960256412138 0.1384934162541741
3 0.8888483506849701 0.5820498247118203 0.14532234802219302 0.23267975348999576
1 0.8123754054888654 0.8726346546185096 0.2518982696388251 0.2457938577478185