1 0.3988265054147124 0.4811188495104999 0.09699700432854791 0.07224832271587331
0 0.01155148692317151 0.16732751346218078 0.02310297384634302 0.12020608418674956
0 0.18073070995800333 0.17817049140309335 0.050380860749666564 0.10422016369645751
0 0.3949762164508251 0.06579377581572185 0.04730004365021835 0.08669726545348536
0 0.5664261728006068 0.13975030463514834 0.042878823953348424 0.07187125142236042
0 0.48812559018979657 0.2934645595339179 0.04187782539619778 0.09401258007865212
0 0.4330705339128163 0.30777096649928504 0.0684727810238226 0.10735511338688776
0 0.44612654906493066 0.3944215840570144 0.05002933513652879 0.0840812748075687
0 0.31757299062367655 0.44630823656706786 0.06157682287084532 0.10972842333501281
0 0.28820534920906915 0.3800323394619841 0.06152833657937806 0.10695064555723503
0 0.538070795099292 0.770622585320391 0.06977681890264367 0.10257489584170748