1 0.11875 0.36319444444444443 0.15694444444444444 0.08402777777777778
3 0.7791666666666667 0.16944444444444445 0.05277777777777778 0.0763888888888889
3 0.8166666666666667 0.20972222222222223 0.044444444444444446 0.06944444444444445
0 0.84375 0.08055555555555556 0.04583333333333333 0.07152777777777777
0 0.4847222222222222 0.030555555555555555 0.06111111111111111 0.06111111111111111
0 0.5604166666666667 0.10972222222222222 0.05416666666666667 0.09652777777777778
0 0.6194444444444445 0.03611111111111111 0.06666666666666667 0.07152777777777777
0 0.8215277777777777 0.1527777777777778 0.04027777777777778 0.059027777777777776
0 0.8791666666666667 0.19027777777777777 0.05 0.06944444444444445
0 0.8673611111111111 0.26944444444444443 0.05138888888888889 0.07916666666666666
0 0.9666666666666667 0.41875 0.06388888888888888 0.11597222222222223
0 0.3590277777777778 0.22708333333333333 0.09583333333333334 0.17777777777777778
0 0.2798611111111111 0.2986111111111111 0.07083333333333333 0.11875
0 0.26666666666666666 0.4236111111111111 0.08333333333333333 0.1361111111111111
0 0.04097222222222222 0.28402777777777777 0.08194444444444444 0.1527777777777778
3 0.5798611111111112 0.3458333333333333 0.10416666666666667 0.16805555555555557
2 0.2013888888888889 0.5319444444444444 0.06111111111111111 0.08125
3 0.2826388888888889 0.6034722222222222 0.09305555555555556 0.16527777777777777