0 0.7064093112127777 0.12075028513328849 0.04761130445771597 0.07692220800622193
0 0.9263998265796911 0.2789077915340144 0.07364576038462979 0.12165755378739347
0 0.7945523623783948 0.2732058122568434 0.05923964353228384 0.09927371971143405
0 0.755242064506296 0.3505472380295306 0.08141337563293215 0.09744896534408033
0 0.7000432644385183 0.2748846294292077 0.06456891185382715 0.08961614223070669
0 0.4832975227969134 0.1862281316217343 0.0487092526171605 0.06443836919159567
0 0.07452545584361084 0.31970350993705 0.07243466860817911 0.12928028149090862
0 0.07912621107864162 0.42047876030836306 0.04917799045904329 0.08457725808048464
0 0.22217828284549335 0.6013585126246449 0.13879655369734584 0.23627369601810022
0 0.36847280581185105 0.968670653653009 0.09460723944592596 0.06265869269398207
3 0.11952284448117205 0.95197877215503 0.08281842789567907 0.09604245568994006
1 0.5739938064006479 0.2588306282268651 0.1149083427048459 0.10478127823749427
1 0.6997967494104934 0.4943856380224602 0.1216264999152778 0.09513986194214065