0 0.08544850251078824 0.05894870280283958 0.05364240119527225 0.07553397196876548
0 0.058750604993294944 0.3236769258694445 0.06784643319894887 0.1029405727792593
0 0.11619361355119552 0.5806386949506483 0.07764946134803972 0.11011130445771597
0 0.0312693765118017 0.5960278744510802 0.05514441838177725 0.08528852093870366
0 0.1149805515949141 0.8042821328094754 0.09186157394440318 0.13821234971265425
0 0.06668361054533892 0.8955441344982409 0.0888817813494538 0.12078658510611118
0 0.20824522950707636 0.9078692405430557 0.05251209127236302 0.09772386744327169
0 0.18386840819721667 0.734338365669784 0.04961310460428226 0.08724254728117305
0 0.27170827961669086 0.6474698985131484 0.05377977127094893 0.08733952752432102
0 0.3363092337152756 0.4683690466048151 0.03399594193365619 0.05772028638962973
0 0.39630619608885115 0.4461479856454942 0.02551715793195923 0.04502632590333333
0 0.42003043549757846 0.43697531813444485 0.02262625185656538 0.03523945018567897
0 0.4579097368272351 0.4649476370299695 0.021237362967676494 0.035207123437962826
0 0.47616682067333643 0.5077451592352473 0.02829493570973701 0.04509097939876546
0 0.4400547365089736 0.6263814349867904 0.048345424605696505 0.09762688720012357
0 0.46840526331426685 0.6971991855777164 0.0455353244571711 0.09478445592691366
0 0.6471441450951557 0.6784365059925622 0.0356110874177773 0.07719705758179032
0 0.6670249415446907 0.6413890804605871 0.03555452326896926 0.0723359464706789
0 0.7452765551312381 0.9590712581042288 0.044033307270666136 0.08185748379154252