0 0.15672080375052938 0.19594605798777778 0.11252230555445715 0.16744798615315232
0 0.5370601085857587 0.048983396390633434 0.05189799494929525 0.032459816299577685
0 0.7908525836933133 0.16305429706739058 0.07399197186077767 0.10601709918379083
0 0.8029834841249965 0.3414106011320311 0.053328340547579636 0.11440426074402213
0 0.6188446746001408 0.4822173349739567 0.08005663347673943 0.1355397820269884
0 0.1528169365043797 0.528656363012182 0.0978576360020919 0.12211350126738062
3 0.10775429184372753 0.4903915669332679 0.04755459668042145 0.10154824456749117
0 0.26308620670536803 0.686248620876913 0.09134956818085287 0.14666848104671684
0 0.30777502019842534 0.544135869488537 0.07946267640626543 0.10151200424921064
3 0.9453793827549488 0.46316702172183505 0.10924123449010242 0.12127622455190558
3 0.5749695836889196 0.7901688025183559 0.0961101919179937 0.18096327095689288
3 0.42658562806275946 0.5552179374841076 0.05241922258256832 0.06232092741068887
1 0.3480007968937 0.5834780403018753 0.09491015620417866 0.11221327095689289
1 0.3503782023753556 0.8389000897912318 0.0787092012972462 0.21730621838316735