0 0.3638888888888889 0.8430555555555556 0.05 0.09166666666666666
0 0.5076388888888889 0.03680555555555556 0.02361111111111111 0.06388888888888888
0 0.5506944444444445 0.019444444444444445 0.04027777777777778 0.03888888888888889
0 0.5006944444444444 0.1638888888888889 0.043055555555555555 0.09652777777777778
0 0.6229166666666667 0.17430555555555555 0.05694444444444444 0.1361111111111111
0 0.4125 0.34444444444444444 0.03888888888888889 0.06180555555555556
0 0.5013888888888889 0.45208333333333334 0.05555555555555555 0.10347222222222222
0 0.40347222222222223 0.49166666666666664 0.04583333333333333 0.06944444444444445
0 0.4388888888888889 0.4173611111111111 0.027777777777777776 0.059027777777777776
0 0.43472222222222223 0.6 0.03888888888888889 0.08402777777777778
0 0.48125 0.68125 0.05416666666666667 0.12361111111111112
0 0.37083333333333335 0.6048611111111111 0.027777777777777776 0.059027777777777776
0 0.08680555555555555 0.9409722222222222 0.06527777777777778 0.049305555555555554
0 0.19583333333333333 0.9430555555555555 0.075 0.044444444444444446
0 0.29305555555555557 0.9680555555555556 0.03888888888888889 0.049305555555555554