0 0.37860447834920563 0.821861441281756 0.051600047618419846 0.0945788350401658
0 0.5082813322508303 0.019935498481399947 0.02472629581485835 0.039870996962799894
0 0.5510338484847154 0.003993773351712737 0.040956585858319586 0.007987546703425474
0 0.5035551356410135 0.13472675837093193 0.0447404541840432 0.09903547832162427
0 0.625959181456238 0.13802479123571174 0.05932027272634078 0.13942774731426294
0 0.41851230014194163 0.32041905536307624 0.03996770887403566 0.06407057540161042
0 0.5092800328251872 0.4228807560324111 0.05736166991271148 0.10670796485944341
0 0.4120542958119292 0.468167085763847 0.04704549062001509 0.07211393212015196
0 0.4461739541818463 0.39179874427706285 0.02880811147145721 0.06064564909638837
0 0.44519526117915276 0.5746803138637434 0.040355599205773904 0.0862927976238328
0 0.4931412629823482 0.6532203794050705 0.05632430663696021 0.12676596018240185
0 0.38139122330033154 0.583262529007659 0.02880811147145721 0.06064564909638837
0 0.10323028679009363 0.935916374351564 0.06613840945132184 0.05310755315429042
0 0.21229442928647188 0.9316495627593505 0.07577578066347633 0.0488126970046933
0 0.3099530281318995 0.9509870131442132 0.039749520562432944 0.05157057540161026