0 0.4652777777777778 0.41597222222222224 0.03611111111111111 0.0763888888888889
0 0.28055555555555556 0.5986111111111111 0.041666666666666664 0.052083333333333336
0 0.19583333333333333 0.6875 0.03888888888888889 0.06666666666666667
0 0.08333333333333333 0.7284722222222222 0.05555555555555555 0.07430555555555556
0 0.04652777777777778 0.8541666666666666 0.0625 0.09375
0 0.4083333333333333 0.5298611111111111 0.05 0.06180555555555556
0 0.44513888888888886 0.5138888888888888 0.043055555555555555 0.044444444444444446
0 0.46111111111111114 0.5395833333333333 0.041666666666666664 0.04722222222222222
0 0.6076388888888888 0.24791666666666667 0.029166666666666667 0.052083333333333336
0 0.55625 0.4222222222222222 0.029166666666666667 0.06388888888888888
0 0.6618055555555555 0.4965277777777778 0.04583333333333333 0.05416666666666667
0 0.7263888888888889 0.5631944444444444 0.058333333333333334 0.08402777777777778
0 0.9770833333333333 0.3840277777777778 0.04583333333333333 0.10625
0 0.7784722222222222 0.6409722222222223 0.05694444444444444 0.10138888888888889
0 0.4666666666666667 0.7013888888888888 0.06388888888888888 0.10833333333333334
3 0.5041666666666667 0.6409722222222223 0.06111111111111111 0.07152777777777777
0 0.8680555555555556 0.8923611111111112 0.10833333333333334 0.15555555555555556
3 0.9375 0.7493055555555556 0.07222222222222222 0.10138888888888889
3 0.8506944444444444 0.7555555555555555 0.0763888888888889 0.08888888888888889