0 0.1718968440731183 0.2009294742627451 0.07624031709315718 0.1032393214060131
0 0.31854138335544785 0.4436497950535244 0.05311260870283689 0.07959303447766722
0 0.2046135945934126 0.5028979539395425 0.07317721169385989 0.13005564260694832
0 0.49049712162294845 0.2691694249128406 0.10007543655230396 0.14424671944547007
0 0.3411928404920563 0.9076463403962092 0.13054610277960027 0.14412147508305678
0 0.05000242507910143 0.9386498553709853 0.10000485015820286 0.12252228116976388
1 0.4437548501582029 0.855360213863253 0.07730849233580715 0.2314445314958372
1 0.026497394685757996 0.5337970059636601 0.05299478937151599 0.13310043251712422
3 0.12369842551847174 0.43189380972068375 0.08825691437236627 0.12617357598129722
3 0.2995155085098837 0.5536121152946958 0.039820308305751145 0.059347553636028276
3 0.18430613958755607 0.7293044307370489 0.09630492008418017 0.15370192953529405