3 0.5662997484000579 0.45685877325131685 0.05289092256153494 0.0699939247471513
3 0.4117497854442789 0.26786629623737646 0.09815715663790787 0.13157371023410053
3 0.4427741835458521 0.6102350014145486 0.10396774640297508 0.15176108267911054
3 0.5022558011853187 0.7059789617017005 0.08789635057769374 0.1418610874177773
3 0.07599288214573895 0.24194043376476826 0.0935936809474893 0.12666411556686813
0 0.4712586577760536 0.043271785451597336 0.07692712889233727 0.08654357090319467
0 0.4817756441609253 0.37042541148598296 0.08565715663790788 0.1314282595657368
0 0.6056842760812143 0.33984464109911505 0.06442712889233727 0.09232927526698952
1 0.5577262689300271 0.6893764532499028 0.08012988727829161 0.14870856474997948
1 0.2963872636901979 0.3552379798076384 0.09861065266505291 0.137129265789656
0 0.28174884791467536 0.8320384923969316 0.15323058613583543 0.21130601838884785
0 0.422381406562597 0.9705466203762859 0.08302138289739926 0.04814340978852493
0 0.7117095910749041 0.9533042855223484 0.12834441858867995 0.07642218431288812
1 0.7628573023234643 0.879167935886591 0.0710029358974544 0.1388893754155147
0 0.8998589128548472 0.17823866772760166 0.1853734923979131 0.19711055350448378