1 0.06041666666666667 0.6583333333333333 0.11527777777777778 0.09652777777777778
0 0.4583333333333333 0.19722222222222222 0.06111111111111111 0.11388888888888889
0 0.06319444444444444 0.33819444444444446 0.05694444444444444 0.07430555555555556
3 0.8666666666666667 0.6701388888888888 0.1 0.13055555555555556
3 0.2798611111111111 0.525 0.06805555555555555 0.09652777777777778
3 0.14652777777777778 0.425 0.05138888888888889 0.059027777777777776
0 0.6527777777777778 0.41597222222222224 0.06666666666666667 0.10625
0 0.10972222222222222 0.9680555555555556 0.06666666666666667 0.06388888888888888
0 0.6861111111111111 0.125 0.09722222222222222 0.1361111111111111
0 0.15763888888888888 0.5541666666666667 0.04027777777777778 0.04722222222222222
0 0.10416666666666667 0.5284722222222222 0.058333333333333334 0.07430555555555556