0 0.40330885270483446 0.5818901528678144 0.05480404643427871 0.09370401054488708
1 0.6338860379903706 0.6578097563147327 0.0652295718376583 0.05463001318110893
1 0.6847919830130355 0.5316861388410148 0.07217401628210275 0.05491297760863966
1 0.580858371775283 0.9550084084821795 0.06526006030435193 0.0816567536289363
1 0.6160409487894316 0.8594273799396349 0.03606290517099164 0.053441562585480384
0 0.1287396783743845 0.6053503908743176 0.05601686969179909 0.0639560852047882
0 0.11045195185494497 0.8249669771692693 0.04286177245076104 0.05094674923523333
0 0.314466251067431 0.20892161970361933 0.030252589577254695 0.04835407993234474
1 0.18785397507208437 0.8738563263199334 0.08467401628210283 0.05542231357819484
1 0.4212571440755176 0.8979189679755428 0.08178114980634348 0.07955809047723189
3 0.7682079230097363 0.6556603773199381 0.04124861199038416 0.07305578568644316
3 0.8125008844650302 0.6810258678817391 0.07044576712374445 0.10127097672989893