0 0.15188730678267845 0.22762237252523987 0.07390776173632709 0.11883534310903296
0 0.5034787830427008 0.4027126362496318 0.04569782867857397 0.07457984527531351
0 0.6681905410908635 0.5353332647458616 0.05907167948613411 0.10528290604091713
0 0.7123345353804013 0.7989805851706199 0.08619727432270408 0.11700475869255943
0 0.31650746188443807 0.5321598524734265 0.03706948492514428 0.05183140451903338
0 0.59886796054077 0.2856585361139058 0.04672954504635148 0.10641904601294638
3 0.5269257687562243 0.6392447221879891 0.05571506132089262 0.09743352973840508
3 0.5092928282330347 0.734572557687603 0.04255169792695565 0.06950824675057908
1 0.49691089259769494 0.8627497694897289 0.09000676846825904 0.14905444684381544
1 0.62897176120168 0.9107318786676502 0.10958671756746285 0.07942105578864585
0 0.8514401715202834 0.5754564573736614 0.049285654957777245 0.06725668750685937