1 0.38711649580553914 0.7038539149733628 0.11837129252712389 0.06776300544313867
0 0.3209750731207406 0.6064961880963812 0.0540033720285657 0.08017766233410555
0 0.3581091366411321 0.4390609143289661 0.034674016282102746 0.05450393858999958
0 0.35001771747342586 0.05232952142971457 0.03869510578409437 0.05204189193265655
0 0.08157666415548878 0.6343203278901947 0.07951289210492855 0.09179427127893626
0 0.1566927121977874 0.49444116403420524 0.05389418915505928 0.07809432900077222
0 0.21993632192666818 0.3831291057570803 0.03847083421260638 0.07415887044806718
0 0.4693088351193727 0.8248960955151997 0.07124644152945747 0.11883534310903328
0 0.797058043119091 0.5102440392603727 0.07705675712319425 0.1241174290473904
0 0.6521187682801852 0.10828995074442854 0.025685585707731523 0.04137247634913016
3 0.2563484803274462 0.7441971352623951 0.09862388210437874 0.11330132835637573
3 0.3482521895588684 0.6535390039554879 0.0606930564348286 0.07584276975705236
3 0.5348422574003623 0.1683614454452725 0.07132513593627025 0.09394058681584458
3 0.6032726081722392 0.3672236652681237 0.04000530026617039 0.07704189193265655
3 0.14927905422470344 0.3587406674001712 0.04881766520917318 0.060417486769226515
3 0.27509840544815944 0.25444557601867507 0.050491802602936925 0.09236193121367096
0 0.8537575456063838 0.39181931062841674 0.0540033720285657 0.08017766233410571
1 0.7438179918607527 0.7342346837980533 0.06963328106908066 0.140847077917632