3 0.29791666666666666 0.14097222222222222 0.043055555555555555 0.059027777777777776
0 0.1076388888888889 0.42569444444444443 0.0763888888888889 0.07152777777777777
0 0.4201388888888889 0.2520833333333333 0.06805555555555555 0.13333333333333333
0 0.6145833333333334 0.07916666666666666 0.06805555555555555 0.1527777777777778
0 0.7125 0.61875 0.10833333333333334 0.19027777777777777
0 0.9138888888888889 0.9458333333333333 0.08611111111111111 0.10833333333333334
0 0.2638888888888889 0.6986111111111111 0.09166666666666666 0.11875
3 0.17708333333333334 0.6916666666666667 0.06527777777777778 0.049305555555555554
3 0.35208333333333336 0.6493055555555556 0.043055555555555555 0.08402777777777778
3 0.41805555555555557 0.6729166666666667 0.10277777777777777 0.18055555555555555
3 0.37083333333333335 0.8256944444444444 0.07777777777777778 0.15555555555555556
3 0.33819444444444446 0.37777777777777777 0.043055555555555555 0.08888888888888889