0 0.12275682359853833 0.22445799788902293 0.07191105018408142 0.1173099522587541
0 0.45433854303878385 0.39159675611728 0.04444379642320023 0.0736386466655669
0 0.602856358358383 0.5205824106724197 0.05729411920181791 0.10408206643537848
0 0.6119134767360332 0.7836617664188825 0.08424926305222047 0.11518727172201453
0 0.2480089455153418 0.5256688275786225 0.03620505492386725 0.05105248153165702
0 0.5664800750836428 0.2720922940837656 0.04491545955071356 0.10551030252767378
3 0.4461421923861489 0.6279990215577413 0.05407142681142211 0.09629760038181448
3 0.4154796427710116 0.7239110492978876 0.04138289116466562 0.06863195838978066
1 0.3856938721342846 0.8526075430915978 0.08749870395751158 0.14720450474879637
1 0.5126359657378616 0.8975713256934351 0.10833268531208912 0.07698692145309438
0 0.782569380605703 0.55647020955636 0.048165548477248875 0.06621812352369084