0 0.8125 0.30972222222222223 0.025 0.03194444444444444
0 0.9180555555555555 0.23819444444444443 0.019444444444444445 0.041666666666666664
0 0.9 0.375 0.03333333333333333 0.049305555555555554
0 0.8784722222222222 0.3194444444444444 0.06527777777777778 0.07152777777777777
0 0.050694444444444445 0.9444444444444444 0.043055555555555555 0.0763888888888889
0 0.23055555555555557 0.5506944444444445 0.027777777777777776 0.03958333333333333
0 0.2673611111111111 0.5875 0.02638888888888889 0.044444444444444446
0 0.14097222222222222 0.7458333333333333 0.029166666666666667 0.044444444444444446
0 0.2722222222222222 0.7680555555555556 0.03333333333333333 0.049305555555555554
0 0.8222222222222222 0.6861111111111111 0.030555555555555555 0.05416666666666667
0 0.8138888888888889 0.5472222222222223 0.030555555555555555 0.05694444444444444
0 0.6958333333333333 0.9798611111111111 0.03611111111111111 0.04027777777777778
0 0.6451388888888889 0.9826388888888888 0.034722222222222224 0.034722222222222224
0 0.5465277777777777 0.9701388888888889 0.043055555555555555 0.059027777777777776