2 0.07616403313780672 0.8442272414951509 0.024540599513174815 0.032219184595797715
2 0.11931736389070105 0.960740863427393 0.03263680132539382 0.07188332385599981
1 0.632597058151514 0.6534129292736122 0.06669756036469007 0.0972711923049693
1 0.564662740213619 0.6484543645236327 0.07097060209361372 0.14869240356460567
1 0.9490533118680997 0.37783404575991314 0.0830611329872056 0.08704845986278732
1 0.9206372837167796 0.6859411224980143 0.12526385009214777 0.20138986194214048
1 0.34472407606827393 0.11377059915834126 0.07392489258367563 0.10707422045406018
3 0.5122551875902458 0.3963705446636735 0.040606421805745814 0.05948029096824222
0 0.3018394398998577 0.6565110115991091 0.057636801325393824 0.0721742251927269
3 0.255333955955185 0.7268271870004832 0.0460205334740307 0.05468382459862621
3 0.704335498490311 0.4798831106159955 0.049081199026349664 0.06443836919159575
3 0.6694971327536968 0.8893386732795512 0.08702573695777131 0.080152498974464
3 0.5369530125223732 0.6696669991866229 0.06836933702812015 0.10700957571256518
3 0.4459234276420323 0.5512069274700981 0.06729840473878583 0.07020402015700963
3 0.2400454907489939 0.8225150696654528 0.06734416099221269 0.11949341452719169
3 0.03569604867955805 0.5638004888959594 0.065510734171902 0.10419947556404009
0 0.7766843020444002 0.4286239977367224 0.035919735843423777 0.08927675733785839
0 0.17363616187305161 0.8606443828417766 0.07368776106256136 0.14664139260201964
0 0.6519170088275864 0.7772906999433897 0.08296544535336178 0.13147674312185825
0 0.8180576431190505 0.08107095774096457 0.04755086625019026 0.05956109689511083
0 0.7663071289406752 0.164525013437975 0.029353866807364033 0.054489890374141224
0 0.8859833611920274 0.2534471977508631 0.054859023547616126 0.07214190282197942
0 0.7404275719190284 0.28996087891643973 0.029939848626056195 0.07462877926303012
0 0.4460778961321493 0.06840642672747195 0.045136801325393903 0.07202877452436338
0 0.12752135896333186 0.22517066549967596 0.030540693000152153 0.0475616071150706