3 0.630206483581451 0.5474240533868879 0.029701935884985965 0.04770708513689499
3 0.10181321175995958 0.8296601363631703 0.046764752750195586 0.05772022510792062
3 0.20979165796188523 0.8398723134908604 0.04764430566952929 0.045244468253654364
3 0.31789983229274477 0.6148375259720193 0.04449631094197299 0.07017173881645343
3 0.3188807550131467 0.7751572200557515 0.04704771717772623 0.06466466955236506
3 0.665738637328006 0.9255533567778034 0.031883125170960765 0.06717577272707319
3 0.7208579921574342 0.6773872290717288 0.05469957269099742 0.08214699639214444
3 0.8702237163320354 0.42600852416443014 0.033444155910357015 0.037363147907429256
3 0.8750624080428092 0.5447585241644302 0.05132756961540521 0.06751517676734393
3 0.7590253526986763 0.4559892738044501 0.03942415810720819 0.04787678715703028
0 0.7220841919717712 0.5712342016546632 0.03664638032943041 0.047828300865563105
0 0.8263935533917539 0.35515446247639904 0.03812015854657855 0.049935877344630106
0 0.6290026412823388 0.9436487918429953 0.02899216162217076 0.0643495086578279
0 0.5939455881350574 0.8667023106022327 0.031175714102134103 0.04981466161596207
0 0.4549199434203808 0.7927987045425586 0.022644305669529293 0.0448080916304491
0 0.5193948173706795 0.7231411637773065 0.038431419416862254 0.05757476623351876
0 0.2810954273916273 0.8015617453085431 0.032168452792480116 0.04011668253947328
0 0.2640008002352378 0.6374910328266519 0.03743868072651632 0.06727274531000754
0 0.2725003983766626 0.4884400303012994 0.029786825213245216 0.049790418470228325
0 0.2351619367967765 0.40659607323082536 0.0337554167806404 0.04500203679631814