1 0.08541666666666667 0.4701388888888889 0.07083333333333333 0.15555555555555556
2 0.6847222222222222 0.3347222222222222 0.027777777777777776 0.0763888888888889
3 0.7090277777777778 0.68125 0.0625 0.12361111111111112
1 0.6895833333333333 0.8652777777777778 0.10972222222222222 0.175
1 0.6027777777777777 0.9027777777777778 0.11388888888888889 0.19027777777777777
3 0.44930555555555557 0.9333333333333333 0.09305555555555556 0.13333333333333333
3 0.5340277777777778 0.04791666666666667 0.07083333333333333 0.09166666666666666
3 0.30486111111111114 0.06041666666666667 0.08194444444444444 0.12083333333333333
0 0.7152777777777778 0.3284722222222222 0.030555555555555555 0.08402777777777778
0 0.6138888888888889 0.4125 0.05277777777777778 0.07430555555555556
0 0.5034722222222222 0.3861111111111111 0.06805555555555555 0.10138888888888889
0 0.4013888888888889 0.2 0.06666666666666667 0.10833333333333334
0 0.27291666666666664 0.3368055555555556 0.07361111111111111 0.12569444444444444