1 0.7554446733685084 0.2761652798343087 0.09182715775603911 0.15214795574202797
3 0.2343262684906855 0.5263010854721764 0.055811286500172724 0.05608259419217316
3 0.6451281516273885 0.394033528984259 0.048893590570623736 0.07975668750685938
3 0.5288206009371071 0.2054516510707552 0.05906072740546398 0.08813228234342926
3 0.5967688833334291 0.8810719328588956 0.047761080647596224 0.06031224306241509
3 0.5997632413153473 0.7887738039513594 0.052561197573637246 0.09524495269826047
3 0.4769268201933669 0.8713202697912854 0.06127225022172793 0.07862054753483012
0 0.8646981934697867 0.6550042148252518 0.04472692390395707 0.07944095638642462
0 0.9412619197373624 0.7001207428086826 0.049554437366137766 0.06736193121367096
0 0.7085085396336125 0.7038075529573271 0.05640428997658186 0.09000512826313951
0 0.8378020997407213 0.8279320619446474 0.05562210283217218 0.10031655122299475
0 0.46599378656716367 0.5638496068127831 0.052494002275776726 0.07035019640507174
0 0.7421611901816101 0.43132140136551617 0.048893590570623736 0.07975668750685921
0 0.6859822736069361 0.030176076663071788 0.03538242099649204 0.060352153326143576
0 0.6097264792712802 0.22931387089360641 0.05101052155288749 0.09236193121367096
0 0.3574950570741556 0.22192147108420718 0.054166018645422455 0.07531655122299459