1 0.7361111111111112 0.3920326680411588 0.08333333333333333 0.15263577374050846
3 0.20277777777777778 0.5582192716574597 0.05277777777777778 0.056391545591210956
3 0.6194444444444445 0.49153702924889137 0.044444444444444446 0.08001685710604897
3 0.5145833333333333 0.2864495139587514 0.05416666666666667 0.08844936404244166
3 0.5430555555555555 0.9665514588756474 0.044444444444444446 0.06057241266160468
3 0.5513888888888889 0.8755650362496983 0.04722222222222222 0.09552138289739925
3 0.42430555555555555 0.9381079812954226 0.05694444444444444 0.07895388983379172
0 0.8229166666666666 0.7845352101319664 0.04027777777777778 0.07967673508569027
0 0.8965277777777778 0.8412384769360822 0.04583333333333333 0.06763023111283499
0 0.6645833333333333 0.808416128913889 0.05138888888888889 0.09030594936220256
0 0.7861111111111111 0.950682533414989 0.05 0.09863493317002205
0 0.43125 0.6317304068849096 0.04861111111111111 0.07063475690418544
0 0.7138888888888889 0.5436909061548011 0.044444444444444446 0.08001685710604912
0 0.68125 0.1368599503286574 0.03194444444444444 0.06163537993386162
0 0.59375 0.32277294345667895 0.04583333333333333 0.0926302311128353
0 0.34305555555555556 0.2759200463428713 0.05 0.07560924202208288