3 0.7597222222222222 0.37430555555555556 0.05277777777777778 0.03194444444444444
3 0.8243055555555555 0.6027777777777777 0.0375 0.059027777777777776
3 0.6319444444444444 0.3173611111111111 0.03611111111111111 0.052083333333333336
0 0.7138888888888889 0.9590277777777778 0.06111111111111111 0.08125
0 0.7055555555555556 0.8284722222222223 0.03888888888888889 0.09652777777777778
0 0.6486111111111111 0.8 0.041666666666666664 0.07430555555555556
0 0.08194444444444444 0.7888888888888889 0.05277777777777778 0.08125
0 0.15416666666666667 0.6854166666666667 0.044444444444444446 0.07152777777777777
0 0.3736111111111111 0.8333333333333334 0.044444444444444446 0.0763888888888889
0 0.4166666666666667 0.3138888888888889 0.030555555555555555 0.07916666666666666
0 0.35833333333333334 0.0763888888888889 0.022222222222222223 0.044444444444444446
0 0.3159722222222222 0.04583333333333333 0.0375 0.06666666666666667
0 0.11944444444444445 0.23472222222222222 0.03888888888888889 0.059027777777777776