1 0.06578230501738326 0.7222939245708468 0.13156461003476652 0.17889565735714794
0 0.47747456633208335 0.4416153840352721 0.03450219456098959 0.05439869488318799
3 0.5812057973085355 0.6581536259871095 0.05095837381403309 0.05288384158714905
3 0.4343295671546957 0.7376384840818903 0.057618988291110264 0.06788814974772871
3 0.3869080379715793 0.7073994797493293 0.061554446843815454 0.08337641493912966
3 0.21855747199592737 0.7422509467889408 0.05563053831441936 0.07809432900077252
3 0.18074502128573194 0.5669782972743024 0.07786394098937058 0.11637329645168992
3 0.1835588007293762 0.3202719332359688 0.14541563891632622 0.18777592992487765
0 0.2661248661839723 0.8525719099964052 0.0811472166008678 0.1414785401585015
0 0.34612722266776147 0.5986356313411402 0.07003610548975685 0.14063659050400884
0 0.34154368168664756 0.37665579768560853 0.056735597235940974 0.09267766233410554
0 0.40101479519712974 0.29343724830669615 0.06960395020978151 0.09848596680652098
0 0.18106023328671522 0.013777029827513039 0.059733402674951225 0.027554059655026077
0 0.11384498718053268 0.09218006454287592 0.06535276053664157 0.07883103494845337