2 0.29512769442051096 0.22483616027100994 0.06023936264986271 0.09132238296565226
0 0.278130660677782 0.40751631222703405 0.0742575366456617 0.11411053404293578
0 0.3781427811565548 0.4055249578039263 0.07142319663361071 0.10427512604970132
0 0.27481646768480394 0.5542138686613303 0.0658514804396914 0.10127097672989893
0 0.3760442131952526 0.6417775511288027 0.0814767119422901 0.16161572069268856
0 0.5153694393199632 0.7111182625781901 0.10938377482697806 0.18496980062503338
0 0.32286738562836653 0.8141235625524306 0.053266637088281735 0.08617830742701042
2 0.7194099350289158 0.44232584885661685 0.06721208821144369 0.0964664585042941
2 0.6091907731770078 0.36138002014493414 0.07006258886185843 0.10907964427530632
1 0.21930223973555268 0.8023675103004148 0.12749589261680674 0.19542773035883523
1 0.9246746831234264 0.3984768422495375 0.15065063375314733 0.147197439627896
3 0.7663956398560623 0.8773204320759763 0.12045044418258866 0.1777836548201934
3 0.48436635206020795 0.8742254545003866 0.05057370266191362 0.10064845498933153