0 0.03125 0.5173611111111112 0.0625 0.1361111111111111
3 0.9534722222222223 0.6368055555555555 0.09305555555555556 0.13819444444444445
1 0.61875 0.6097222222222223 0.1375 0.1875
3 0.9402777777777778 0.3013888888888889 0.11388888888888889 0.17291666666666666
3 0.8763888888888889 0.19722222222222222 0.09444444444444444 0.1284722222222222
3 0.7493055555555556 0.7527777777777778 0.09861111111111111 0.14791666666666667
3 0.6104166666666667 0.9048611111111111 0.12916666666666668 0.19027777777777777
3 0.4625 0.43680555555555556 0.1 0.2076388888888889
3 0.7083333333333334 0.3236111111111111 0.09444444444444444 0.12361111111111112
3 0.6708333333333333 0.2013888888888889 0.10555555555555556 0.16041666666666668
0 0.9597222222222223 0.4479166666666667 0.08055555555555556 0.225
0 0.44375 0.8194444444444444 0.09027777777777778 0.17777777777777778
0 0.3451388888888889 0.39861111111111114 0.06527777777777778 0.14097222222222222
0 0.26875 0.5416666666666666 0.09583333333333334 0.1361111111111111
0 0.23194444444444445 0.3590277777777778 0.08333333333333333 0.13055555555555556
0 0.13055555555555556 0.33958333333333335 0.07777777777777778 0.1111111111111111
0 0.5451388888888888 0.38125 0.05694444444444444 0.10625
0 0.37916666666666665 0.18888888888888888 0.09166666666666666 0.18055555555555555
0 0.2673611111111111 0.19652777777777777 0.09027777777777778 0.15069444444444444
0 0.10277777777777777 0.17430555555555555 0.1 0.13055555555555556