0 0.3 0.13680555555555557 0.06944444444444445 0.13055555555555556
0 0.4215277777777778 0.059027777777777776 0.0625 0.11388888888888889
0 0.4986111111111111 0.049305555555555554 0.06111111111111111 0.09375
0 0.37916666666666665 0.25069444444444444 0.06944444444444445 0.14583333333333334
0 0.34305555555555556 0.4 0.08333333333333333 0.13819444444444445
0 0.49375 0.5493055555555556 0.11527777777777778 0.18055555555555555
0 0.49166666666666664 0.18055555555555555 0.06944444444444445 0.13333333333333333
0 0.5854166666666667 0.18125 0.07361111111111111 0.13055555555555556
0 0.6909722222222222 0.23055555555555557 0.07083333333333333 0.12569444444444444
0 0.7034722222222223 0.5555555555555556 0.09305555555555556 0.20277777777777778
0 0.8333333333333334 0.725 0.1111111111111111 0.18541666666666667
3 0.7875 0.4618055555555556 0.12222222222222222 0.19722222222222222
3 0.6 0.39375 0.08333333333333333 0.10138888888888889
3 0.4152777777777778 0.9347222222222222 0.1111111111111111 0.13055555555555556
1 0.6520833333333333 0.7583333333333333 0.19027777777777777 0.1875
1 0.6847222222222222 0.3347222222222222 0.12222222222222222 0.10625
1 0.5909722222222222 0.2861111111111111 0.06805555555555555 0.09861111111111111