2 0.9744757311772495 0.06037466578582771 0.04747714182021936 0.055419455382491656
0 0.6762190571017387 0.08998144564598792 0.09444398599838609 0.13853586346432079
1 0.636267659386651 0.2127236871638656 0.13149048997124121 0.13407144646770955
3 0.2713034366060111 0.7269590891758994 0.1609686486277836 0.22360693598412112
3 0.40866177640328555 0.7497503430979154 0.11193255690849592 0.16606373472907593
3 0.5424907485288865 0.6367005986914531 0.1260763653953821 0.22051328917028362
3 0.5302310092770985 0.4372610305263288 0.11488039569645296 0.1682278931408495
3 0.3314491494867206 0.2289137536138705 0.14985765212818716 0.1893366829710223
0 0.925653103959924 0.37706896999980616 0.10277731933171973 0.1387783386996418
0 0.8434680549327238 0.47143467692930535 0.10252228512220793 0.11867986234997292
0 0.604948834986793 0.8181101612848388 0.11646774640297508 0.15372538488595638
0 0.5055561286131284 0.1852531785572291 0.10969336296871006 0.15560665552318906
0 0.4403498113000434 0.361555898653471 0.09362196714342856 0.14543989536954502
0 0.26550624496406877 0.5165700600565445 0.11785663529186413 0.15376579742517674
0 0.03470805047137394 0.05311385308344744 0.06941610094274787 0.10545243664401013