0 0.07708333333333334 0.7680555555555556 0.14583333333333334 0.22708333333333333
0 0.3902777777777778 0.6284722222222222 0.1 0.18541666666666667
0 0.16319444444444445 0.9236111111111112 0.15416666666666667 0.1527777777777778
0 0.39444444444444443 0.9083333333333333 0.08611111111111111 0.17291666666666666
0 0.6083333333333333 0.7951388888888888 0.09166666666666666 0.16805555555555557
0 0.7722222222222223 0.9131944444444444 0.10833333333333334 0.1736111111111111
0 0.5659722222222222 0.9513888888888888 0.11805555555555555 0.09722222222222222
0 0.4791666666666667 0.034722222222222224 0.08888888888888889 0.06388888888888888
3 0.50625 0.23194444444444445 0.13194444444444445 0.2222222222222222
3 0.5083333333333333 0.7027777777777777 0.13055555555555556 0.29375
3 0.5763888888888888 0.5236111111111111 0.11388888888888889 0.20277777777777778
3 0.6444444444444445 0.39861111111111114 0.08611111111111111 0.1361111111111111
3 0.7277777777777777 0.38125 0.09444444444444444 0.16527777777777777
1 0.22569444444444445 0.6923611111111111 0.08194444444444444 0.3333333333333333
1 0.8201388888888889 0.5444444444444444 0.059722222222222225 0.2590277777777778
0 0.8375 0.04791666666666667 0.06388888888888888 0.09583333333333334