0 0.19926999324244593 0.8250006876690874 0.08410904397479402 0.14013577374050845
0 0.3315799040708648 0.274179127260188 0.07294137062940978 0.12950655946399633
0 0.11215519741917768 0.40800775555124524 0.07143531711238356 0.10925429656832111
0 0.045589534742284527 0.3960885967658742 0.06310198377905024 0.10857405252760373
0 0.11199405404073745 0.31639777588797163 0.06990502263781172 0.08483536700597938
0 0.07642074716041897 0.1075966315122518 0.06298885931050388 0.0891296080831592
0 0.17283897762404393 0.2378548954816585 0.057433303754948324 0.08867611205601417
0 0.18882782348982732 0.11438555918478749 0.057445424233721176 0.0907594453893475
2 0.5347688521165237 0.4255687038181643 0.08685854063543527 0.13550141064297003
1 0.33633504502221656 0.5306133886740944 0.11353428085528097 0.18696107232746423
3 0.6704036874011012 0.3770147381565045 0.1050272206595371 0.15641971717563574
1 0.6826765124536136 0.6536587758664198 0.06695848416760934 0.29421746720784275