2 0.8375976551813588 0.9028615450177837 0.1456763446463583 0.19427690996443264
0 0.0985331973990742 0.1524860925251812 0.07115892333629642 0.13809224136837778
0 0.22006329770265454 0.28023434588791746 0.06414982539641988 0.13482886072988123
0 0.28073973961395093 0.35519530353736084 0.06757297686561732 0.10317577800186804
0 0.2943192018737348 0.22372186151419712 0.06531242705129646 0.1252037590798027
0 0.367170053782068 0.1664178121238885 0.05229519908783955 0.10210745170828658
0 0.24485085131669762 0.15370453510857057 0.05491134312703707 0.09535724840812973
0 0.20631639538978402 0.10663783521624448 0.0746952184225001 0.11130026975147575
0 0.3182500966733025 0.06038649517929462 0.044833526679938354 0.0793996266253456
0 0.4166672472981173 0.05894872246816857 0.074871854272037 0.05931405699028617
0 0.561683216142099 0.39148032577706793 0.09383372002654337 0.15909061496712254
0 0.29862969131753164 0.9636651233295598 0.09095780074271613 0.07266975334088038
1 0.4975565216969449 0.6150965193921019 0.14737117637564837 0.1954200855974744
1 0.5219302145366365 0.7984492121326309 0.23480652288021606 0.19876090386475387
2 0.7228855954886119 0.939184038964582 0.07926596943561733 0.12163192207083601
2 0.8100224530548771 0.5461221067604424 0.09783875295462963 0.15243753223910927
2 0.3291436300221609 0.498629499909811 0.09754781222518526 0.13993753223910926