2 0.3888888888888889 0.9048611111111111 0.11944444444444445 0.18541666666666667
0 0.24513888888888888 0.05555555555555555 0.09305555555555556 0.1111111111111111
0 0.5451388888888888 0.04791666666666667 0.10138888888888889 0.09583333333333334
0 0.7131944444444445 0.05416666666666667 0.0875 0.10347222222222222
0 0.9145833333333333 0.10625 0.10138888888888889 0.14305555555555555
0 0.6833333333333333 0.24722222222222223 0.125 0.19722222222222222
0 0.8347222222222223 0.27152777777777776 0.12222222222222222 0.18263888888888888
0 0.9416666666666667 0.49722222222222223 0.11666666666666667 0.18541666666666667
0 0.6236111111111111 0.6222222222222222 0.07222222222222222 0.13819444444444445
0 0.375 0.5541666666666667 0.10833333333333334 0.16041666666666668
0 0.7444444444444445 0.9576388888888889 0.06666666666666667 0.08472222222222223
0 0.24791666666666667 0.6083333333333333 0.08194444444444444 0.1111111111111111
0 0.1451388888888889 0.6305555555555555 0.09027777777777778 0.14097222222222222
0 0.8388888888888889 0.6145833333333334 0.07222222222222222 0.11388888888888889
0 0.03263888888888889 0.6145833333333334 0.0625 0.13819444444444445