2 0.11458333333333333 0.6097222222222223 0.05694444444444444 0.10833333333333334
3 0.6451388888888889 0.6583333333333333 0.08472222222222223 0.12569444444444444
3 0.7548611111111111 0.5791666666666667 0.12083333333333333 0.21458333333333332
3 0.6611111111111111 0.4361111111111111 0.10277777777777777 0.16041666666666668
0 0.9388888888888889 0.050694444444444445 0.11666666666666667 0.09166666666666666
0 0.6479166666666667 0.07291666666666667 0.08472222222222223 0.09652777777777778
0 0.5833333333333334 0.14583333333333334 0.05277777777777778 0.06388888888888888
0 0.7854166666666667 0.9194444444444444 0.12638888888888888 0.16041666666666668
0 0.6409722222222223 0.8826388888888889 0.09027777777777778 0.18055555555555555
0 0.5631944444444444 0.7743055555555556 0.0875 0.15069444444444444
0 0.9083333333333333 0.4270833333333333 0.1361111111111111 0.2569444444444444
0 0.5527777777777778 0.2743055555555556 0.07222222222222222 0.17777777777777778
0 0.20833333333333334 0.8569444444444444 0.07777777777777778 0.1284722222222222
0 0.22152777777777777 0.6965277777777777 0.07916666666666666 0.12361111111111112
0 0.5493055555555556 0.5416666666666666 0.0763888888888889 0.13055555555555556
0 0.4111111111111111 0.5569444444444445 0.07222222222222222 0.12569444444444444
0 0.4263888888888889 0.33958333333333335 0.06944444444444445 0.12569444444444444
0 0.25972222222222224 0.3333333333333333 0.058333333333333334 0.10347222222222222
0 0.3951388888888889 0.06319444444444444 0.06527777777777778 0.09166666666666666