3 0.8432757369577714 0.076875896178603 0.11155147391554263 0.153751792357206
3 0.7330409267175955 0.08116641877699651 0.10951598439913128 0.13672521536893417
3 0.6701326261984037 0.21072094076439352 0.11656680390583271 0.18814642553455058
3 0.6084898893869455 0.40764061402249263 0.14256225483093346 0.270228235405087
1 0.957113818025831 0.21179781135438505 0.08577236394833802 0.31648128233068085
1 0.7349470779733044 0.8389224722940227 0.14270369871820396 0.2750893465161981
1 0.5815173558537974 0.769664338195959 0.18170313779634012 0.1836650894249879
1 0.34474244438532714 0.41403698577816134 0.07822882801062277 0.25457876294494275
0 0.2785386839671354 0.9554859468321146 0.10945002187609441 0.08673329568811615
0 0.4236924354114277 0.9074112509362038 0.12192029676528762 0.1812343023668335
0 0.56177841723012 0.9267501882260863 0.0956270955102424 0.13664441217711543
0 0.6742516986590866 0.6864719474431112 0.1355060916100254 0.17089843889198575
0 0.8989304859088204 0.6025119263679845 0.13520834128008075 0.20839035857280394
0 0.7181621802287508 0.5007684294454877 0.1005009816132618 0.16097420869021653
0 0.4849212783785496 0.3382087530620184 0.11086980446300679 0.18325299314671198
0 0.5083496140868915 0.5943658293914268 0.08902615764916927 0.14840956613676137
0 0.3122110991459119 0.6566283859859562 0.15932460913144386 0.22588883511000704
0 0.23301562634471681 0.4890051275066313 0.12022831383224752 0.17080955538098502
0 0.10017584334694374 0.6738368970430064 0.13424378405300355 0.2229656115869555