3 0.8757720979041538 0.29925006562329076 0.06195984553213773 0.09009305456900545
3 0.6434411409471844 0.5602389671788089 0.08996660573963705 0.11971612321751479
0 0.1909223342202451 0.28508215070425164 0.0463989402736028 0.08416361716431295
0 0.2810308277108826 0.35966479107296573 0.056849204589199884 0.09734346116931931
0 0.2419067552794813 0.2745442450904879 0.06089453090697074 0.09555148955241724
0 0.2566606689424433 0.056612146197825605 0.07664397181226185 0.11322429239565121
0 0.9869934431810679 0.16818987133598595 0.02601311363786433 0.08178892211454836
0 0.9754680765551849 0.08409893283269822 0.04906384688963025 0.0851348228857506
0 0.9431830970172421 0.02029697598942689 0.07572739407213033 0.04059395197885378
0 0.8822598735316433 0.0993763870743107 0.06489941044177638 0.09306507349107077
0 0.8121072863746844 0.12798920765082566 0.06645008646252613 0.0959399718409923
0 0.7171712794218662 0.06629504957068669 0.049554437366137766 0.06709386776963311
0 0.6969234524096628 0.1855500118386012 0.04526643035057529 0.0647191727198685
0 0.6420760395666215 0.16567804275502504 0.05628294962768621 0.08762123894709704
0 0.5931818009747535 0.16421615166894568 0.05350517184990827 0.08742699780280955
0 0.6370250967662655 0.2824757898404693 0.06934920458919988 0.09821754631861318
0 0.5247472300619523 0.33007157037566315 0.05741545955071356 0.10706568339154153
0 0.43417197851410355 0.4270506676313606 0.055838035015068184 0.0799823500582082
0 0.35387150588192096 0.556780374787529 0.0588989402736028 0.08503770231360683
0 0.43131886026194166 0.55764018303355 0.05239941044177638 0.09219098834177686
0 0.7532697092077442 0.721996285984458 0.10016049108937244 0.1522432910948216
0 0.5656291174992321 0.624948298426997 0.07803286070115073 0.12856426029044316
0 0.34686412318867377 0.8075912992113129 0.105999174125685 0.15749288449450805