2 0.34674430530714123 0.8980730303056932 0.12808036448767285 0.18750157719975927
0 0.24255134730290287 0.053822170635600616 0.09823063872752757 0.10764434127120123
0 0.542907134270976 0.04360138672607954 0.1058523981247147 0.08720277345215909
0 0.710671591398108 0.04710879076708273 0.09231929620389899 0.09421758153416546
0 0.909634660050135 0.090285888534401 0.108051808472803 0.14482530519411094
0 0.6718187732756955 0.23529459452127352 0.13418577263025055 0.19940410533824943
0 0.8220756127207155 0.2569576471918628 0.13072876518615145 0.18477228571344884
0 0.9185081694720917 0.48078536941481737 0.12530258670989522 0.1874530909082921
0 0.5946306453480675 0.6113370497878198 0.07865873191736246 0.13945508802259338
0 0.3491892726797892 0.5476210173185851 0.11580485966286808 0.16230763203389023
0 0.69984169635601 0.9446445627756601 0.07061266758529554 0.08588589321743648
0 0.21958308630011952 0.6040059318198794 0.08711952761641648 0.11254145670939567
0 0.11577029188794732 0.6280221468263907 0.09684366455221734 0.1425480266949085
0 0.8102642100939182 0.5999404733102175 0.07752668247349372 0.11514953246703799
0 0.019241232470744225 0.6140136194085929 0.03848246494148845 0.1392853860024581