0 0.3158674276279276 0.3944144558233278 0.08747339987091102 0.09374250284472083
0 0.32253024428133586 0.505518717800404 0.04638701534751261 0.07403547832162426
0 0.5290676162131078 0.3170056041625396 0.0709056807272974 0.12463533093206836
0 0.48995795864567526 0.4839354989291026 0.05181510853734734 0.10136149235274922
0 0.06127252366871798 0.7625665472766163 0.055658332505765844 0.09465972860609655
0 0.16141328609898317 0.840120895716219 0.08573063872752762 0.11580293793508202
0 0.2924882646853145 0.8066717751255361 0.06547758753746251 0.09730931690094356
0 0.37837105119407327 0.8464902920013819 0.06315262953723233 0.10686975199130459
0 0.4463353180808901 0.7627113960341865 0.08527781894997999 0.1060807157128598
0 0.47058374102060474 0.8999077211513248 0.09522836577455457 0.14128829933066528
0 0.6140141277495137 0.8553406403154962 0.09164006653757768 0.0939851835425126
0 0.6266529754662002 0.9414885891817587 0.11777403069502523 0.11702282163648256
3 0.6454544668718113 0.6587182707037179 0.10110927874193705 0.17833653558401227
3 0.882511117731651 0.7867230868474848 0.17355982556651195 0.21718432966869158
3 0.39374787942540984 0.561194965683611 0.06744867328319831 0.109890210466874
2 0.5293491410736383 0.4604656275477478 0.048909868393849046 0.12820214498829108
2 0.5840827898190286 0.43649669650274 0.07300614355233251 0.13999400227577674
1 0.596265194192022 0.10018335147680256 0.10378619428308314 0.11685455429217895