2 0.6194444444444445 0.17152777777777778 0.07777777777777778 0.1111111111111111
1 0.23125 0.26944444444444443 0.08472222222222223 0.13333333333333333
0 0.017361111111111112 0.39375 0.029166666666666667 0.14583333333333334
0 0.10069444444444445 0.3458333333333333 0.07083333333333333 0.12361111111111112
0 0.32083333333333336 0.6208333333333333 0.10555555555555556 0.16527777777777777
0 0.16458333333333333 0.175 0.08472222222222223 0.12361111111111112
0 0.2076388888888889 0.052083333333333336 0.07916666666666666 0.09861111111111111
0 0.3236111111111111 0.06388888888888888 0.08611111111111111 0.12777777777777777
0 0.03888888888888889 0.16944444444444445 0.05277777777777778 0.10138888888888889
3 0.11041666666666666 0.06944444444444445 0.09583333333333334 0.13333333333333333
1 0.26944444444444443 0.8618055555555556 0.10833333333333334 0.20277777777777778
1 0.675 0.7430555555555556 0.07222222222222222 0.3159722222222222
2 0.5604166666666667 0.7763888888888889 0.09027777777777778 0.15555555555555556
1 0.8493055555555555 0.42986111111111114 0.06805555555555555 0.23194444444444445