0 0.34424471892277686 0.3866402564972492 0.08591973584342362 0.09179895301320123
0 0.35926307134633517 0.4974691822481934 0.045136801325393903 0.07303131090867257
0 0.5506658879208542 0.304356334009066 0.0687936686899317 0.12311288356404468
0 0.5243260114361037 0.4720150599624488 0.050091512506853696 0.10026014744822144
0 0.11855261165276552 0.7603152687217728 0.054056116477419515 0.09346120620999285
0 0.224106079644826 0.8354563761205719 0.08378855869316845 0.11392417309794622
0 0.35208057640449797 0.7989947532910336 0.06383895750847207 0.09588404702449572
0 0.440590889885002 0.8367725428437837 0.06134406750523532 0.1055092671092407
0 0.5019337888030208 0.7515035920057566 0.08350567091862741 0.104201950875724
0 0.536429566932542 0.8879872821846709 0.09284931773246462 0.13921517951037762
0 0.675866112664398 0.840132362883855 0.09008640251009029 0.09194445621941694
0 0.6961773391385809 0.9343298473023282 0.1152736026507878 0.13134030539534364
3 0.6923295480477474 0.6429917133170049 0.0980869166884656 0.17616623827214886
3 0.9265196028118801 0.7653440387007688 0.14696079437623993 0.21336201500003665
3 0.43436944640859215 0.551428627780225 0.06559155925034221 0.10843254809323419
2 0.5617728239049752 0.44765439490831416 0.046712890354980156 0.12719797757533924
2 0.6144570016124044 0.4224383527214146 0.07062709551024239 0.13843916241056098
1 0.6012049448989031 0.08620598893845714 0.101844114248724 0.11455468699154735