2 0.5548611111111111 0.8520833333333333 0.10694444444444444 0.1875
3 0.6916666666666667 0.6381944444444444 0.07777777777777778 0.13055555555555556
1 0.5506944444444445 0.08402777777777778 0.04861111111111111 0.10347222222222222
1 0.6423611111111112 0.06805555555555555 0.05694444444444444 0.1111111111111111
1 0.6930555555555555 0.13819444444444445 0.06388888888888888 0.10833333333333334
1 0.5965277777777778 0.15416666666666667 0.05138888888888889 0.08611111111111111
1 0.41180555555555554 0.14930555555555555 0.06527777777777778 0.08611111111111111
1 0.48333333333333334 0.21875 0.05277777777777778 0.08125
1 0.5131944444444444 0.3236111111111111 0.0625 0.09375
1 0.3229166666666667 0.41944444444444445 0.07916666666666666 0.09375
1 0.45069444444444445 0.5368055555555555 0.0625 0.12083333333333333
1 0.5201388888888889 0.68125 0.08472222222222223 0.1284722222222222
1 0.3076388888888889 0.6694444444444444 0.0763888888888889 0.09861111111111111
1 0.3659722222222222 0.575 0.0625 0.11388888888888889
1 0.18888888888888888 0.5951388888888889 0.08888888888888889 0.11388888888888889
1 0.7361111111111112 0.34305555555555556 0.16944444444444445 0.15833333333333333