2 0.6094540890520237 0.15711004829641922 0.08424926305222047 0.11292140898320989
1 0.2155566482094767 0.26406204094972197 0.0924880045515533 0.13530526494401238
0 0.006629015357245718 0.39334591565354937 0.013258030714491435 0.14651219503537033
0 0.08055194652774185 0.3434896441239197 0.07803286070115073 0.12525977524462972
0 0.2846739093623853 0.6133658546109256 0.11518188990128893 0.1677346106041976
0 0.15439074402608624 0.17116928039564802 0.09192174959003963 0.1255830427217902
0 0.2046053801664939 0.04873867620762339 0.0849101098477345 0.09747735241524678
0 0.3198900070783066 0.06062388736956779 0.09355331917672013 0.12124777473913557
0 0.02918068894535862 0.16853929550839503 0.05836137789071724 0.10261730530209882
3 0.10637198837014004 0.06732820373194442 0.10359911566266446 0.13465640746388885
1 0.21924998678454904 0.8555341664986417 0.12014379395919106 0.20529926409962956
1 0.6317219422271652 0.7273447561655549 0.09062550847141829 0.31765321310345673
2 0.515197163311499 0.7633450461854625 0.09933785716199739 0.1576567941570987
1 0.8242689969000556 0.4100933048827462 0.08156478106595462 0.233528455082531