0 0.28799346969650375 0.07139284033523054 0.0586293430729321 0.09719038637810065
0 0.33546830735765254 0.24552110937830096 0.058835409811668016 0.10899594193365619
0 0.41163040115310773 0.19364027738876513 0.04594751947992993 0.08662826904307042
0 0.4646592171700528 0.24841298850694662 0.0471667063486832 0.07692220800622193
0 0.5188778849192226 0.21224579977365335 0.043169741702152147 0.08659594667232295
0 0.6059293867231503 0.18756951000775382 0.042781851370413904 0.06437372445010081
0 0.599729450214377 0.3096947651177337 0.0486404462476399 0.08179948030270678
0 0.42436264862885387 0.047984717094542814 0.04577781745979432 0.0769060468208482
0 0.3612070025194941 0.8450044379729675 0.09238693145660398 0.12188381038262561
0 0.47446556961930847 0.8102185440625022 0.06716874314500135 0.10909290904589852
0 0.5881085122598252 0.8372301251149056 0.0571556031739754 0.09231311408161579
0 0.6514015064869635 0.9590059686328465 0.084884894660286 0.08198806273430692
0 0.9534890753943671 0.3700497062026607 0.043000039682016857 0.07687372445010081