0 0.06928770878651212 0.7707473648705445 0.13857541757302425 0.23217594555087986
0 0.3793077543333077 0.6421010225377515 0.10323645995544031 0.18890874361584148
0 0.1470727525315768 0.925114644242006 0.15683341269736656 0.1497707115159882
0 0.3785894271346467 0.9170728851954252 0.08912938275494879 0.1658542296091497
0 0.594454132400827 0.8163823569963689 0.09460008730043654 0.17125662609229897
0 0.7562823539023569 0.9257319707133566 0.11136372655003773 0.14853605857328678
0 0.549365667394682 0.960240333933672 0.11975257575691008 0.07951933213265584
0 0.4785605880233258 0.05145509093701801 0.09000407359263612 0.06699295728815535
3 0.5022013946624829 0.24962308399964175 0.1358233477618261 0.22682982375238336
3 0.49606630159211373 0.720529168936083 0.1356829808782196 0.2983091004614225
3 0.5672492229473083 0.5437390546376046 0.11742838816599964 0.206754865414338
3 0.637486661618891 0.4211156070057929 0.08848693939300745 0.13911817737290053
3 0.7211230342738948 0.4066645600189942 0.09732937878674698 0.16857585045199844
1 0.21360923629622713 0.7002425347811236 0.08776279942051701 0.33619489638890704
1 0.8106355757613039 0.5730843255345515 0.06424356890154538 0.2611133237335349
0 0.8366636114721896 0.0771628111160054 0.06556166594450967 0.0980643824953061