1 0.6305555555555555 0.5555555555555556 0.1 0.17291666666666666
1 0.49236111111111114 0.71875 0.10416666666666667 0.10833333333333334
0 0.49583333333333335 0.9736111111111111 0.06666666666666667 0.05277777777777778
0 0.4173611111111111 0.8923611111111112 0.06805555555555555 0.10138888888888889
0 0.5180555555555556 0.825 0.09166666666666666 0.1527777777777778
0 0.7777777777777778 0.9298611111111111 0.1 0.1361111111111111
0 0.6611111111111111 0.8590277777777777 0.10555555555555556 0.16319444444444445
0 0.7819444444444444 0.7409722222222223 0.09722222222222222 0.11875
0 0.8409722222222222 0.6208333333333333 0.09027777777777778 0.12569444444444444
0 0.7340277777777777 0.58125 0.08472222222222223 0.10625
0 0.7243055555555555 0.3590277777777778 0.06805555555555555 0.10138888888888889
0 0.80625 0.32708333333333334 0.059722222222222225 0.09652777777777778
0 0.9284722222222223 0.2013888888888889 0.07361111111111111 0.14097222222222222
0 0.8694444444444445 0.1284722222222222 0.06111111111111111 0.10833333333333334
0 0.7597222222222222 0.13333333333333333 0.058333333333333334 0.09861111111111111
0 0.7340277777777777 0.044444444444444446 0.059722222222222225 0.08888888888888889
0 0.5743055555555555 0.10625 0.05138888888888889 0.08402777777777778
0 0.5965277777777778 0.2965277777777778 0.07083333333333333 0.11388888888888889
0 0.40069444444444446 0.48541666666666666 0.06527777777777778 0.10138888888888889
0 0.06319444444444444 0.51875 0.08194444444444444 0.11388888888888889
0 0.21944444444444444 0.525 0.09166666666666666 0.12083333333333333