0 0.8090906545343545 0.21106019120315958 0.09300044058379879 0.14941974170215208
0 0.374357252822178 0.8003710371595933 0.09287297821807827 0.17647883188975172
0 0.37109783163266774 0.08873869841520911 0.0804014930607459 0.11728135209183854
0 0.5029128989978129 0.08365782179273595 0.07484593750519018 0.11718437950890401
0 0.5718627087574977 0.1762805155161219 0.047324999172432554 0.09241820418440941
0 0.4501180946588391 0.3229674509409276 0.07520172447326337 0.12482326839779287
0 0.5455120112096752 0.5207699314609978 0.0734589633298801 0.1469970043285479
0 0.8494351384958664 0.49530967208357596 0.09820212388485995 0.1717146933615753
0 0.926227476331282 0.7413924664563172 0.10169147559878411 0.18704095743082025
0 0.8183679216943551 0.828066261910097 0.10156018380590599 0.15442631168766513
0 0.6538549181109016 0.6683057373779979 0.09022266280602118 0.1493712554106848
3 0.43265430952802353 0.4852093831196887 0.07161533994986498 0.10741367099521458
1 0.9330042494248552 0.3581474989240875 0.13399150115028974 0.1234273499268323
3 0.6216477871501955 0.34985877669966836 0.07287485175945455 0.10466013636317038
3 0.521716510978014 0.9201204585169848 0.07058223802904912 0.11502831673836972