1 0.8525319224625937 0.45596155010905626 0.07275800766592574 0.21628770231360683
0 0.9266599306313171 0.10580346300851827 0.11792302481954696 0.21160692601703654
0 0.2086538003553923 0.6838878264958156 0.1302577557442794 0.2423947474215797
0 0.3046275341074913 0.8096943154880072 0.12109209676419729 0.15340873796054696
0 0.6228895965644458 0.6273137990774116 0.0997204587706992 0.16157703102846896
3 0.3712167578174488 0.11058838359814689 0.1295894395645675 0.22117676719629378
3 0.5291345581315231 0.19214436927269674 0.14414664463316834 0.24336595314301723
3 0.8083468712531284 0.36932579378666963 0.08027601432625475 0.16021734301845625
3 0.4924791620898363 0.4217820383606441 0.0985745939471602 0.16425768823410292
3 0.1686322667920171 0.3208825406917358 0.1616978934760488 0.31775402883127846
1 0.23266753637008272 0.21218516698094597 0.18153237247913512 0.3709056884581933
3 0.5275155532929641 0.5656536008439065 0.11733246362991723 0.2366595511611747