0 0.49792327509650725 0.05701946754483793 0.07065036273306728 0.07668210792374393
0 0.8982032478342502 0.1426125552567919 0.12409393861350364 0.17703925750944244
0 0.965584184234883 0.2638603602968266 0.058985914576310784 0.17962081838984226
0 0.601906912288046 0.4242880017633196 0.07653220891011156 0.16566799895010986
0 0.7248455874292272 0.7066976316056278 0.09709878636538305 0.15875662609229912
0 0.4886947963016419 0.6796781993857071 0.07860672119118056 0.14562611219869806
0 0.5908795275798691 0.7798920583876138 0.11783511756123914 0.15670636434559937
0 0.6087873967442161 0.6254674568951495 0.09537038999532431 0.1489859028013383
3 0.7410625570549969 0.42149921974828464 0.13327604064976128 0.20163581947742937
3 0.8091996558284936 0.6206460552379435 0.0894753269585989 0.13906967630416192
3 0.505844319908132 0.28813278539088666 0.0728152687217728 0.09895283121470473
3 0.5081172617090028 0.183223173211037 0.10899913143599176 0.10229719233524008
3 0.7676387829141375 0.8152668618528133 0.11227956200568391 0.1565123600706452
1 0.3423081259226631 0.5709678617397226 0.15272048509420588 0.20231483443976875
1 0.39336414519765367 0.4030997020292807 0.07158952514362826 0.1433002735216721