1 0.6408695482025176 0.15075068110101777 0.038253491773864015 0.16581112698391776
1 0.675190544983309 0.6936486562093047 0.07924284348778801 0.18179195598797107
3 0.592437493793244 0.6777178906964781 0.08363400532964975 0.15688892857090542
3 0.5870017417490947 0.5311658697729666 0.06893650969514024 0.1392853860024581
3 0.7067124962759463 0.40049964286185036 0.1029224725657059 0.2432667142850865
3 0.3115411601867269 0.15302408441766716 0.17585243929691713 0.20013139971025848
0 0.6506548530423283 0.8831193805958009 0.11312602940814334 0.19417934704113374
0 0.498980506935246 0.7154896572903431 0.09972038985304815 0.1745167142850865
0 0.32643867144193267 0.7713220714305591 0.14148791875634667 0.23700107792118388
0 0.2964860658010714 0.35205945057911686 0.13525121882089117 0.19248390403953866
0 0.14957196856846858 0.12249083441656872 0.18916104604253775 0.21771069913297234