0 0.01942210240049787 0.8528328872763568 0.03884420480099574 0.14047399467515587
0 0.03675961251427722 0.582330240371929 0.07351922502855444 0.14417329275896565
0 0.023311666210771458 0.43221780875234694 0.046623332421542915 0.1575926004425742
3 0.09949666484308582 0.7066247622527962 0.1120047813092651 0.19599869126650163
3 0.2841197566880034 0.08993602823675326 0.06643320554267579 0.09871032587101204
3 0.2759963144238855 0.2552623070832696 0.0813124699279219 0.1235008921139529
3 0.12145591695901334 0.3889483941948847 0.06963306676776067 0.14320327138419503
3 0.5642769226212525 0.8727732877705822 0.09233869171077376 0.12180556733052804
2 0.49640641365547367 0.4791798246514859 0.04477927536950356 0.07784392095104506
2 0.46059832317824173 0.5580973775446193 0.04112194467239192 0.09019841774482952
1 0.5863328800353833 0.7229099699245334 0.13768625912932747 0.1795591004614225