3 0.17865138185456533 0.76671168331749 0.1355061435523325 0.14741173014987635
3 0.7065204483010817 0.6326725748030054 0.08169334914016023 0.12057205068600815
3 0.48086590405027085 0.5185381426323054 0.05229835787114136 0.08341958781028798
3 0.5239081595412819 0.5593979821128404 0.05297567282388387 0.068263322065185
3 0.6039804657630437 0.571916240694816 0.0835350578065967 0.13041578494090517
0 0.20680963201592661 0.6526842834221814 0.10333337450553562 0.11001624320880647
0 0.43696184155546114 0.6388240420144863 0.06825536531524029 0.09933955350304523
0 0.32907941328609674 0.6280415796415644 0.09348177520401417 0.1063878812023044
0 0.3402286128077685 0.7177117972559677 0.08250004117220229 0.10819356271868294
0 0.6622472987736545 0.7899462977897542 0.08027403069502523 0.14949569328732523
0 0.7633964777092251 0.8208415207868326 0.08699206525069611 0.14524214233958838
0 0.8471978455982291 0.8086289316988904 0.0874753145844895 0.12591920992781871
1 0.5312788236341848 0.6577660691586018 0.05388514180613634 0.14718696466650194
0 0.07856200789940529 0.893307708911893 0.082344063963814 0.19394013773176938