0 0.6528619841290119 0.5982448805135898 0.11587930639922853 0.2139310316540114
0 0.49881717055111097 0.15890192253998306 0.07081949248527779 0.12430532633252642
0 0.24884659414157378 0.32694247541120974 0.08876190442382724 0.12091807730963654
0 0.4419794827777156 0.48653781089200615 0.07729519908783955 0.10473330747756886
0 0.3579661264794439 0.5821157661812839 0.08666298834808654 0.1498579959627307
0 0.46852477972212897 0.7456790772880848 0.08574283730108034 0.16988351084483339
0 0.3650179082263882 0.8747320261134216 0.09835598091808653 0.17576498801702073
0 0.22238143912823996 0.927962841472286 0.07729519908783955 0.10473330747756886
0 0.7577519381991351 0.7671227987586465 0.11101761465666679 0.18372979852254173
0 0.8340819799070983 0.46562076508600064 0.10500948463308646 0.16383185805095196
3 0.3975916572951543 0.07490849965637694 0.06744483113765448 0.14981699931275388
3 0.7033844377755243 0.3037013770776006 0.09771060722666679 0.20759605845467902
3 0.6933932445122222 0.04454476416264941 0.0712235768317285 0.08908952832529882
3 0.8731550528543826 0.1269587388221988 0.15709339859787058 0.1978878074131546
3 0.9015164539854011 0.04099489816598737 0.12671447889185225 0.08198979633197474
3 0.8049892568390741 0.02383911985134382 0.12891037521074067 0.04767823970268764
3 0.7257169004574997 0.4460484023964993 0.09418815298851844 0.11581601778122616
3 0.7800792695048144 0.3438802104753481 0.09598112622385821 0.13329050289912345
1 0.3973434003727775 0.3792814160116277 0.04858226815209892 0.18140574599493786
3 0.546253486746882 0.7712178903491058 0.07010946529842607 0.15335861899240702
3 0.5280392006099994 0.6306140763431818 0.062195218422500094 0.11112508229180883