0 0.08973931054172163 0.08010333813215186 0.10294907269479496 0.15891905682293614
0 0.10681304972106077 0.27841226129362995 0.10320782685339355 0.16447461237849165
0 0.09008542101139591 0.4740406724252489 0.0932268504725727 0.15829602851400704
0 0.5336129434802851 0.138205089454902 0.0874448850282434 0.153078901226365
0 0.6196841543977627 0.021070492153725518 0.0911872467600301 0.042140984307451036
0 0.6861034522567967 0.07782866680611868 0.09335622755187198 0.15565733361223735
0 0.6400436061041839 0.3356343628809302 0.09510090340883405 0.16880169922480645
0 0.49340166602522983 0.36234089862597785 0.11128240602812822 0.1594530810877324
0 0.9267140404397043 0.40934912674623436 0.11118728793223245 0.18714185482137757
0 0.4417081727823615 0.8330044855748316 0.11406209851948464 0.18940319624297658
0 0.12629910321170582 0.8857582884377174 0.0837614676953705 0.13345644869365508
3 0.1834985753180974 0.6833820933595827 0.061666707838868955 0.10503805469833086
3 0.549893187761621 0.6211296428858523 0.07484593750519035 0.1204224244288587
3 0.8191494136583581 0.2659975159427402 0.07969183383817847 0.1352727698945903
3 0.7382380711347294 0.2787986393913274 0.10702062126556579 0.1868748426889794
3 0.4368377968948746 0.22402947152290603 0.08573063872752758 0.11627334567080941