0 0.05277777777777778 0.06666666666666667 0.10555555555555556 0.13333333333333333
0 0.5930555555555556 0.1951388888888889 0.1111111111111111 0.20277777777777778
0 0.7076388888888889 0.3145833333333333 0.09027777777777778 0.19027777777777777
0 0.8041666666666667 0.3173611111111111 0.08888888888888889 0.15069444444444444
0 0.28194444444444444 0.7111111111111111 0.10555555555555556 0.20277777777777778
0 0.3298611111111111 0.9368055555555556 0.10694444444444444 0.12569444444444444
0 0.47430555555555554 0.9333333333333333 0.10416666666666667 0.13333333333333333
3 0.10069444444444445 0.35555555555555557 0.1736111111111111 0.20277777777777778
3 0.46597222222222223 0.5666666666666667 0.15138888888888888 0.25416666666666665
3 0.5541666666666667 0.7861111111111111 0.08333333333333333 0.15555555555555556
3 0.7263888888888889 0.5923611111111111 0.05555555555555555 0.09375
1 0.6826388888888889 0.5430555555555555 0.05694444444444444 0.2520833333333333
3 0.8854166666666666 0.19027777777777777 0.059722222222222225 0.11388888888888889
3 0.1125 0.5888888888888889 0.12222222222222222 0.19027777777777777
3 0.8791666666666667 0.3541666666666667 0.05 0.10625