1 0.6269443826861409 0.15208333333333332 0.09406588677443956 0.14097222222222222
1 0.700739985848308 0.2972222222222222 0.08595513390272282 0.08611111111111111
0 0.6111012287517008 0.9097222222222222 0.16231742266252272 0.175
0 0.495540011399814 0.7965277777777777 0.1072470311543395 0.18541666666666667
0 0.5189704598870264 0.5916666666666667 0.09383947688566584 0.1361111111111111
3 0.7290769839199893 0.6430555555555556 0.13964621008991002 0.225
3 0.6168339262955151 0.41388888888888886 0.09290340777432454 0.14583333333333334
3 0.5146099334624223 0.08888888888888889 0.0994920652506958 0.13819444444444445
3 0.41442533848086066 0.19722222222222222 0.12148979229772294 0.16319444444444445
3 0.286175696720255 0.2520833333333333 0.10204343313969985 0.13333333333333333
0 0.4125133000645445 0.044444444444444446 0.06340946898225232 0.07916666666666666