2 0.039058613192042846 0.21470103427096568 0.029942683766483284 0.02273132828262858
2 0.06455905336153314 0.22070508802259348 0.028456792740117327 0.019929307359117212
1 0.8989814186816288 0.48264289970513247 0.058633190235459806 0.24809497546863307
3 0.4411507675776406 0.20156841449909746 0.09503088251415445 0.13768691558379745
3 0.4152116346045105 0.04893961038675733 0.0834656196798679 0.08473943578588419
3 0.33382934825797594 0.13090320598614025 0.07904323080982742 0.15684044227943825
3 0.8466356958402191 0.8076221713504348 0.08571431094636953 0.18888185930681706
3 0.6850947129777327 0.638034205622865 0.11531748723168296 0.20189096536722356
3 0.294481823526202 0.7403102673138253 0.13525136760836035 0.33549097330362687
3 0.22040116064724136 0.5534874981946076 0.08250002354994473 0.17633337301534988
3 0.12671287857566096 0.6296773499268323 0.15029985690212652 0.24969502308705308
0 0.6377313539192808 0.9533874051205771 0.1313911073987989 0.09322518975884578
0 0.5574381878718014 0.6323316139931483 0.09110672119118071 0.14455863059104104
0 0.4268275228176667 0.5918340707040084 0.08547841403251716 0.14237832467477302
0 0.3604408583261741 0.443363326476504 0.12477295357584318 0.19442177849847014
0 0.20833991232574295 0.2621273856406473 0.11009483072745654 0.2510753051941109
0 0.07789460520477648 0.11740256782050672 0.12792109779900052 0.16532784126900435
0 0.049080117082712434 0.44538992712805625 0.09816023416542487 0.3081409653672236
1 0.8732296815536125 0.28485096355816986 0.05793653316859175 0.18839699639214444
1 0.5396295334673553 0.7244381720740561 0.10891977140304335 0.13792934704113374