0 0.6338449218569037 0.6450042476130142 0.12184742700590082 0.20615400594100936
0 0.492990666365614 0.19414157030202334 0.07427897934541663 0.11954189808331266
0 0.23871090456888636 0.3449268473725269 0.0920797748627908 0.11489088238206004
0 0.4267253711254076 0.5183264034939018 0.08016798934596668 0.09948381512129237
0 0.3401224574113595 0.6081688023198407 0.09083055731410172 0.1440252266779794
0 0.4456436122436669 0.7797521711931747 0.09049710286910731 0.16414795438149446
0 0.33861656113585503 0.9017571904661035 0.10325186290728885 0.16915451616096927
0 0.19476623699906162 0.9450722980408904 0.08016798934596651 0.09948381512129237
0 0.733555761095474 0.8215133723389544 0.11611580581897682 0.1762444112737771
0 0.8185041735778182 0.5248719797369346 0.10954121011069509 0.15673532208783772
3 0.3945772506158519 0.09881780083458835 0.07189563294602029 0.1535211923049693
3 0.6928441298566219 0.3535229480515196 0.10353711141216372 0.20108279942003976
3 0.6912083054426608 0.06768141565883035 0.07518883662463623 0.1353628313176607
3 0.867369010503507 0.18839724195491456 0.16249505351984161 0.18719439705777682
3 0.8990685129908 0.07351492669216725 0.13059881501551665 0.1347716788315952
3 0.8034112452888352 0.049843549579194235 0.13206639831121833 0.09968709915838847
3 0.7109685617379603 0.49766841056655003 0.09734417608899612 0.10939997156799942
3 0.7681834901260914 0.3991456994483686 0.09964292225710444 0.1267772438644842
1 0.3853262354901899 0.40776477268549755 0.05376138298365163 0.178294935709737
3 0.5224416970721254 0.8107835086640035 0.07441865068561652 0.14869240356460567
3 0.5083747489839472 0.6686728959261852 0.06529054877104525 0.1069449309710704