0 0.08848076622766068 0.8933638209217593 0.1047465645729974 0.1947209636943828
0 0.4766752106721051 0.8973633850044447 0.12593142351946843 0.20527322999111056
0 0.8145978885226846 0.8151641478360809 0.13804353318773036 0.19341347230623473
0 0.7545780793611041 0.5978826923313587 0.08340412517925763 0.16506939581197536
0 0.9406697913046729 0.4739038880416675 0.1186604173906542 0.18068718507222237
0 0.842941009017442 0.21190263010546365 0.1127404938660599 0.17547047973623467
0 0.6115678556974972 0.3585389064486425 0.10827078787772279 0.15801238838197534
0 0.4218664610350143 0.5859737695866979 0.11790815908987722 0.15337756450487663
3 0.5710504404703846 0.8608635291269447 0.08004960389466792 0.21150019334660516
1 0.17437368902716907 0.8828680792801544 0.06377082755973934 0.2333344945962346
3 0.20465941558013598 0.629509581306389 0.09885160497717094 0.1751472122590741
2 0.438188992062132 0.20872938314623493 0.0487252972577077 0.08721022053345683
0 0.0991734350622627 0.39242750650089514 0.06699904112486589 0.10013046825376554