0 0.15066499020135468 0.35931913227352297 0.11991852957395553 0.16870198109010615
0 0.24005166239694262 0.7877473757454423 0.16369015930393607 0.2356029770130473
0 0.18984695210822772 0.035837306269321995 0.08419498467243346 0.06991310295699363
0 0.34944426755143837 0.13193371298126394 0.08246673551407492 0.11641663977722574
0 0.4936250932209884 0.09803972347518468 0.08992070003488221 0.1261792635953574
0 0.6443500261321263 0.07182502445390371 0.08045323785084153 0.13098381247219532
0 0.7229521016135185 0.16258762138259442 0.07453373938359802 0.12400704675102338
0 0.7440480943774291 0.3565194285641868 0.12210218704408236 0.2103686477567728
0 0.7783473903224974 0.5901234525901131 0.11651614302183318 0.18326107346589393
0 0.9058094311287069 0.6499107803709879 0.11217341072379806 0.1533838017164189
3 0.28321632594671775 0.29548726862410474 0.12978042313637755 0.19791712967186414
3 0.3720020126658623 0.8149119752757918 0.10792804965031845 0.1783514804396917
1 0.3618686009361499 0.610624103821397 0.08636092466913428 0.19072219533278137
3 0.7824098205958161 0.777704255781932 0.0816178551682425 0.15320603469441746