1 0.6333333333333333 0.16180555555555556 0.030555555555555555 0.16527777777777777
1 0.6423611111111112 0.7048611111111112 0.07083333333333333 0.18055555555555555
3 0.5604166666666667 0.6875 0.0763888888888889 0.15555555555555556
3 0.5618055555555556 0.5409722222222222 0.0625 0.13819444444444445
3 0.6875 0.4125 0.09166666666666666 0.24166666666666667
3 0.30416666666666664 0.15833333333333333 0.16666666666666666 0.19722222222222222
0 0.6090277777777777 0.89375 0.10416666666666667 0.19236111111111112
0 0.4652777777777778 0.7236111111111111 0.09166666666666666 0.17291666666666666
0 0.2902777777777778 0.7763888888888889 0.13055555555555556 0.23472222222222222
0 0.2798611111111111 0.35694444444444445 0.12638888888888888 0.19027777777777777
0 0.14375 0.125 0.17916666666666667 0.21458333333333332