0 0.05852381304382255 0.4693089397896851 0.1170476260876451 0.18798641733850066
0 0.06633263424109592 0.7657530146635494 0.13266526848219184 0.16959440996217204
0 0.2160664451346301 0.7452697739113977 0.11110981506862261 0.15084358985961235
0 0.5479274039281671 0.4844378731354035 0.10237201390563655 0.14326768317429842
0 0.7877191722891174 0.43913485884892706 0.11534367703314988 0.17605407727323535
0 0.8721152281626405 0.16373624492713879 0.1268592559739138 0.18384047137217246
3 0.3287836733600148 0.9101986892618338 0.10536507584506628 0.17960262147633255
3 0.5701385199672964 0.749779453219316 0.08686525369813707 0.11443746832840482
3 0.7892649432395653 0.640134674063637 0.0869324489959979 0.13933222462159323
3 0.7360435468916579 0.7874613198901111 0.14008729806728865 0.19728766473347656
3 0.5841243136755109 0.2821129713379394 0.07276043262635218 0.13341867644236638
3 0.6415218179090966 0.4343342696337115 0.08156542908719884 0.16588933942086864
3 0.48445603311575636 0.42452506409733665 0.1329275694611921 0.14558304472415307
3 0.6924869876087166 0.5532852167997253 0.119321160031816 0.2206037654244914
3 0.8043845429132956 0.296710765534241 0.08102657066182467 0.10915538239004736
1 0.8947706107931437 0.34959542722395 0.09719352964359397 0.1968028876000956