0 0.6153593193649526 0.03227849776657082 0.052237623309915195 0.06455699553314163
0 0.7361547980002976 0.2951556107459362 0.06833803501506819 0.08160409320105658
0 0.926448218109878 0.5166840761928013 0.085543560107109 0.13968227771336358
0 0.7893471328479842 0.6515901013828717 0.12636019631026063 0.1996878203410369
0 0.616757001451609 0.24477254367985302 0.06635549462852579 0.1187639711806978
0 0.5344540890520237 0.12708516711756637 0.07869370749666492 0.1170065594639963
0 0.48309324472051873 0.24946313533472647 0.08062210283217203 0.10264997414423552
0 0.42360620604080895 0.16723502665028728 0.067960315700311 0.09885183030538143
0 0.4160002667796061 0.08422761493358577 0.06433315548026271 0.08404174895847558
0 0.33262158159300537 0.29353859850530006 0.08175461275519945 0.12209441858867996
0 0.33866740361444625 0.08293767042472709 0.07073809347808878 0.09907857831895392