1 0.04645443838727603 0.574238359239656 0.09290887677455206 0.18960454019412004
1 0.25020896259725306 0.04625190293221357 0.06902651924993834 0.09250380586442714
1 0.37913201739314806 0.10527028981914874 0.08921447889185193 0.13684209223471314
1 0.48980439488428984 0.23882411765209086 0.08399835418731495 0.151199054026022
1 0.11052400396916641 0.28896790117473237 0.125084300657994 0.1875624699279219
1 0.06634049603225295 0.16033650372638508 0.11027409945919765 0.14741320773952724
1 0.19631475076037025 0.1501839578204512 0.05473354601459882 0.08617830742701053
1 0.25504984591435165 0.249777204191515 0.09296205910111123 0.17862194467239206
1 0.27707346259867244 0.4958675687036147 0.08151151713898162 0.16358586825500968
1 0.378653989448055 0.6027342134017665 0.08162466075598773 0.1684469793661208
1 0.41516337859111035 0.8822298339510765 0.11298838500444457 0.20441424506947783