0 0.01942210240049787 0.8526103623152481 0.03884420480099574 0.1408543100632326
0 0.03675961251427722 0.5820470267850634 0.07351922502855444 0.14470735266562654
0 0.023311666210771458 0.43203169696669247 0.046623332421542915 0.1579324567468128
3 0.09949666484308582 0.7058762692017945 0.1120047813092651 0.1966055775240706
3 0.2841197566880034 0.0882569762574789 0.06643320554267579 0.09907445762555343
3 0.2759963144238855 0.2535913469207628 0.0813124699279219 0.12394594203617022
3 0.12145591695901334 0.38814730433489353 0.06963306676776067 0.1435754949555041
3 0.5642769226212525 0.8692735770186006 0.09233869171077376 0.12231535178688596
2 0.49640641365547367 0.47616966881394346 0.04477927536950356 0.07808667545407262
2 0.46059832317824173 0.5552773794011151 0.04112194467239192 0.09041689679755444
1 0.5863328800353833 0.7193172032797245 0.13768625912932747 0.18031973123757566