2 0.04652777777777778 0.21388888888888888 0.029166666666666667 0.022222222222222223
2 0.07222222222222222 0.21944444444444444 0.027777777777777776 0.019444444444444445
1 0.9152777777777777 0.4666666666666667 0.05 0.24722222222222223
3 0.4479166666666667 0.19375 0.09027777777777778 0.1361111111111111
3 0.4166666666666667 0.041666666666666664 0.08055555555555556 0.08333333333333333
3 0.33819444444444446 0.125 0.07361111111111111 0.15555555555555556
3 0.8743055555555556 0.7923611111111111 0.07916666666666666 0.1875
3 0.7069444444444445 0.6256944444444444 0.10833333333333334 0.2
3 0.32013888888888886 0.7347222222222223 0.12361111111111112 0.3333333333333333
3 0.23958333333333334 0.5493055555555556 0.0763888888888889 0.175
3 0.1486111111111111 0.6270833333333333 0.14166666666666666 0.24722222222222223
0 0.6708333333333333 0.9479166666666666 0.12777777777777777 0.10347222222222222
0 0.5791666666666667 0.6222222222222222 0.08611111111111111 0.14305555555555555
0 0.44722222222222224 0.5840277777777778 0.08055555555555556 0.14097222222222222
0 0.37569444444444444 0.43680555555555556 0.11805555555555555 0.19236111111111112
0 0.21736111111111112 0.25833333333333336 0.10138888888888889 0.24930555555555556
0 0.08194444444444444 0.11597222222222223 0.12222222222222222 0.16319444444444445
0 0.05416666666666667 0.4444444444444444 0.10833333333333334 0.30625
1 0.8826388888888889 0.26944444444444443 0.05138888888888889 0.1875
1 0.5645833333333333 0.7145833333333333 0.10416666666666667 0.1361111111111111