3 0.09242984235264966 0.7857972419807558 0.13788906299167417 0.14212714529852866
3 0.629981541577456 0.7230729526665723 0.08368722050777283 0.1174467585696195
3 0.41908148536975365 0.5795188300685941 0.05368434162667673 0.08143076555440448
3 0.45720557817972857 0.6258715864327031 0.0540941860301056 0.0662176763162762
3 0.535126188228537 0.6490032776371777 0.0856991377055907 0.12723366933149155
0 0.13288349921660136 0.6762386558212364 0.10510840633280039 0.10598177520401417
0 0.36234409212911517 0.6931946091332537 0.06989666186784815 0.09672567282388403
0 0.2566902063245953 0.6680747026913416 0.09520817602231273 0.1027511776486888
0 0.25784938790041234 0.7586759231673678 0.08427507299946704 0.10501144710926932
0 0.568802207833967 0.8734572544773129 0.08277852765678233 0.14648404815698718
0 0.6655711481317397 0.9176658183955964 0.08941145794676213 0.1419463797441242
0 0.749910440063982 0.9167183639332892 0.08955429021779272 0.12256662383932924
1 0.4536640688240825 0.7246120746231136 0.05638963876789344 0.14525496590364387
0 0.011083386801196618 0.8982420240784936 0.022166773602393237 0.19092849260143163