1 0.6229643621918702 0.21350410265008724 0.04114703680735043 0.16777200592707536
1 0.5971915587137507 0.7572965892497534 0.08240385907058823 0.18633762990165445
3 0.5163596648209654 0.7332464117382533 0.08635734183175461 0.16179112592879946
3 0.5271384803658573 0.5868320079672619 0.07135590239120657 0.14329627474982595
3 0.6610657988925792 0.4686201333591956 0.10715337034576164 0.2491493511145595
3 0.29402020563553544 0.18316224081952287 0.17930524093351433 0.21082710303657265
0 0.5517536753783661 0.921516210582866 0.11649372677904984 0.15696757883426798
0 0.4189066707846255 0.7615914033845061 0.10274767016119155 0.1803993511145595
0 0.24052451710758177 0.800084056307216 0.1455972390139869 0.24537937886012995
0 0.25698707176899954 0.37978930681187456 0.13858244293507294 0.2005948123953268
0 0.1357396360280543 0.13673420970237724 0.1929177914851734 0.22920858020876006