1 0.6269443826861409 0.17422407121247616 0.09406588677443956 0.1440277895527502
1 0.700739985848308 0.32217602208820034 0.08595513390272282 0.08897267416668483
0 0.6111012287517008 0.9211750828743579 0.16231742266252272 0.1576498342512843
0 0.495540011399814 0.8151279376390073 0.1072470311543395 0.188860242547103
0 0.5189704598870264 0.6107518372152815 0.09383947688566584 0.13916667844163916
3 0.7290769839199893 0.6695613896211668 0.13964621008991002 0.22951059939268406
3 0.6168339262955151 0.43610237837113947 0.09290340777432454 0.1488403995951226
3 0.5146099334624223 0.10700403806273304 0.0994920652506958 0.1414440160499265
3 0.41442533848086066 0.2120150481874765 0.12148979229772294 0.16717153208100466
3 0.286175696720255 0.26248681257774986 0.10204343313969985 0.13667990707629246
0 0.4125133000645445 0.058922013462898194 0.06340946898225232 0.08125221262242381