3 0.7506944444444444 0.5416666666666666 0.04027777777777778 0.08125
3 0.7041666666666667 0.5208333333333334 0.04722222222222222 0.05416666666666667
1 0.63125 0.8506944444444444 0.07083333333333333 0.09166666666666666
3 0.7069444444444445 0.9111111111111111 0.075 0.16319444444444445
3 0.6076388888888888 0.45902777777777776 0.06805555555555555 0.11875
1 0.4534722222222222 0.39166666666666666 0.06805555555555555 0.09166666666666666
3 0.3902777777777778 0.38125 0.04722222222222222 0.08611111111111111
3 0.29375 0.425 0.0763888888888889 0.09375
0 0.6152777777777778 0.2125 0.06944444444444445 0.1284722222222222
0 0.7097222222222223 0.4395833333333333 0.058333333333333334 0.08888888888888889
0 0.6673611111111111 0.3347222222222222 0.05694444444444444 0.09166666666666666
0 0.58125 0.3368055555555556 0.059722222222222225 0.09166666666666666
0 0.5180555555555556 0.36180555555555555 0.04722222222222222 0.10138888888888889
0 0.5006944444444444 0.27152777777777776 0.059722222222222225 0.09375
0 0.21666666666666667 0.0875 0.06666666666666667 0.10625