1 0.7759761751659863 0.41252959900742575 0.1248440227916117 0.09385446295065852
0 0.14047769046796832 0.3551880841721015 0.07623482639407923 0.12051142847299146
0 0.21654888079934476 0.4424551833558924 0.07565262953723233 0.10801142847299146
0 0.2773517639903308 0.42488808554202107 0.06073063872752758 0.11467127287642032
0 0.19527219832585116 0.32754274795947713 0.062473399870911016 0.09262705874246345
0 0.36358661097051104 0.596583480702187 0.09858642569560061 0.12471327095689289
0 0.7273823994075884 0.9226388705508397 0.10760090340883405 0.15472225889832064
0 0.4220570831679639 0.9613304277183057 0.09625955298179194 0.07733914456338861
3 0.483970953953454 0.654148824453469 0.11477175774205221 0.1749088669537757
3 0.6168838117790647 0.6536654349124333 0.12181514970954971 0.2072093275747512
3 0.7434725104276383 0.7552477907961135 0.11441597077397919 0.1672699780648868
1 0.28229298428022614 0.9075125800254298 0.1507877507572675 0.18497483994914035
3 0.8875098823594104 0.9346878566014529 0.1403539545988988 0.13062428679709417