0 0.3701388888888889 0.8763888888888889 0.07083333333333333 0.14305555555555555
0 0.17916666666666667 0.9256944444444445 0.11666666666666667 0.14791666666666667
0 0.1527777777777778 0.46041666666666664 0.06111111111111111 0.08611111111111111
0 0.23680555555555555 0.42083333333333334 0.043055555555555555 0.06666666666666667
0 0.34444444444444444 0.3875 0.03333333333333333 0.05416666666666667
0 0.35 0.4444444444444444 0.03333333333333333 0.049305555555555554
0 0.36666666666666664 0.5013888888888889 0.027777777777777776 0.05416666666666667
0 0.37222222222222223 0.6347222222222222 0.03611111111111111 0.07430555555555556
0 0.1388888888888889 0.2638888888888889 0.044444444444444446 0.05416666666666667
0 0.10625 0.2923611111111111 0.043055555555555555 0.08125
3 0.4479166666666667 0.6361111111111111 0.04861111111111111 0.08611111111111111
3 0.40208333333333335 0.7125 0.05138888888888889 0.07152777777777777
3 0.05486111111111111 0.6888888888888889 0.08472222222222223 0.09375