0 0.42099959814142474 0.1741803270791943 0.03026786474004742 0.06272898242972175
0 0.12017312425917029 0.2965737776522895 0.07069772816198372 0.11981466660392254
0 0.6927549600007777 0.4064930496193841 0.052644535800417065 0.08481616603497837
0 0.7204454852563076 0.3760855829276198 0.04394334871129375 0.07530302686161734
0 0.8745708888558391 0.40316077108442966 0.0984035832358845 0.13666986891734578
0 0.9268581743308595 0.2816055967705122 0.1063124699279219 0.12673856364626218
0 0.833334545872884 0.2705897255146458 0.041322382965652577 0.06198724206827709
0 0.8709477316438962 0.2699960740169923 0.029318752310825227 0.05643853564675649
0 0.7230770544323425 0.3115022495942864 0.029701935884985965 0.04884009354083289
0 0.720718996907883 0.23270645310834207 0.034647936324356324 0.051206554354923065
0 0.7791914492609929 0.19852308931149387 0.03520089855503557 0.047774778915666144
0 0.49653729243884565 0.5753526357639428 0.046309646472157816 0.0823688116549576
3 0.88727253968865 0.6551899593667279 0.10912914757884601 0.1788623437625609