0 0.25083760533605254 0.44300512589293084 0.07163844913333846 0.12650250371313093
0 0.2851824815996441 0.3016046322583048 0.06140712085070987 0.09722270874884818
0 0.3987648163758267 0.32250971787256816 0.06591319155764744 0.11671563674941375
0 0.47264611688104363 0.2973395388995181 0.06704752741633323 0.10214846460145416
0 0.46336536327282196 0.402329939493619 0.06457278896022589 0.11947725334181787
0 0.439776557716168 0.5630536686823866 0.05866570779153256 0.09927371971143405
0 0.19757108946104904 0.7339616734564051 0.09077985425611246 0.1093676491972518
0 0.1444242121149544 0.9123939792418191 0.09850007936403324 0.153892899568565
0 0.059165486287073556 0.6438868835490509 0.07533237445819922 0.09946765393591872
0 0.5405773023084125 0.05066582392675085 0.05024752344813142 0.0943156414880805
0 0.4173799018745324 0.19518396675862884 0.037662672438063774 0.08930907970860587