0 0.40481681593466967 0.45734595126752764 0.06665955912723152 0.12255199759873503
0 0.15866785295992275 0.5584292212098222 0.05705046520262545 0.13170796485944358
0 0.48957476621402063 0.040992839399239915 0.06501209127236317 0.08198567879847983
0 0.7244789498550336 0.4796722065427621 0.08797772802177677 0.16543206775435965
0 0.47638967158218737 0.8667856940302373 0.08953630935708992 0.18009629465362373
0 0.7823051519555979 0.2812975750166519 0.05673532208783772 0.10462463152611023
0 0.05720915789660742 0.21249379888720935 0.048111087417777296 0.07913927013052699
0 0.11221523314945618 0.2564802784722102 0.03699997630666619 0.07849212160308272
0 0.16552487046468933 0.3866183159512876 0.032776745491191445 0.07338832979417999
3 0.08310172494521634 0.671090360320439 0.07499289246056494 0.12303735899431827
3 0.32331777714125454 0.3045606763344707 0.04408987141947417 0.09139658943273538