0 0.5017820355445373 0.32004015063591873 0.062195218422500094 0.11042618460218191
1 0.23707984658645131 0.8326090409376822 0.03609727026305565 0.1210808937314501
1 0.39077545288543264 0.7040003322565942 0.07944260528515439 0.07696652981782866
0 0.5122853253950004 0.6223662853996115 0.06387504804083335 0.12302330517432568
0 0.6380825563970995 0.9266453201501905 0.07167615129975312 0.14670935969961899
0 0.7848948879583647 0.6282560333814167 0.04808004229959882 0.09973275665852208
0 0.8388923726775926 0.23753613052506908 0.03477187360669771 0.0641364492870059
0 0.40468679778737676 0.19954706284125384 0.03882539665635818 0.059566699892326054
0 0.28976635612882734 0.29620148560621684 0.037598141506049385 0.06641402376462682
3 0.5282119606529019 0.7704625927711277 0.04888704972959883 0.07482987723066559
1 0.6397733237062351 0.6784264796869162 0.07915166455570986 0.06446652981782866
1 0.7321661809336117 0.6564613357983262 0.060111304457716286 0.08046795291892705