2 0.90625 0.7923611111111111 0.02638888888888889 0.049305555555555554
3 0.7736111111111111 0.8951388888888889 0.044444444444444446 0.0763888888888889
3 0.6576388888888889 0.8604166666666667 0.05694444444444444 0.1111111111111111
3 0.37569444444444444 0.7270833333333333 0.059722222222222225 0.09652777777777778
0 0.10208333333333333 0.8826388888888889 0.09861111111111111 0.13055555555555556
0 0.3402777777777778 0.075 0.030555555555555555 0.04722222222222222
0 0.4708333333333333 0.08611111111111111 0.041666666666666664 0.06944444444444445
0 0.3472222222222222 0.5965277777777778 0.05555555555555555 0.0763888888888889
0 0.8777777777777778 0.6861111111111111 0.044444444444444446 0.08888888888888889
0 0.7986111111111112 0.8076388888888889 0.05555555555555555 0.11875
0 0.5666666666666667 0.5861111111111111 0.04722222222222222 0.10625
0 0.3472222222222222 0.37777777777777777 0.05277777777777778 0.09861111111111111