3 0.1264131811030559 0.4235038023825146 0.05410317443413584 0.05909497409367725
3 0.4082502882450006 0.7284591937127274 0.046109271951821046 0.07333875011397374
0 0.05903068093503099 0.15156927097580059 0.03721022053345682 0.0486936372453815
0 0.283661245862099 0.2640963548790029 0.020074816024907387 0.027875633730419087
0 0.30397851249487673 0.30238865527608866 0.02296573741969136 0.032849930612542426
0 0.32033923632114225 0.34953895479443386 0.02863443659225311 0.03793741326567799
0 0.34663288686123495 0.4359459969574578 0.030540553444598748 0.06021622837340633
0 0.373428182622377 0.5737136315666174 0.04783759169172852 0.08797867633281334
0 0.3630617479716364 0.664870962263729 0.05617092502506185 0.08831823364585002
0 0.3585752976165131 0.8298091827284698 0.07664982539641979 0.13355497848738007
0 0.32977748539132773 0.6954288810132733 0.05491134312703715 0.09381719631589931
0 0.16112736879172906 0.841883585432736 0.0746952184225001 0.10919283004631855
0 0.10508517012608086 0.7292880926740833 0.07568002296493835 0.0918883118207134
0 0.249478221291698 0.583926346091597 0.0633578200773766 0.09901786474004742
0 0.2046400495601545 0.26712056040515375 0.03159001148246921 0.045689487925579184
0 0.14977951908049406 0.29471795609601986 0.04581833122237661 0.060838750113973813