0 0.19583333333333333 0.20972222222222223 0.14722222222222223 0.26180555555555557
0 0.34375 0.1111111111111111 0.12638888888888888 0.17777777777777778
0 0.34791666666666665 0.28888888888888886 0.14027777777777778 0.2222222222222222
0 0.2361111111111111 0.4013888888888889 0.125 0.24444444444444444
0 0.12777777777777777 0.3902777777777778 0.11944444444444445 0.18263888888888888
0 0.21597222222222223 0.6506944444444445 0.1763888888888889 0.31875
0 0.3055555555555556 0.8666666666666667 0.125 0.24166666666666667
0 0.3590277777777778 0.5013888888888889 0.13472222222222222 0.24722222222222223
0 0.4986111111111111 0.7319444444444444 0.14444444444444443 0.2791666666666667
0 0.5395833333333333 0.5381944444444444 0.09305555555555556 0.19236111111111112
0 0.7118055555555556 0.8458333333333333 0.12638888888888888 0.2590277777777778
0 0.6201388888888889 0.4048611111111111 0.09861111111111111 0.17291666666666666
0 0.5569444444444445 0.2604166666666667 0.1 0.14097222222222222
0 0.5305555555555556 0.375 0.10277777777777777 0.1527777777777778
0 0.4673611111111111 0.2590277777777778 0.0875 0.17291666666666666
0 0.6777777777777778 0.34097222222222223 0.05555555555555555 0.13333333333333333
0 0.6486111111111111 0.23055555555555557 0.08055555555555556 0.12083333333333333
0 0.6347222222222222 0.11458333333333333 0.07222222222222222 0.12569444444444444
0 0.5965277777777778 0.04791666666666667 0.0763888888888889 0.09166666666666666