0 0.3715277777777778 0.60625 0.07083333333333333 0.12569444444444444
0 0.4486111111111111 0.6194444444444445 0.06111111111111111 0.11875
0 0.4840277777777778 0.5638888888888889 0.08194444444444444 0.12083333333333333
0 0.5506944444444445 0.48055555555555557 0.059722222222222225 0.10138888888888889
0 0.5861111111111111 0.4395833333333333 0.075 0.1284722222222222
0 0.6395833333333333 0.5416666666666666 0.05416666666666667 0.10138888888888889
0 0.6756944444444445 0.5902777777777778 0.06527777777777778 0.08402777777777778
0 0.7215277777777778 0.6888888888888889 0.09305555555555556 0.14305555555555555
0 0.7513888888888889 0.8173611111111111 0.09444444444444444 0.14791666666666667
0 0.8041666666666667 0.9541666666666667 0.06944444444444445 0.09166666666666666
0 0.6625 0.9430555555555555 0.11388888888888889 0.10347222222222222
0 0.5493055555555556 0.9638888888888889 0.09027777777777778 0.07152777777777777
0 0.4263888888888889 0.8854166666666666 0.12777777777777777 0.1951388888888889
3 0.45416666666666666 0.7381944444444445 0.08333333333333333 0.08402777777777778
3 0.6111111111111112 0.81875 0.08611111111111111 0.12569444444444444
3 0.6638888888888889 0.675 0.05555555555555555 0.08611111111111111