0 0.16705613419816415 0.14549738627101866 0.07302733802222734 0.12734310857796302
0 0.03826172149933301 0.20358594647067904 0.07298394372155523 0.20439411516358033
0 0.07395524675065997 0.37934562504200625 0.09034856962370219 0.16523102955055563
0 0.1242422893169106 0.7151023031911421 0.10809405627551563 0.22742450607870396
0 0.5379059603121251 0.7913700139294758 0.09368393975335354 0.19724012749043204
0 0.5668551594502234 0.22283071842108074 0.0790556349195888 0.15455574890216056
0 0.6362597243850315 0.2619308924330252 0.05727681890264383 0.09990418101975315
0 0.49227783730080277 0.12599467527709918 0.09160412121105613 0.1576244674093828
0 0.5467424512983446 0.0647877451857412 0.09625055880160037 0.10567044106691367
0 0.1217127557702987 0.25203716573756185 0.06977681890264367 0.10019512174919759
1 0.8947107586559973 0.3144552819121304 0.05440716053272657 0.17411275633216058
1 0.9673728722924608 0.647402436167223 0.06525425541507843 0.13507897771000013