0 0.19705346152979758 0.19945903211262667 0.14874536238800706 0.26952114528333665
0 0.3443964255345506 0.09309593698256571 0.12742316974416987 0.18440153877049548
0 0.34959737305649824 0.2706553490133308 0.14157062884687896 0.2295738690383155
0 0.23844632335467514 0.38901482989150415 0.12642213617601128 0.2509954168548246
0 0.13004834746788674 0.3835812282027225 0.12050700641686199 0.1888987069699188
0 0.21975785175893414 0.6393758198909543 0.17824332214113092 0.32799414995686976
0 0.3105976747250502 0.8506531785524041 0.1264059755376475 0.24821763907704686
0 0.3619447730024373 0.4825730403546304 0.13616051903659734 0.2542827147089652
0 0.5028694393199632 0.7058133433852614 0.1460685886000028 0.28673667922977253
0 0.5427144570163127 0.5099160802063035 0.0941746797622462 0.19723794612772738
0 0.716726469937322 0.8085291848853353 0.1278958684163099 0.26565153877049535
0 0.6224943019304077 0.37236100909739184 0.09961711084925548 0.17808465601263318
0 0.5584595042910474 0.2312284451493062 0.10082015239696097 0.14621300015052638
0 0.5327372417346637 0.3471947615470532 0.10366661288778498 0.15816413287075698
0 0.4688680906385322 0.23453441982118978 0.08850599973814437 0.17750234735393278
0 0.6797614961369299 0.3054513940414943 0.056331266197016325 0.13624487662683563
0 0.6499524440953035 0.19656328760391636 0.08125854332437919 0.12505507110891165
0 0.6353888485547274 0.08131895120506968 0.07295349110818247 0.12947945072599742
0 0.5968065487895527 0.032244494950151 0.07692218995489321 0.064488989900302