3 0.11666666666666667 0.41875 0.05277777777777778 0.05694444444444444
3 0.39166666666666666 0.7125 0.044444444444444446 0.07152777777777777
0 0.05555555555555555 0.14930555555555555 0.03611111111111111 0.04722222222222222
0 0.2777777777777778 0.25277777777777777 0.019444444444444445 0.027083333333333334
0 0.2972222222222222 0.2902777777777778 0.022222222222222223 0.03194444444444444
0 0.3125 0.3368055555555556 0.027777777777777776 0.03680555555555556
0 0.3368055555555556 0.4222222222222222 0.029166666666666667 0.059027777777777776
0 0.36041666666666666 0.5590277777777778 0.04583333333333333 0.08611111111111111
0 0.34791666666666665 0.6506944444444445 0.05416666666666667 0.08611111111111111
0 0.33958333333333335 0.8159722222222222 0.07361111111111111 0.13055555555555556
0 0.3138888888888889 0.6826388888888889 0.05277777777777778 0.09166666666666666
0 0.14166666666666666 0.8361111111111111 0.07222222222222222 0.10625
0 0.08819444444444445 0.7256944444444444 0.07361111111111111 0.08888888888888889
0 0.2361111111111111 0.5743055555555555 0.06111111111111111 0.09652777777777778
0 0.1986111111111111 0.2590277777777778 0.030555555555555555 0.044444444444444446
0 0.14305555555555555 0.28888888888888886 0.044444444444444446 0.059027777777777776