3 0.44166666666666665 0.6638888888888889 0.044444444444444446 0.044444444444444446
0 0.4027777777777778 0.6194444444444445 0.044444444444444446 0.06388888888888888
0 0.3736111111111111 0.6520833333333333 0.04722222222222222 0.08402777777777778
0 0.4097222222222222 0.7479166666666667 0.06111111111111111 0.11388888888888889
0 0.30972222222222223 0.9701388888888889 0.06666666666666667 0.059027777777777776
0 0.41388888888888886 0.9576388888888889 0.058333333333333334 0.08472222222222223
0 0.2659722222222222 0.7541666666666667 0.05694444444444444 0.08611111111111111
0 0.11458333333333333 0.7361111111111112 0.07083333333333333 0.10347222222222222
0 0.20555555555555555 0.6763888888888889 0.05 0.06388888888888888
0 0.4041666666666667 0.5395833333333333 0.03611111111111111 0.06180555555555556
0 0.37083333333333335 0.4284722222222222 0.030555555555555555 0.052083333333333336
0 0.3076388888888889 0.5555555555555556 0.05416666666666667 0.10347222222222222
0 0.23541666666666666 0.2965277777777778 0.018055555555555554 0.034722222222222224
0 0.1909722222222222 0.3194444444444444 0.043055555555555555 0.05694444444444444
0 0.10208333333333333 0.20972222222222223 0.029166666666666667 0.049305555555555554