3 0.4493917132753089 0.6355856028546807 0.044961602376403675 0.04729257385669175
0 0.40998566645446083 0.5936332716459527 0.04518785897163598 0.0667370183011362
0 0.3811987876440767 0.628141245461629 0.04819997393733281 0.0870539152782906
0 0.41842502054597513 0.7216604736475113 0.06243632831175682 0.11780506683072897
0 0.3210108102057717 0.9502909870472902 0.06735351704505016 0.06329997189614889
0 0.4250320262040748 0.9311156837373354 0.05931916564113082 0.08846039207579678
0 0.27474774588015693 0.7371223922152489 0.05794643793761559 0.08976027692055293
0 0.12314876158140954 0.7287682774701608 0.07203734164367614 0.10801142847299161
0 0.21342605283256144 0.6632162903572448 0.050743414527191534 0.06709303447766722
0 0.41044528718436024 0.513683156490709 0.036830283860241925 0.06411966070300663
0 0.37581905902112867 0.4047081424387834 0.031161600007070293 0.05404142230425338
0 0.3141033630383804 0.5358411597801559 0.05537067497700939 0.10694337994339884
0 0.23886707974395774 0.28144159229728005 0.018459585189898715 0.03587927479594776
0 0.19468929485817982 0.3072063883761941 0.04371816415587849 0.059703569812559074
0 0.10452367232476638 0.20318042497846658 0.029740388747434014 0.051174640482342916