0 0.5333333333333333 0.8479166666666667 0.1361111111111111 0.28888888888888886
0 0.4840277777777778 0.47152777777777777 0.09583333333333334 0.16319444444444445
0 0.6229166666666667 0.475 0.10694444444444444 0.18055555555555555
0 0.5541666666666667 0.3590277777777778 0.09444444444444444 0.14097222222222222
0 0.6083333333333333 0.23680555555555555 0.075 0.10347222222222222
0 0.6673611111111111 0.25833333333333336 0.06527777777777778 0.10138888888888889
0 0.7597222222222222 0.3715277777777778 0.10277777777777777 0.15069444444444444
0 0.7819444444444444 0.5194444444444445 0.11944444444444445 0.15555555555555556
0 0.9083333333333333 0.4409722222222222 0.11944444444444445 0.175
0 0.9013888888888889 0.6236111111111111 0.11944444444444445 0.175
0 0.7381944444444445 0.08888888888888889 0.09305555555555556 0.13819444444444445
3 0.6659722222222222 0.8034722222222223 0.11527777777777778 0.21458333333333332
3 0.8055555555555556 0.7034722222222223 0.12222222222222222 0.1875