0 0.26808387921259125 0.8918874864285761 0.09084273669680304 0.1532545166095089
0 0.4135734598016902 0.158231750587063 0.19756995291586274 0.316463501174126
1 0.5681771750041031 0.7693492057478657 0.3004416745063968 0.36690192193333615
3 0.47285011939005017 0.09513403847020242 0.1292593144369344 0.19026807694040485
3 0.8172162623535411 0.38205213973780755 0.3655674752929179 0.7641042794756151
3 0.5520474226990777 0.4980072753112711 0.1647089307312871 0.2772534830413504
3 0.42479545309984845 0.4897228868982265 0.10545966767906678 0.16583531980132765
3 0.39594486354162484 0.40103196582929374 0.0675825963855538 0.111466645155114
3 0.43064589034049794 0.2939218748416207 0.09700499399683749 0.16370350455290306
3 0.35037411028694354 0.36103295906329086 0.063860844331505 0.11908129308645717
3 0.29579807072032205 0.5710016310205606 0.09397083725319832 0.1831237080398018
3 0.1587243819945679 0.7432687580034806 0.08648753438337987 0.12615502263781164