0 0.5770833333333333 0.5378825448501439 0.0763888888888889 0.12483670536189903
0 0.6965277777777777 0.39692014070895154 0.07916666666666666 0.17220450474879637
0 0.525 0.6927918619013744 0.08888888888888889 0.13035291371404803
0 0.6458333333333334 0.5831522463425197 0.08888888888888889 0.1109084692696036
0 0.4597222222222222 0.8164541318648426 0.10833333333333334 0.20289973164455166
0 0.7368055555555556 0.7400032318189631 0.09861111111111111 0.15794576712374414
0 0.7875 0.9041764473080532 0.11666666666666667 0.1916471053838936
0 0.9159722222222222 0.848004070051619 0.14027777777777778 0.2149905357049824
2 0.9604166666666667 0.6183888602419765 0.07916666666666666 0.14234339363768528
3 0.5833333333333334 0.7812656490262185 0.1 0.1337130001505263
3 0.6805555555555556 0.8259441831231809 0.10277777777777777 0.17830302175964588