0 0.8354166666666667 0.5236111111111111 0.12083333333333333 0.1875
0 0.6645833333333333 0.44305555555555554 0.08194444444444444 0.1361111111111111
0 0.5819444444444445 0.7875 0.07777777777777778 0.1284722222222222
0 0.6375 0.8888888888888888 0.08611111111111111 0.14791666666666667
0 0.4708333333333333 0.9604166666666667 0.05555555555555555 0.07916666666666666
0 0.4201388888888889 0.9701388888888889 0.05138888888888889 0.059027777777777776
0 0.48333333333333334 0.7777777777777778 0.058333333333333334 0.11388888888888889
0 0.5243055555555556 0.5368055555555555 0.05416666666666667 0.09166666666666666
0 0.5472222222222223 0.44583333333333336 0.05277777777777778 0.08125
0 0.8090277777777778 0.8875 0.3402777777777778 0.225
3 0.7875 0.6458333333333334 0.08333333333333333 0.15069444444444444
3 0.775 0.8763888888888889 0.1 0.17777777777777778
3 0.8993055555555556 0.8763888888888889 0.10416666666666667 0.19722222222222222