0 0.5649580209176531 0.8986209523418289 0.0634384531015401 0.13796405643304296
0 0.625237835491749 0.9266465584211074 0.07220816305807887 0.1467068831577851
0 0.7855231024481572 0.7807903450628648 0.0954313838374519 0.14316243946748652
0 0.8878832943661508 0.9329354849800192 0.12823645995544047 0.1341290300399616
0 0.8966763910516982 0.3148413038486604 0.1267990847750841 0.19200557879511926
0 0.6856051594502235 0.26139688226670643 0.06577985425611246 0.11317454384666582
0 0.6620683549760725 0.38306098480180345 0.09268997077827458 0.145035285387197
0 0.5807405335480764 0.29298169388236 0.07715763997029354 0.12929427127893625
0 0.6309513318860903 0.6664357595358136 0.06448793795015809 0.11862485569540979
0 0.5087345620461805 0.4588263114923126 0.031719226550770134 0.06898202821652148
0 0.540284086576815 0.5180861174866117 0.034666706348683206 0.07891473785236672
0 0.5217002738059147 0.5659182611468052 0.03458185533861556 0.07405362674125561
0 0.48706290259376017 0.5681482795876269 0.037189931096257886 0.06454189193265655