0 0.5450144430647785 0.853744638048419 0.06188682175257188 0.1336888673773362
0 0.6045508179458176 0.8853416287680426 0.07036560083117914 0.15873734929242764
0 0.7687149006920878 0.7177255245975047 0.09384742683537992 0.13665249249629724
0 0.8670023360307261 0.8921477817760001 0.126078722610781 0.18614389539303602
0 0.890922814296736 0.24203061714786275 0.12467367308352853 0.18335803729607644
0 0.6807243162479802 0.205754785503918 0.06451915378507572 0.10870502801569996
0 0.6543107233963482 0.32951538251989393 0.09108176953637516 0.1387196651912668
0 0.574938471595741 0.24595222309507436 0.07571914840718755 0.12404744834693275
0 0.6165350665337693 0.615836581929734 0.06316258617291434 0.11425250325207356
0 0.4989405521767785 0.4179163381086738 0.03094341087628594 0.0668444336886681
0 0.529164814645877 0.4746830155311168 0.033777750888336934 0.07658281654925408
0 0.5094335188704756 0.5241016955552187 0.03374946977120032 0.07172170543814296
0 0.4746830155311168 0.529164814645877 0.03647068531470489 0.0620156438542845