0 0.2534722222222222 0.38055555555555554 0.07847222222222222 0.12013888888888889
0 0.3423611111111111 0.4895833333333333 0.075 0.12291666666666666
0 0.2548611111111111 0.6381944444444444 0.06319444444444444 0.09513888888888888
3 0.1486111111111111 0.9465277777777777 0.04513888888888889 0.06388888888888888
3 0.24513888888888888 0.05138888888888889 0.06805555555555555 0.10208333333333333
3 0.5229166666666667 0.5604166666666667 0.04791666666666667 0.09930555555555555
3 0.5840277777777778 0.6673611111111111 0.04722222222222222 0.12569444444444444
3 0.6520833333333333 0.24513888888888888 0.075 0.06180555555555556
1 0.04513888888888889 0.3736111111111111 0.052083333333333336 0.1701388888888889
1 0.3284722222222222 0.9006944444444445 0.07222222222222222 0.08402777777777778
1 0.16319444444444445 0.46944444444444444 0.0763888888888889 0.07430555555555556