0 0.38958333333333334 0.5875 0.059722222222222225 0.10833333333333334
0 0.7097222222222223 0.22708333333333333 0.05555555555555555 0.07916666666666666
0 0.7125 0.3541666666666667 0.05 0.09652777777777778
1 0.7402777777777778 0.8791666666666667 0.07222222222222222 0.2222222222222222
1 0.7527777777777778 0.6951388888888889 0.09444444444444444 0.0763888888888889
1 0.8347222222222223 0.8840277777777777 0.09166666666666666 0.2222222222222222
3 0.16111111111111112 0.5972222222222222 0.08611111111111111 0.12361111111111112
3 0.1527777777777778 0.34791666666666665 0.07222222222222222 0.08888888888888889
3 0.4798611111111111 0.8458333333333333 0.08194444444444444 0.1111111111111111
3 0.6465277777777778 0.8444444444444444 0.0763888888888889 0.10833333333333334
3 0.9527777777777777 0.5527777777777778 0.07222222222222222 0.07916666666666666