0 0.42430555555555555 0.6569444444444444 0.0875 0.13333333333333333
0 0.2048611111111111 0.43333333333333335 0.09027777777777778 0.1361111111111111
0 0.23680555555555555 0.9 0.10416666666666667 0.19027777777777777
0 0.4340277777777778 0.23472222222222222 0.05694444444444444 0.13333333333333333
0 0.41388888888888886 0.4777777777777778 0.06944444444444445 0.11597222222222223
0 0.9006944444444445 0.9555555555555556 0.12638888888888888 0.08888888888888889
0 0.09305555555555556 0.20277777777777778 0.06388888888888888 0.1284722222222222
0 0.44930555555555557 0.3590277777777778 0.029166666666666667 0.0763888888888889
0 0.5013888888888889 0.8076388888888889 0.07777777777777778 0.13333333333333333
1 0.6166666666666667 0.8555555555555555 0.11944444444444445 0.18541666666666667
3 0.6236111111111111 0.5604166666666667 0.07222222222222222 0.10833333333333334
3 0.9583333333333334 0.44305555555555554 0.08333333333333333 0.08611111111111111