3 0.34800036957058 0.0386111582110006 0.041288773445216816 0.051309528855940534
3 0.1792533489977109 0.4553615807180323 0.04223596680652098 0.06380952885594063
0 0.8091062590832239 0.9369026754427564 0.06080738054596521 0.08038801443739456
0 0.4939282852774473 0.6397244996069941 0.04325650272156925 0.058996918813567986
0 0.9121092861207014 0.11053142865839619 0.040142273123018414 0.07274030449624126
0 0.9429516510707553 0.5488735889314801 0.042152263902607325 0.09012566614172152
0 0.8919447559161153 0.3674516225684714 0.06357479797357383 0.08948854381828003
0 0.5931683983217485 0.772698500169636 0.042088461596472684 0.052722668279198755
0 0.59089693848025 0.7015984109582407 0.04757067459828414 0.0702292825965254
0 0.5875700621435049 0.2217439082769702 0.042057380545965216 0.07973325000942424
0 0.2844678331002429 0.11437614163612903 0.048002009775699704 0.0667813109086725