0 0.04179576839413146 0.6069006874018518 0.05803187121142221 0.10700457065666645
3 0.3090532377317535 0.4257344226623451 0.04250305519447706 0.05156202764691342
0 0.7332489783484734 0.9792540218664808 0.09757883982615503 0.04149195626703835
0 0.7373589123333589 0.692023015311192 0.07729097727182868 0.13781164976444432
0 0.3492946507909309 0.4271749382765837 0.053598529941685534 0.09136225678086415
0 0.467288021282393 0.3147690624362954 0.06085813528066713 0.11002537249979412
3 0.7656117294357363 0.28470490547773514 0.03828790223634321 0.048419713771111046
3 0.706293033909155 0.2628739774223855 0.06676012445856543 0.05091071044094638
3 0.7326299217155408 0.3019275055824266 0.07600609054794599 0.06420053865333321
3 0.9108577748891501 0.4624376666046896 0.05684044227943825 0.07847159241810699
0 0.9445145155073345 0.801673462813743 0.0770727889602259 0.12531164976444414