3 0.3258820538227926 0.7850859555638123 0.04088382222929259 0.05513540083086923
2 0.463721438715641 0.7663384158714918 0.027640894228726943 0.049968918949492215
2 0.38612902804303517 0.8042473901434493 0.029780791710868313 0.054987895620821015
0 0.47019010124481214 0.6882871684765158 0.0570984622321207 0.0771790367925356
0 0.2496567228941446 0.5263092864977745 0.03389897482141385 0.051136960074589094
0 0.2686905166914366 0.38387483283291934 0.027083819859959214 0.06172185265164214
0 0.3322086713699815 0.3011107996394402 0.030564122674868265 0.06267940636311553
0 0.30419655640428467 0.31914481439209763 0.03607119467430269 0.058933714523695196
0 0.010685542046829536 0.4308609263258211 0.021371084093659072 0.05889145302045872
0 0.045346551665617914 0.2842390852939607 0.028303016302423954 0.047243763025120386
0 0.06869148974468839 0.2491700509007962 0.02539594904165635 0.03592216450038611
0 0.10327634189123393 0.26360669912664114 0.0289974607468684 0.04729638487852617
0 0.15674905064008204 0.2078837377632589 0.026130796449535115 0.039447008576014124
0 0.17872126101563737 0.1713205707743939 0.02961917985713111 0.04109900673193197