3 0.3914025114458743 0.8837173484825185 0.03400038124163811 0.047767693001228885
0 0.38425712912909205 0.7372138138504745 0.034155319239464334 0.062338904761695506
0 0.500915002597991 0.9614701846125624 0.05697739407213065 0.0770596307748753
0 0.6733358497072259 0.6264053816695164 0.037175777715033574 0.06655405771982952
0 0.7585907292420314 0.6251185573543572 0.030245031538659203 0.04284597402578388
0 0.8458685959463447 0.5870989069208434 0.04232686544093648 0.05970658585831959
0 0.8924991107346462 0.4110095425625892 0.04122795316683955 0.052750019841008425
0 0.9599013166499668 0.3414247312345381 0.04730246776690845 0.07366820418440932
0 0.9918744536730395 0.31856515764116966 0.016251092653921103 0.06444648124076251
0 0.9867462038790813 0.5008767640626545 0.02650759224183743 0.06660254401129685
0 0.6424456137048554 0.35808315151089093 0.02808080463939512 0.041420720418294525
0 0.6298516698920992 0.30860789393519994 0.026611022184575797 0.040007588383671966
0 0.6781871506777326 0.22134681060150044 0.029227012830492387 0.037278296897361445
0 0.7012457050954 0.1884498538913726 0.030164137972728454 0.04145708513689491