0 0.6479166666666667 0.03958333333333333 0.019444444444444445 0.04722222222222222
0 0.5840277777777778 0.11180555555555556 0.03125 0.052083333333333336
0 0.5506944444444445 0.1375 0.022916666666666665 0.03888888888888889
0 0.4722222222222222 0.2604166666666667 0.018055555555555554 0.034027777777777775
0 0.4597222222222222 0.30694444444444446 0.01875 0.035416666666666666
0 0.9145833333333333 0.41458333333333336 0.08611111111111111 0.125
0 0.6652777777777777 0.2569444444444444 0.044444444444444446 0.07569444444444444
0 0.5402777777777777 0.3701388888888889 0.03194444444444444 0.058333333333333334
0 0.6236111111111111 0.2791666666666667 0.025694444444444443 0.06458333333333334
0 0.5055555555555555 0.6020833333333333 0.034027777777777775 0.07708333333333334
0 0.4465277777777778 0.5875 0.03125 0.05625
0 0.7284722222222222 0.7944444444444444 0.08958333333333333 0.16180555555555556
0 0.7576388888888889 0.8944444444444445 0.12986111111111112 0.18263888888888888