0 0.6604166666666667 0.4736111111111111 0.03194444444444444 0.05138888888888889
0 0.8090277777777778 0.24027777777777778 0.035416666666666666 0.0625
0 0.4638888888888889 0.5465277777777777 0.034722222222222224 0.06388888888888888
0 0.5263888888888889 0.2798611111111111 0.027777777777777776 0.05
0 0.5159722222222223 0.3875 0.034027777777777775 0.06875
0 0.4548611111111111 0.36527777777777776 0.030555555555555555 0.0625
0 0.07916666666666666 0.5673611111111111 0.027777777777777776 0.05347222222222222
0 0.22847222222222222 0.37916666666666665 0.03819444444444445 0.06041666666666667
0 0.3034722222222222 0.3576388888888889 0.04027777777777778 0.06458333333333334
0 0.36527777777777776 0.3076388888888889 0.03958333333333333 0.06041666666666667
0 0.4395833333333333 0.07708333333333334 0.03611111111111111 0.06736111111111111