3 0.74375 0.6450494919360159 0.06527777777777778 0.0860599522587541
3 0.29583333333333334 0.8296349208509892 0.06666666666666667 0.07710496306331405
0 0.06666666666666667 0.8791450369366861 0.06180555555555556 0.09004464746957694
0 0.7722222222222223 0.6970295482203182 0.06944444444444445 0.10850054022798901
0 0.7548611111111111 0.5347449610550933 0.06527777777777778 0.07911550781430966
0 0.21458333333333332 0.5845874973621807 0.049305555555555554 0.07688955022853873
0 0.5555555555555556 0.6188012337316439 0.04236111111111111 0.0563867184279622
0 0.6652777777777777 0.704023157949199 0.06111111111111111 0.07681380873396364
0 0.5611111111111111 0.7046211905134047 0.04097222222222222 0.06811948540118004
0 0.5069444444444444 0.7769043896690139 0.05486111111111111 0.08551403789122232
0 0.5125 0.921057679784108 0.059027777777777776 0.10101018141601294
2 0.7243055555555555 0.8738463098665195 0.04791666666666667 0.06640009497953467