0 0.6547469888178428 0.6752787474689809 0.062202526229929035 0.09160317443413596
0 0.6773661817144384 0.7651524409003081 0.06400273208250554 0.08679055344459875
0 0.6656203243014644 0.8739060219539501 0.07341443028783108 0.12931329829429028
0 0.5637816157296553 0.6655744305149687 0.0453877706994711 0.06485869132037042
0 0.30103597402529436 0.24959068997049358 0.05342427828397784 0.08377032505895067
0 0.3435761795641501 0.5740411352593207 0.045799087663158704 0.060013743583117375
0 0.19211620724993503 0.9822809721382098 0.04336543155120785 0.030136469098148193
0 0.21657929288829372 0.7098157186766666 0.040937976552047596 0.05990059996611118
2 0.43551227544350374 0.6004121188799996 0.03877374965278382 0.05846322095564808
3 0.8615495455112866 0.7038438855141969 0.028586065415838864 0.08596622137783956
3 0.5645128979292514 0.3199506404103391 0.023657759006867077 0.06088540450854936
3 0.5381674168298972 0.7391861222575304 0.04767333794763084 0.06837940366416685