3 0.8263888888888888 0.7180555555555556 0.12361111111111112 0.16041666666666668
3 0.09722222222222222 0.041666666666666664 0.08958333333333333 0.08333333333333333
3 0.4395833333333333 0.2791666666666667 0.05277777777777778 0.08611111111111111
3 0.4625 0.6090277777777777 0.03680555555555556 0.07222222222222222
3 0.5680555555555555 0.88125 0.06805555555555555 0.10208333333333333
3 0.3770833333333333 0.9777777777777777 0.06805555555555555 0.044444444444444446
3 0.24513888888888888 0.8805555555555555 0.09305555555555556 0.12222222222222222
3 0.15069444444444444 0.9611111111111111 0.05277777777777778 0.07777777777777778
3 0.22430555555555556 0.7013888888888888 0.09097222222222222 0.10833333333333334
0 0.8048611111111111 0.041666666666666664 0.05416666666666667 0.08333333333333333
0 0.4513888888888889 0.94375 0.058333333333333334 0.09513888888888888
0 0.2875 0.9611111111111111 0.07222222222222222 0.07777777777777778
0 0.1486111111111111 0.85 0.09444444444444444 0.11875
0 0.30416666666666664 0.5395833333333333 0.09444444444444444 0.12152777777777778
0 0.6305555555555555 0.6430555555555556 0.12708333333333333 0.15833333333333333
0 0.5208333333333334 0.10486111111111111 0.05694444444444444 0.09236111111111112
0 0.14444444444444443 0.10138888888888889 0.10138888888888889 0.10486111111111111