2 0.9421206637326486 0.7529499689609449 0.0449085008774871 0.06463496005868276
2 0.8400555907919741 0.5894961312815211 0.0397420189961104 0.05107597951621396
2 0.7854472285977229 0.5971356499745254 0.03867922157782541 0.046154112388765295
2 0.7727591020895577 0.666389326883085 0.05571424121833262 0.052473367891975105
2 0.7277469977103787 0.6914245844388053 0.03275531304842932 0.04080695314695457
2 0.7049682960061507 0.7549665660075296 0.041983217889661105 0.05334158089855963
2 0.6162165519771408 0.7672071727725505 0.043655936745917424 0.039001271630576186
2 0.6070619896896533 0.7374329459425092 0.0460550011996855 0.043350206346255186
2 0.1186338768235678 0.5732890724474484 0.03782691157316375 0.04401002303909473
2 0.16766596276192525 0.5830975491466253 0.037616424159540585 0.04123224526131679
3 0.511706353549771 0.9629463819461721 0.0593236083004339 0.07279452482987633
3 0.30620013943738206 0.7635388325481477 0.04016299382335681 0.05663153507176951
2 0.34827660047856607 0.7361772175937443 0.04311935786169035 0.04102384894757197
2 0.371688404628783 0.7720276758616454 0.03441767155451648 0.035433665640411505
2 0.4007179264355707 0.7545620516916043 0.034512554911158906 0.04578957629074062
2 0.3909861639657391 0.8082080424759666 0.042519796773888334 0.05131900358156385
2 0.41541850403100444 0.8393189016654313 0.04460313010722151 0.05150127163057618
2 0.5637760461226959 0.7943518919263366 0.045402818258477536 0.052950916535802306
2 0.5304857943951591 0.84662662259967 0.03658552789432292 0.0549388661011935
2 0.5079590215052311 0.8770782949004106 0.04080481641439538 0.05599784664366262
2 0.4495316249178152 0.9071484321293819 0.04652859788033763 0.049600206346255185
2 0.08810150227603007 0.6892704239606584 0.05176842231545843 0.04591958781028798
2 0.11661762620660852 0.7924819933396706 0.037658685662777185 0.05089371146720162
2 0.17394078397506268 0.7933580760290122 0.051810683818695025 0.05558105401617265
3 0.08537962676189735 0.8718400573463375 0.042993393454540396 0.057569003581563846
2 0.14662870283544724 0.9427335168918928 0.06232223384200408 0.06684830491156378
2 0.2066865567758828 0.8886616041890533 0.04167784711939567 0.040207892470452734
2 0.14368105894216326 0.8583150747513579 0.043224601568501934 0.04241273783646086
2 0.11046496987093034 0.938879759597901 0.04492922157782557 0.04670091653580231