2 0.8406735529159991 0.23695901961986546 0.04093715339720853 0.049527223421907726
2 0.7894792954455094 0.2714612141808551 0.04316193061781253 0.05454620009323621
2 0.5068478378343222 0.2692145755524941 0.03423518418808524 0.05733433822118315
2 0.5688536181334217 0.7976333558187507 0.0368715180785925 0.05268371452369504
2 0.6066014370829493 0.8511470194416498 0.040485184188085235 0.057807934901835424
2 0.6460103452674937 0.8182338408330029 0.04083612204915836 0.04605500119968534
2 0.6836167203297506 0.8668863933447909 0.05243218363091147 0.06356361752084468
2 0.8670106724719143 0.8550775573789959 0.03834123204592162 0.0555667360082844
3 0.9364147043771385 0.8484264831495283 0.06812686179279916 0.10286312088681074
3 0.9630077435256232 0.7816856538265575 0.05951807196262659 0.0689509471660137
3 0.9689769433145772 0.6998041915856882 0.05747515116851345 0.0701819704946852
2 0.8348216652286539 0.9208504726403242 0.046884059353057395 0.03958415343589334
2 0.8133946691879883 0.47148193488119355 0.03811896308021087 0.04792784711939567
2 0.8337813770264048 0.5263111448392372 0.03472756593642872 0.05044251563014449
2 0.8429835799529716 0.555540793709479 0.033096201812219304 0.042003938589999734
2 0.9678091548041826 0.51615512713192 0.038563501011632674 0.06320562489717345
2 0.8783449715250148 0.5987956562259286 0.04836654831229528 0.06672010862263231
2 0.7944767563406226 0.6824040993815798 0.0446922633939721 0.05951255491115891