2 0.7674997082051855 0.4436999502505335 0.04011730530209863 0.05481585808322949
3 0.09695044233064896 0.9690224775116074 0.0470940764942593 0.05656868988380603
2 0.7721559211391982 0.7034949610550932 0.03275261313734556 0.03639635961598597
2 0.9887150346154325 0.782857404394475 0.02256993076913495 0.05880055329405233
2 0.8978694321147537 0.8470895658093882 0.04476829255305574 0.046042840343632936
2 0.8791505975995686 0.7896660897552743 0.0407470962511111 0.05207447459662041
2 0.8125480037968834 0.7660402140829748 0.04021428554524707 0.058982524749896154
2 0.8013254909631181 0.851453927837404 0.0447844559269135 0.04673728478807738
2 0.6862226071405253 0.7156467420489107 0.036854626308580246 0.03383694758522103
2 0.7181058818782415 0.8905798592910484 0.04140921394783972 0.05072197999890023
3 0.20643999037290178 0.6246773978596393 0.05600871065503096 0.05218070455788898
3 0.33893573142287103 0.7310661098555221 0.0313798876223149 0.03701801547809301
2 0.3806791505386733 0.5230721367916584 0.03966473083407417 0.035371413638784883
3 0.4065918476835811 0.9493184014281099 0.0639223768995063 0.0643865973163012
2 0.4531507909461736 0.8884738620041307 0.042701122593580325 0.04662810191457096
2 0.5482735164612045 0.8827933996695637 0.04045615552166674 0.03957447459662041
2 0.5657812591999392 0.947928553194904 0.05025919461317901 0.043556216895205405
2 0.4845612634218526 0.8339855525414205 0.039777874451080206 0.04023252474989615
2 0.7978468817949388 0.5227633398681691 0.03998799831123468 0.04926030252767393
2 0.8429378611937043 0.548211883011145 0.037613724248456666 0.036651119654167515
2 0.8647386744327165 0.4691966993336288 0.02921573741969136 0.03343661038236437
2 0.8653049731491981 0.5233997602914642 0.027229384329506147 0.037494094175524614
2 0.8920638777424696 0.44829648324243315 0.03606320162098768 0.029633886627385506
2 0.823361787232593 0.4240853459991957 0.031961188449753306 0.0321932986581506
2 0.6625560383304324 0.3560307497879571 0.029151083924259386 0.03065883260458659
2 0.5752984889383027 0.37103309714188987 0.028569783096821136 0.03548354942452884
2 0.7078721437003089 0.3314065043485955 0.031266744005308704 0.03215690436698182