2 0.6597222222222222 0.35625 0.025694444444444443 0.035416666666666666
2 0.6513888888888889 0.3902777777777778 0.03194444444444444 0.030555555555555555
2 0.6861111111111111 0.37430555555555556 0.035416666666666666 0.04722222222222222
2 0.6368055555555555 0.27847222222222223 0.02361111111111111 0.02847222222222222
2 0.6326388888888889 0.31805555555555554 0.03263888888888889 0.03125
2 0.5506944444444445 0.31666666666666665 0.02847222222222222 0.03125
2 0.5194444444444445 0.4236111111111111 0.03194444444444444 0.03263888888888889
2 0.5402777777777777 0.4111111111111111 0.022222222222222223 0.04722222222222222
2 0.7444444444444445 0.3486111111111111 0.029861111111111113 0.041666666666666664
2 0.7173611111111111 0.34375 0.029861111111111113 0.03680555555555556
2 0.80625 0.28125 0.03194444444444444 0.043055555555555555
2 0.7763888888888889 0.39444444444444443 0.03333333333333333 0.05138888888888889
2 0.8215277777777777 0.39444444444444443 0.034027777777777775 0.04513888888888889
2 0.91875 0.6173611111111111 0.03888888888888889 0.04236111111111111
2 0.8263888888888888 0.6791666666666667 0.03680555555555556 0.04652777777777778
2 0.8180555555555555 0.65 0.041666666666666664 0.050694444444444445
2 0.7152777777777778 0.6826388888888889 0.04375 0.04583333333333333
2 0.6729166666666667 0.9784722222222222 0.04027777777777778 0.043055555555555555
3 0.9527777777777777 0.23541666666666666 0.04375 0.05694444444444444
3 0.9243055555555556 0.9659722222222222 0.05347222222222222 0.06805555555555555
3 0.9465277777777777 0.9006944444444445 0.050694444444444445 0.09791666666666667
3 0.28402777777777777 0.7152777777777778 0.043055555555555555 0.05625
2 0.7805555555555556 0.8055555555555556 0.03888888888888889 0.06805555555555555
2 0.8638888888888889 0.7236111111111111 0.04097222222222222 0.06666666666666667
2 0.9520833333333333 0.6402777777777777 0.035416666666666666 0.06180555555555556
2 0.5944444444444444 0.9701388888888889 0.041666666666666664 0.059027777777777776
2 0.6291666666666667 0.9375 0.027083333333333334 0.05347222222222222
2 0.5569444444444445 0.93125 0.043055555555555555 0.06805555555555555
2 0.38055555555555554 0.7298611111111111 0.03194444444444444 0.050694444444444445
2 0.4097222222222222 0.6715277777777777 0.03125 0.041666666666666664