2 0.6009507393806164 0.34317240007646294 0.028302046600528284 0.032392942640516745
2 0.43142327013258713 0.941809331533067 0.039441443907578685 0.049923755771763154
2 0.47181442191715117 0.9397173914179027 0.03714556296439974 0.03878840151491861
2 0.9211479198341023 0.8125999913487626 0.026417060473313665 0.05177677922062698
2 0.9121770582827468 0.8800217103242077 0.033701626938116964 0.05606466161596207
2 0.8280359064981828 0.8828773095299817 0.0412838288236126 0.055503554473052455
2 0.8114116118196677 0.8401732795875637 0.04170903865481819 0.04372224206323065
2 0.7175339227976401 0.8008980775666961 0.03847776484989538 0.0381182002162076
2 0.7154507040758212 0.8349137337716072 0.03924309670146013 0.03050355447305214
2 0.7326844699994483 0.89563695455098 0.05250831394150989 0.05708638852781039
2 0.6386794357899365 0.9173880126311555 0.040716958789681394 0.048559110028608014