2 0.8319444444444445 0.3 0.03958333333333333 0.04652777777777778
2 0.7798611111111111 0.33055555555555555 0.041666666666666664 0.05138888888888889
2 0.4979166666666667 0.30694444444444446 0.03263888888888889 0.05486111111111111
2 0.5444444444444444 0.8388888888888889 0.035416666666666666 0.05
2 0.5805555555555556 0.8951388888888889 0.03888888888888889 0.05486111111111111
2 0.6208333333333333 0.8652777777777778 0.03958333333333333 0.043055555555555555
2 0.6569444444444444 0.9166666666666666 0.050694444444444445 0.059722222222222225
2 0.8402777777777778 0.91875 0.03680555555555556 0.05277777777777778
3 0.9097222222222222 0.9173611111111111 0.06527777777777778 0.09791666666666667
3 0.9381944444444444 0.8527777777777777 0.05763888888888889 0.06458333333333334
3 0.9465277777777777 0.7715277777777778 0.05555555555555555 0.06597222222222222
2 0.80625 0.9819444444444444 0.04583333333333333 0.03611111111111111
2 0.7979166666666667 0.5319444444444444 0.03680555555555556 0.04513888888888889
2 0.8166666666666667 0.5881944444444445 0.03333333333333333 0.04791666666666667
2 0.825 0.6180555555555556 0.03194444444444444 0.03958333333333333
2 0.9506944444444444 0.5881944444444445 0.03680555555555556 0.06041666666666667
2 0.8590277777777777 0.6638888888888889 0.04652777777777778 0.06319444444444444
2 0.7729166666666667 0.7409722222222223 0.043055555555555555 0.05625