3 0.6447275917338218 0.8986865652450949 0.05941159293891726 0.06665907260060572
2 0.36783957507644593 0.5102682968385478 0.034225745597734024 0.03442372681943419
2 0.5437624565967842 0.9463860289624679 0.04676210703405243 0.04081917748779789
2 0.5184881887497976 0.8744627886696599 0.04190099592294132 0.040762613338989694
2 0.9643215220831308 0.869275048164693 0.03850957689253771 0.054611099264444206
2 0.8531431172745662 0.524064406994874 0.022367667967496157 0.025258578965979772
2 0.8300325229475344 0.5576643998868739 0.03565907624212312 0.04207877689369673
2 0.8805900649710844 0.46124926388008636 0.029332313209895093 0.02881160711507044
2 0.7836784720321671 0.5283446884857828 0.032897459102708936 0.04482423230072704
2 0.42886849398014587 0.8817551851262654 0.039159579581481946 0.046980290968242064
2 0.6652386383102746 0.7151269753165295 0.037092406886512365 0.04973382696795928
2 0.7933108847329938 0.7823820656694594 0.045429780379436756 0.05052523852464598
2 0.8741245474971719 0.8564366363250964 0.03849341625417411 0.051833321486666424
2 0.7761998005113235 0.8589648887828332 0.04888584196329507 0.0477878637103029
2 0.6961124404631197 0.8987830458307116 0.04333028640773951 0.047723218968807636
2 0.6533432732333235 0.9694148508734991 0.039155539421891046 0.04628584652379762