2 0.6863265191400932 0.22736604221503245 0.03118783789898474 0.05621891894949237
2 0.7279302036031847 0.23259468619742427 0.03403895823050662 0.03917353895881601
2 0.7071175909701899 0.2160125425372308 0.031356063809371275 0.04932709635845372
2 0.6568975633089573 0.2722003804362156 0.03472304232478207 0.04820131673659379
2 0.6336755258720251 0.2606898353007564 0.02100237934627971 0.04025705707743946
2 0.6324556829960827 0.29989445531008 0.02666317860864685 0.0420669207935746
2 0.5940068494296588 0.19804315019326804 0.029019981559178298 0.036721852651642135
2 0.601814784331494 0.2365636861083164 0.02805206749753574 0.04217216450038619
2 0.5221857014369043 0.273328620365755 0.029009621209008983 0.04569700857601412
2 0.5285952072022413 0.36713124221916077 0.02644233084485437 0.04826429894016889
2 0.5121079468986902 0.3984131433722283 0.02966180415021695 0.03608003006060364
2 0.7500264614182571 0.24768269726191727 0.03536486491582057 0.04755949414555513
2 0.7526758144812056 0.12595479242068555 0.037763929369588646 0.05188402637243917
2 0.793639316558378 0.22412338790165218 0.04716006012120728 0.05742922157782557
2 0.9935316125438871 0.24359563298636494 0.012936774912225878 0.06374220378140052
2 0.9270285521553565 0.39910020689363435 0.03952117123231839 0.056850381190361864
3 0.4526425741061268 0.6459734576203432 0.041541522362076456 0.06528895823050679
2 0.4665426434477447 0.6819370635214062 0.023875040480699758 0.05083158930432351
2 0.8579014790364664 0.5007219441016044 0.04021561567676252 0.05690300304376766
2 0.8426021604557904 0.47394398153853656 0.03966867644236629 0.06790887044806719
2 0.45112936101520756 0.7550434969013575 0.04245681457031322 0.05914420193731821
2 0.9686848584718539 0.40502329532047054 0.0461188035058203 0.08013540083086908
2 0.9027461776078188 0.5210705003015565 0.04766555795492656 0.08232397787101399
2 0.8433732278642184 0.6408107752686573 0.04002666906603736 0.08174513748355028
2 0.6633687120558581 0.8737583153380509 0.04628702941620683 0.07324357823983026
2 0.700858351705689 0.8799971348853218 0.044529787553477404 0.06827722342190756
2 0.7257945493995541 0.8403922607490905 0.045234592348091004 0.059354689350941375
2 0.7703131565003025 0.8656545499135594 0.04975925163842905 0.07350668750685953
2 0.9213345125179108 0.8954183173603487 0.056798579439515925 0.084396950854178
3 0.9901103174358653 0.6599154874820893 0.019779365128269433 0.09506636643770447
3 0.989882109460726 0.7259825930609539 0.020235781078547968 0.08118783789898475
3 0.8753389121284526 0.05799165991409293 0.06140694163376723 0.07231792568142442
2 0.7548614120942195 0.5511341987838011 0.045508061965289115 0.053851755648791765