2 0.2606358248564995 0.9101065926153702 0.029604079932344738 0.029768749506724944
2 0.18810234176399357 0.907517973477957 0.02569208125045566 0.03572738779029376
2 0.2061425675011782 0.9229706329928268 0.019328895479443355 0.032512567437868886
2 0.21084922977414186 0.9017488173709184 0.023907042163023896 0.025908044995927703
2 0.1907917163650853 0.7513311342034671 0.02360874791712225 0.03558170693207785
2 0.16287009317955337 0.7839262217740418 0.02360874791712233 0.03558170693207785
2 0.1415226974886873 0.8411328270560413 0.02349556214611002 0.032803929154300075
2 0.1700774458451799 0.8753500870103491 0.030609785247072887 0.03745619868168559
2 0.584412050121264 0.5497007380288799 0.02205008037171502 0.031317919693267665
2 0.8007143768805678 0.679431415793544 0.030509566100442954 0.05199097172894716
3 0.5336762807245717 0.9453347477140028 0.037057860346344444 0.04275435236744379
2 0.590083092756708 0.9281583598116641 0.027703491879911883 0.05110228614021505
2 0.5580973852451283 0.9122880171293433 0.024997636806011136 0.035678827504222
2 0.39171368300599235 0.9308869302310394 0.02467104611735667 0.0446580449959277
2 0.492385769935212 0.6327423861096168 0.026826302154567036 0.029574508362437434
2 0.45691366103747727 0.8218642349571845 0.026556304351418526 0.039942614743032186
2 0.31496402994328004 0.824826088871404 0.02763393237002371 0.03240084642628713
2 0.3932381770662308 0.8144776654341702 0.025663784807702605 0.03503294334584931
2 0.34177500227947605 0.8675223630172607 0.02783200746929511 0.03726195753739824
3 0.12324077039110723 0.8368398389383547 0.033032675893442984 0.045935212873234835
3 0.2521716127397942 0.958751663573115 0.02708097013934447 0.03582450836243727
3 0.34615034747580753 0.9236266821590451 0.041281119898517064 0.044434602972763866
3 0.20420780596357663 0.8242138410234999 0.03931097233619596 0.04706669989232637
3 0.10197826402850034 0.8961297775536874 0.03444986122508493 0.046726777889822796
2 0.24086951611137802 0.8522928219893894 0.029249192800937053 0.038053522553986516