3 0.8854166666666666 0.7215277777777778 0.034027777777777775 0.1
2 0.7173611111111111 0.8361111111111111 0.027777777777777776 0.03611111111111111
3 0.19791666666666666 0.8715277777777778 0.027083333333333334 0.05
3 0.2222222222222222 0.8597222222222223 0.034027777777777775 0.06319444444444444
3 0.23333333333333334 0.7854166666666667 0.03680555555555556 0.05277777777777778
3 0.28402777777777777 0.6611111111111111 0.035416666666666666 0.05416666666666667
3 0.375 0.3770833333333333 0.024305555555555556 0.0375
3 0.43333333333333335 0.7354166666666667 0.03333333333333333 0.05138888888888889
3 0.42569444444444443 0.6875 0.034722222222222224 0.05555555555555555
3 0.9409722222222222 0.8159722222222222 0.06388888888888888 0.11944444444444445
3 0.4618055555555556 0.6180555555555556 0.03333333333333333 0.04513888888888889
2 0.45902777777777776 0.6659722222222222 0.021527777777777778 0.02361111111111111
3 0.4666666666666667 0.6944444444444444 0.03125 0.04583333333333333
2 0.35347222222222224 0.6819444444444445 0.02638888888888889 0.04236111111111111
2 0.3159722222222222 0.6465277777777778 0.025694444444444443 0.03333333333333333
2 0.2708333333333333 0.5465277777777777 0.027083333333333334 0.03611111111111111
2 0.24930555555555556 0.5402777777777777 0.02361111111111111 0.03263888888888889
2 0.4041666666666667 0.7652777777777777 0.030555555555555555 0.04375
2 0.4791666666666667 0.8090277777777778 0.029166666666666667 0.03888888888888889
2 0.46597222222222223 0.7861111111111111 0.02361111111111111 0.04236111111111111
2 0.4888888888888889 0.8513888888888889 0.029861111111111113 0.04375
2 0.42916666666666664 0.6069444444444444 0.022916666666666665 0.030555555555555555
2 0.2791666666666667 0.37222222222222223 0.020833333333333332 0.03958333333333333
2 0.3326388888888889 0.4125 0.029166666666666667 0.03888888888888889
2 0.5319444444444444 0.6458333333333334 0.022916666666666665 0.035416666666666666
2 0.5881944444444445 0.6833333333333333 0.024305555555555556 0.04027777777777778
2 0.4076388888888889 0.5902777777777778 0.027083333333333334 0.030555555555555555
2 0.25972222222222224 0.3611111111111111 0.02013888888888889 0.024305555555555556