2 0.5197497817489085 0.43547544752294004 0.03777528138490109 0.05662648784488972
2 0.6438215126289588 0.41268327462464544 0.027665168830940622 0.03412137784812646
2 0.6541498134945218 0.37824394017696433 0.021867181818048684 0.02007083880235696
2 0.7751250909112213 0.3338229581528416 0.028896477272560776 0.025134012609568875
2 0.8019988427147827 0.3068130186202469 0.03619244733014284 0.04547496419455857
2 0.7056235533934785 0.3748780930169992 0.02558183549760713 0.03406075903929617
2 0.6067856471889337 0.4248067867797556 0.026155064213383462 0.027136520864461822
3 0.9319811695545621 0.3036471465928875 0.050945482683611786 0.0556215180785925
2 0.3669273928622166 0.7520250516989363 0.03682628391025339 0.04202294824194629
2 0.4251864195585897 0.8773941082661243 0.031258606781831115 0.041166853640621386
2 0.5404833484913059 0.9592609837828402 0.03907931926372202 0.051805789272999114
2 0.5718459574381431 0.9860876061549233 0.03614396103867566 0.027824787690153445
2 0.6085631471925952 0.9598523093157392 0.036204568903009875 0.04616940863900317
3 0.9074929339892793 0.9789326863576633 0.04415861868643592 0.04213462728467334
3 0.9237768023150029 0.9328946383379945 0.06266267243806377 0.0906670406145761
2 0.8928939642920434 0.9507555624751508 0.04268487878747938 0.05954570950993817
3 0.8819040689096004 0.9434878177169452 0.04072276118281416 0.06642953514555232
2 0.7653371688338697 0.41691381625085394 0.036240933621610336 0.04825274197233619
2 0.8139725230907144 0.41693936623467065 0.03362073629110114 0.0571996946716739
2 0.7006329801633854 0.7005927437310537 0.044574266954943674 0.04849521720765734
2 0.8053814823276593 0.6702903508392325 0.03901871139938812 0.04833356705077658
2 0.813888032472164 0.7004141434552745 0.030673256493188066 0.04739664737101129
2 0.8484925537567537 0.7479724409831666 0.046326803029837216 0.06936896308021055
2 0.9052203870893549 0.6426242918379184 0.03611971789294191 0.041308297527891905
2 0.9380446143622818 0.6727608594458689 0.04000407359263628 0.06502043998705334
2 0.7637167532522692 0.8281865775188458 0.03366922258256864 0.059977472449451674