2 0.6890361862599573 0.5164114421668822 0.023580451474369272 0.03385056129679009
2 0.6332306891076017 0.44333430302453647 0.02485615459224593 0.03110511026672845
2 0.6064586166445521 0.45160356349388847 0.023467265703357044 0.031072783519012305
2 0.6012119587652914 0.4934318638991353 0.03177230259393724 0.030572299560864262
2 0.5135374537207955 0.5594219913895675 0.025352523937418898 0.026260162529475255
2 0.5655358977258695 0.5561264050168823 0.026996080811085222 0.0325424892771914
2 0.43750345196331425 0.5528504658067589 0.024557860346344284 0.0408111691150926
2 0.46959174181551283 0.5215190683060181 0.025635488364949627 0.03320460697391986
2 0.19054886435025173 0.582231901385185 0.025776970578714833 0.03667682919614208
2 0.2569632262261296 0.5403701129693208 0.02251815327413501 0.024806620145154234
2 0.24243175939032485 0.6102186417602158 0.026854598597320017 0.02907026705496902
2 0.1644535433192868 0.6412279330466975 0.02396363504853001 0.026227835781759266
2 0.3272400215952443 0.7980078405953085 0.030524895918813716 0.03401219503537049
2 0.26152719374577726 0.7376731520608331 0.026854598597320017 0.02907026705496934
2 0.20389303124486602 0.6708945030400616 0.02196519104345585 0.02826267899351854
2 0.21917080902264377 0.670538908815185 0.02193689460070279 0.027568234549074096
3 0.3628536127067444 0.6143668225272219 0.02763393237002371 0.031169763762160428
2 0.3788694611900905 0.5980066793324071 0.028796449716888144 0.025646534954321017
2 0.4140986561878791 0.6437586151649997 0.025295931051912784 0.024871273640586524
2 0.46518925083086643 0.6523009110955861 0.028130301715196676 0.02632481602490739
2 0.43629021877335944 0.6766070472825922 0.023382376375097793 0.028989450185678972
3 0.49979119770011 0.7508952782013885 0.03398178832266486 0.05074351519746914
3 0.2886612429222011 0.6188740813078084 0.02855474835649261 0.036741482691574054
3 0.6059551577174127 0.558661151555339 0.030524895918813716 0.03401219503537034
3 0.9870474981657259 0.6832339362576226 0.025905003668548136 0.041570267054969176
3 0.8407905657106471 0.5559757089691042 0.029164303472677806 0.0346743127320988
3 0.46414464564299196 0.5925463621256478 0.026911191482826287 0.030459155943858066
3 0.42692761007052255 0.6003636287584255 0.028994524816159464 0.030507646065432128
3 0.5205561221779932 0.9193220107242279 0.04890467896903503 0.05941627938182105
3 0.36663115687172193 0.9117830052357404 0.037425714102134106 0.05012988762231506
3 0.3022305688192891 0.9348301401561726 0.04126579008014614 0.059238482269382886
3 0.28490248053890865 0.86780845989608 0.02956045367122076 0.04439653495432102
3 0.2805035652878018 0.742792296522222 0.02552230259393724 0.03042682919614208
3 0.21263311820713554 0.7318601437864505 0.03347245235310983 0.03824351519746914
3 0.2904981485071613 0.6980730747221912 0.031077858149492796 0.03055613618700619