2 0.7041666666666667 0.8409722222222222 0.027083333333333334 0.04027777777777778
2 0.4048611111111111 0.7458333333333333 0.027777777777777776 0.035416666666666666
2 0.3770833333333333 0.7305555555555555 0.03194444444444444 0.04513888888888889
2 0.019444444444444445 0.7736111111111111 0.030555555555555555 0.04027777777777778
2 0.125 0.725 0.030555555555555555 0.02361111111111111
2 0.06597222222222222 0.7513888888888889 0.035416666666666666 0.03263888888888889
2 0.21875 0.8152777777777778 0.027083333333333334 0.03819444444444445
2 0.3423611111111111 0.8027777777777778 0.03263888888888889 0.04027777777777778
2 0.38263888888888886 0.8194444444444444 0.030555555555555555 0.03680555555555556
2 0.5256944444444445 0.7701388888888889 0.03958333333333333 0.04583333333333333
2 0.6194444444444445 0.7930555555555555 0.03333333333333333 0.041666666666666664
2 0.6097222222222223 0.8944444444444445 0.024305555555555556 0.035416666666666666
2 0.58125 0.8916666666666667 0.027777777777777776 0.03680555555555556
2 0.5041666666666667 0.8597222222222223 0.029861111111111113 0.034027777777777775
2 0.4340277777777778 0.9854166666666667 0.03611111111111111 0.029166666666666667
2 0.47638888888888886 0.9569444444444445 0.04236111111111111 0.03680555555555556
2 0.32708333333333334 0.9597222222222223 0.04583333333333333 0.05277777777777778
2 0.275 0.9333333333333333 0.035416666666666666 0.034027777777777775
2 0.23680555555555555 0.8993055555555556 0.030555555555555555 0.041666666666666664
2 0.19305555555555556 0.9097222222222222 0.03194444444444444 0.041666666666666664
2 0.1326388888888889 0.9111111111111111 0.03194444444444444 0.04791666666666667
3 0.08680555555555555 0.8486111111111111 0.03958333333333333 0.04097222222222222
3 0.06736111111111111 0.8194444444444444 0.04236111111111111 0.043055555555555555
3 0.016666666666666666 0.8430555555555556 0.03333333333333333 0.050694444444444445