3 0.4139091616914831 0.7869072597377681 0.037659355678602284 0.046439411976674214
3 0.29520979641524375 0.9263435569969403 0.04063272945326296 0.06036466558416357
2 0.44692378366761176 0.6959194011516432 0.0289255041466717 0.04004395310227235
2 0.3570382623846455 0.6679910725086684 0.028480483926008066 0.03309950865782791
2 0.39476903419876314 0.7047203838359872 0.025836212214429426 0.03513435569969406
2 0.4916280430417144 0.6141532655091652 0.022702418260120618 0.029530313852671162
2 0.46539024812764196 0.6268749686118037 0.02527527383618396 0.037205567460160516
2 0.5256630180222323 0.7014558055522602 0.025052763725852224 0.03373334523793845
2 0.7166165878347913 0.7477963073547235 0.02514176776998498 0.03512223412682734
2 0.6339073473114328 0.701957882030595 0.028124467749477036 0.02754395310227251
2 0.5716040078093615 0.6606376489862709 0.021963471793609794 0.028823747835359844
3 0.9307373130388436 0.7334984393878814 0.04108601137771251 0.09991163419889644
3 0.986847003047456 0.8241242279877611 0.026305993905088105 0.08541315187563076
3 0.4754311817070688 0.7186143647156713 0.02905901021287068 0.04212728643560568
3 0.48108400301054294 0.7527027503577831 0.03324326478815481 0.05329900541105101
2 0.44545308793733024 0.7812148520896418 0.025925216258562183 0.03652324458858263
3 0.3238115210040623 0.6798971154381944 0.0315873637668678 0.04910809559865059
2 0.5288122708830668 0.8263709545421926 0.02373529097247863 0.023999001442849197
2 0.510899547598542 0.8066355923489444 0.02386879703867777 0.02608233477618253
2 0.44599963191009545 0.6057264743839331 0.028996920282186995 0.030333852452917004
2 0.5393437912062694 0.8716431807326165 0.027830541503630003 0.033781831529405636