3 0.4276050807027635 0.7529817043709225 0.038463564446168635 0.0484644260036229
3 0.3113914516171835 0.9043307920642542 0.04168063784736446 0.06251118045272884
2 0.45901128514375955 0.6583682139135316 0.029620048082297026 0.0415829637627534
2 0.3686627345703763 0.6386623004071778 0.02905317804836582 0.03463851931830896
2 0.40702712541348557 0.6720896969945938 0.02644546128076747 0.03651136523801913
2 0.5022655317399776 0.5719405515794259 0.02321418747584466 0.030745322268840407
2 0.47625925147111353 0.5871872483066961 0.02592107784650245 0.03854207671794667
2 0.5378236293863407 0.6565886111453442 0.025637642829536844 0.035069854495724445
2 0.7295326680411588 0.6853836444279311 0.025751016836323023 0.036458743384613336
2 0.6460435887128876 0.6469907131251523 0.02859968202122079 0.029082963762753246
2 0.583033520293864 0.6112384147402723 0.022463056028006967 0.02999825597099017
3 0.9433365837307153 0.6510153143165811 0.042828463707439195 0.10193664822584496
3 0.9935609277585017 0.7360731682570166 0.01287814448299653 0.08772166786635201
3 0.487908602585673 0.678538183852928 0.029790109092476452 0.043666297096086736
3 0.4941584879741584 0.712302852363677 0.03416932336898874 0.05504051747422649
2 0.45903934211666975 0.7443110991142561 0.026558835287553647 0.03790025412690801
3 0.33565532285367483 0.6537407712240615 0.032440312459741154 0.050768607100748396
2 0.5431661788859923 0.7819569641191846 0.02414958033758852 0.025295010420096433
2 0.5249122761243181 0.7637754441564791 0.024319641347767946 0.027378343753429766
2 0.45650308581376414 0.5677220831619133 0.029520874479237905 0.03191336339393697
2 0.5544897229954344 0.8265170126206098 0.028415420607314622 0.0352803419093473