3 0.6208370351863872 0.5660124312073731 0.026792918523232047 0.035951304475565535
2 0.6625037018530539 0.5679530873968626 0.02401514074545427 0.03582192739626622
2 0.6092501421600028 0.4869580121283039 0.021148476448120984 0.028053661428078018
2 0.5827319637881241 0.4968400409860717 0.023974737782019893 0.032349705174044
2 0.44166228792703366 0.5583620540370124 0.029497970966828133 0.029830681554864846
2 0.4100890642195591 0.5846843396726731 0.019097465485535123 0.030734406396381392
2 0.5350082582926905 0.5974507526855861 0.028819687707757502 0.031187226173928984
2 0.48358704703305416 0.5978350544963268 0.025977265188484783 0.025502293539074117
2 0.4304209142796809 0.6884647898150205 0.02391009304052495 0.02679414961848844
2 0.38051788139192333 0.6778026690542996 0.028060598521818116 0.02559932634854868
2 0.4009875880543477 0.7100229971490445 0.026792918523232047 0.035951304475565535
2 0.28566843425988386 0.8276352035644398 0.030289382523514912 0.038196359158023246
2 0.21908306004671171 0.7578311427247649 0.026776757337858392 0.034562415586676956
2 0.23906890420117607 0.7122090045020824 0.025969184595797876 0.024807849094629672
2 0.22559212553931726 0.6761454524389191 0.023926254225898762 0.02818303850737733
2 0.18931940257446886 0.6883524392969171 0.0274146376334948 0.02973364874539044
2 0.10227191576493327 0.6453881724101002 0.026712112596363448 0.029006860031121087
2 0.162559779475236 0.5995586685039241 0.026058071115353344 0.03244673798351856
2 0.21225271695313516 0.6282763448202004 0.030838376299595734 0.025728703427847992
2 0.25333855399959937 0.5607078680255959 0.021810598521818037 0.02530822792012515
2 0.22900067607329638 0.5623535963595048 0.023199487410706925 0.025372916459774804
3 0.9535471898295802 0.7545190359296056 0.033842410672605815 0.04530252495159175
3 0.8134239163661047 0.6152819159964522 0.029586857486383324 0.037469570443753736
3 0.744293641983196 0.7044732886647306 0.032469682969090426 0.046626725300830826
3 0.4311804899922462 0.6231870120372427 0.030313624301575557 0.04027969249135642
3 0.4584002203480045 0.7321520159889494 0.030232818374706958 0.03333524804691182
3 0.25793251902541814 0.6436055110730834 0.03097574637527253 0.03753425898340355
3 0.3873658452507513 0.6267048785938342 0.030240898967393706 0.03402969249135642
3 0.3302274665818221 0.6407193151348652 0.02680907970860586 0.03734019336445442
3 0.33551636257871115 0.6638947359601305 0.027471201782302834 0.03459475985650155
3 0.24049673647362163 0.8880651702956508 0.031113116450949167 0.04933981453895879
3 0.17744063515810565 0.7538071532019421 0.02887625185656546 0.03604833728503978
3 0.32113261142941996 0.9446272276429333 0.03589342163519168 0.04262177998328822
3 0.3156896976448546 0.9861853732186538 0.05187372445010081 0.02762925356269237