2 0.8046237918795366 0.6438606233304367 0.03704858679487649 0.04322550195422031
2 0.8114868388232401 0.6778175137010944 0.032849593380493994 0.04149649104497273
2 0.8723208500529624 0.8142827180132621 0.033544037824938436 0.04155317804836582
2 0.5193150431468203 0.8849613368552887 0.02777835840922841 0.032071904243443014
2 0.5298454340619437 0.8510327326805702 0.02219047610595687 0.030229519327409093
2 0.3557309358354313 0.9780599520680833 0.0313798876223149 0.037910894815964484
2 0.6030033900735796 0.9064037975991902 0.031557684734753226 0.045549783704853374
2 0.5599310905127153 0.9335014459477651 0.040149632049814775 0.05734113885668187
2 0.6346078230355547 0.9535125312031117 0.05972338348512349 0.06448393050724488
2 0.8219623526708324 0.972504281901013 0.04021428554524707 0.05499143619797388
3 0.8858027514381475 0.9700594686359735 0.0671204023975927 0.059881062728053144
3 0.9117731345010794 0.9128228271057386 0.06301838922635802 0.08693290074303946
2 0.8478715660270364 0.72879527855099 0.04040824603154331 0.06845224996779299
2 0.9385060992925921 0.6610512149853102 0.041667827929567934 0.06301006841902361
2 0.7579476405797834 0.7959015846756184 0.03951984110080262 0.0600622296310664