3 0.5580426186892327 0.2160963978367906 0.04361383707729942 0.058560201198796354
3 0.2961993149277815 0.5487468050479324 0.058750692964619274 0.08664508307987673
3 0.13274335671811255 0.7675262286383954 0.07288238328386759 0.09044057277925946
3 0.2252841085340731 0.7571597939876547 0.0777434943949787 0.09055371639626565
3 0.22915497805271612 0.8908002314242904 0.05539019175397897 0.0782470962511111
3 0.3970492817021221 0.5886551477527782 0.06598649912549506 0.09097338348512349
3 0.4836643844726519 0.26514217814771646 0.12160489187039521 0.18239876080682105
3 0.7023413822754614 0.2215417129325932 0.05400130286509008 0.0782147695033951
3 0.832221529257603 0.10492585891330318 0.05836221067604425 0.08108952752432101
0 0.010743605910558176 0.9821222415568827 0.02148721182111635 0.035755516886234774
0 0.1331321625428529 0.8614378623769754 0.09336119417525966 0.0957704217322531
0 0.1868950994091758 0.6595813969091051 0.08241512332955989 0.11770170322503096
0 0.2788293329534858 0.8070963017551237 0.08971409021594559 0.11301838922635801
0 0.28109738949559143 0.8641862165642904 0.05910045643880295 0.051987514353086475
0 0.3255370749722783 0.8951302737238892 0.05312721771579621 0.06571476950339528
0 0.3825399211744751 0.9354092127645682 0.0620140736031159 0.09365418101975315
0 0.4615986551888216 0.6005911715620992 0.08956840935772985 0.11093505589302469
0 0.574326856179743 0.5899990303087967 0.09867870726821337 0.1222401274904322
0 0.7203988790480087 0.8187650964177168 0.13176923917118744 0.11954374721339542
0 0.7398902660976985 0.3211872799706179 0.10130604522001806 0.09040882666299395
0 0.7718537464131734 0.20229239023734635 0.12059496733456633 0.12829674763558652
0 0.8915616458398341 0.5792978098586428 0.147872541812187 0.13170489699382731
0 0.8923722467274526 0.45828667941287116 0.16237335501281475 0.1209493801075927
0 0.8484127580713966 0.25137340045324147 0.1153453739348802 0.12262804846302476
0 0.9146960249534112 0.3280382279606181 0.13548426282376907 0.12309678630490753
0 0.8622381626986102 0.14318553748463037 0.0570704423592992 0.08244608966549387