2 0.8722222222222222 0.5090277777777777 0.027083333333333334 0.027777777777777776
2 0.8909722222222223 0.5291666666666667 0.03263888888888889 0.029166666666666667
2 0.7305555555555555 0.46041666666666664 0.030555555555555555 0.030555555555555555
2 0.89375 0.4340277777777778 0.02638888888888889 0.029166666666666667
2 0.8159722222222222 0.5756944444444444 0.02847222222222222 0.02638888888888889
2 0.5736111111111111 0.7444444444444445 0.03125 0.034027777777777775
2 0.48819444444444443 0.7784722222222222 0.035416666666666666 0.03263888888888889
2 0.6104166666666667 0.6986111111111111 0.03680555555555556 0.027083333333333334
2 0.8520833333333333 0.6569444444444444 0.03194444444444444 0.029861111111111113
2 0.8673611111111111 0.625 0.027777777777777776 0.03958333333333333
2 0.7583333333333333 0.5798611111111112 0.03125 0.03680555555555556
2 0.6305555555555555 0.5381944444444444 0.024305555555555556 0.030555555555555555
0 0.7034722222222223 0.3958333333333333 0.027777777777777776 0.04513888888888889
0 0.7833333333333333 0.40625 0.017361111111111112 0.034722222222222224
0 0.6534722222222222 0.9138888888888889 0.034027777777777775 0.04513888888888889
0 0.7805555555555556 0.7125 0.03888888888888889 0.05416666666666667
0 0.7756944444444445 0.8347222222222223 0.03333333333333333 0.03819444444444445
3 0.9729166666666667 0.93125 0.05416666666666667 0.07083333333333333
3 0.9138888888888889 0.9138888888888889 0.03680555555555556 0.05763888888888889
2 0.9125 0.8618055555555556 0.03958333333333333 0.041666666666666664
2 0.925 0.7895833333333333 0.025694444444444443 0.06111111111111111
2 0.6076388888888888 0.6506944444444445 0.034027777777777775 0.03958333333333333
2 0.1076388888888889 0.5423611111111111 0.027083333333333334 0.08263888888888889