0 0.7763888888888889 0.8416666666666667 0.04027777777777778 0.05416666666666667
2 0.6215277777777778 0.5291666666666667 0.034027777777777775 0.02638888888888889
2 0.6277777777777778 0.5458333333333333 0.029166666666666667 0.027777777777777776
0 0.9743055555555555 0.3888888888888889 0.03125 0.03819444444444445
2 0.9340277777777778 0.4284722222222222 0.03263888888888889 0.0375
2 0.6034722222222222 0.7083333333333334 0.034027777777777775 0.02638888888888889
2 0.6034722222222222 0.6555555555555556 0.02361111111111111 0.04375
2 0.5673611111111111 0.7486111111111111 0.035416666666666666 0.03680555555555556
2 0.1076388888888889 0.5548611111111111 0.03819444444444445 0.08055555555555556
2 0.7541666666666667 0.5888888888888889 0.025694444444444443 0.03819444444444445
2 0.9263888888888889 0.7888888888888889 0.02638888888888889 0.059722222222222225
2 0.9013888888888889 0.8652777777777778 0.04375 0.041666666666666664
3 0.90625 0.9173611111111111 0.029861111111111113 0.04652777777777778
3 0.9694444444444444 0.9270833333333334 0.05277777777777778 0.075
2 0.8972222222222223 0.6104166666666667 0.014583333333333334 0.03333333333333333
2 0.8270833333333333 0.6111111111111112 0.034027777777777775 0.03611111111111111
2 0.9159722222222222 0.5659722222222222 0.02847222222222222 0.03888888888888889
0 0.9347222222222222 0.49027777777777776 0.024305555555555556 0.03611111111111111
0 0.8083333333333333 0.4166666666666667 0.021527777777777778 0.034027777777777775
0 0.7805555555555556 0.41597222222222224 0.02847222222222222 0.03680555555555556
0 0.7354166666666667 0.3993055555555556 0.03125 0.03958333333333333
0 0.7756944444444445 0.7125 0.03888888888888889 0.04513888888888889
0 0.6479166666666667 0.9180555555555555 0.03333333333333333 0.049305555555555554
2 0.8236111111111111 0.45416666666666666 0.034027777777777775 0.034027777777777775