0 0.6934617685112522 0.04081488956806156 0.12277847893010782 0.08162977913612313
0 0.536994843259748 0.004077194834506918 0.06212142459161514 0.008154389669013835
0 0.5686094750890078 0.23715384944102486 0.09924819289743693 0.12238352329240251
0 0.5738500805847824 0.5336481858398715 0.09856652344490094 0.1466162902656205
0 0.5457861588817519 0.6640886526974454 0.09303860543665712 0.12344486356077246
0 0.6304860872708689 0.5889243987150274 0.07738968352819613 0.1337189059750017
0 0.6777858784208198 0.7029342821263732 0.09981396844651916 0.14182796773684694
0 0.668302875283207 0.8143729418580034 0.10847803337131552 0.12980109352204117
0 0.6799562995230787 0.9143031061879034 0.10213443330096683 0.1024266058593576
0 0.41169868127142223 0.9352957470234965 0.09131364124209856 0.08799180260293693
3 0.2683902126630705 0.594033329816241 0.16808227412658883 0.2480268088844901
3 0.37227190399170096 0.526877813458875 0.04793478537278178 0.07462424543936158
3 0.5187262879687402 0.5455511126199828 0.04962676830582179 0.08511370068836581
3 0.6139492580867809 0.41852484396348183 0.03251556370773333 0.0689624599225373
3 0.8766789583301937 0.4207036298327369 0.19317053048273086 0.2285400643244014
3 0.7933902126630705 0.5665192456926443 0.08440217805917251 0.11259146540008058
3 0.7983425866700973 0.9205796823980424 0.06321256315055925 0.0754249198450749