2 0.22409126861224168 0.3889024016235284 0.06794159170369435 0.10423732485075764
2 0.05428965164668576 0.40678846922647743 0.04575045053197978 0.07551006841902361
2 0.2947514554198296 0.12827284351247248 0.05531480719398461 0.074220353133194
2 0.21479464084951627 0.06584396014262166 0.04092042047137628 0.04819998707211772
2 0.30145679170782275 0.28962490304088306 0.0616174290473904 0.07542498060817657
2 0.2563394436218321 0.31354796458792816 0.03456517676456469 0.04630091515269067
2 0.4321159507650702 0.21057115193494436 0.05127410493446784 0.05732693845295481
2 0.5160513054938851 0.34371999463134223 0.08054683541050593 0.10664657980072276
2 0.5941609154601856 0.6641138031182283 0.11158716809944262 0.1519696154920033
2 0.8970567576026235 0.817896829661239 0.17821403357055235 0.28439572754801773
2 0.6148617235658904 0.31796851934896103 0.06896212761874286 0.0994895877464327
2 0.7121357475389586 0.28104924595207553 0.0932469624739601 0.11941581441396146
2 0.7331675677306262 0.2033989279732963 0.08393453462625505 0.08759894438003026
2 0.5576086279409411 0.11798283436420248 0.07374907607354986 0.07158423555814176
2 0.6690292103351169 0.36794000392999254 0.0663318550510133 0.1103172638405782