2 0.19583333333333333 0.3729166666666667 0.06041666666666667 0.09930555555555555
2 0.02361111111111111 0.4048611111111111 0.04027777777777778 0.07222222222222222
2 0.28680555555555554 0.10486111111111111 0.05 0.07013888888888889
2 0.2111111111111111 0.04861111111111111 0.0375 0.04513888888888889
2 0.28125 0.26666666666666666 0.05625 0.07083333333333333
2 0.23402777777777778 0.29444444444444445 0.03125 0.04375
2 0.41875 0.1763888888888889 0.04722222222222222 0.05347222222222222
2 0.4930555555555556 0.3034722222222222 0.07291666666666667 0.10069444444444445
2 0.5472222222222223 0.6194444444444445 0.10069444444444445 0.14375
2 0.8402777777777778 0.7493055555555556 0.15763888888888888 0.27152777777777776
2 0.5944444444444444 0.26944444444444443 0.06180555555555556 0.09444444444444444
2 0.6951388888888889 0.22430555555555556 0.08472222222222223 0.1125
2 0.7222222222222222 0.14444444444444443 0.07777777777777778 0.08125
2 0.5520833333333334 0.07291666666666667 0.06875 0.06597222222222222
2 0.6451388888888889 0.31527777777777777 0.058333333333333334 0.10555555555555556