1 0.9472222222222222 0.31805555555555554 0.10486111111111111 0.13055555555555556
2 0.24930555555555556 0.21875 0.04791666666666667 0.05625
2 0.29444444444444445 0.3972222222222222 0.05138888888888889 0.07361111111111111
2 0.24444444444444444 0.3784722222222222 0.04583333333333333 0.07222222222222222
2 0.32569444444444445 0.019444444444444445 0.03958333333333333 0.0375
2 0.39305555555555555 0.030555555555555555 0.03680555555555556 0.04791666666666667
2 0.50625 0.20694444444444443 0.05277777777777778 0.06458333333333334
2 0.5611111111111111 0.06736111111111111 0.04513888888888889 0.049305555555555554
2 0.8541666666666666 0.06597222222222222 0.05347222222222222 0.06944444444444445
2 0.6125 0.3173611111111111 0.04791666666666667 0.0763888888888889
2 0.5465277777777777 0.31666666666666665 0.04861111111111111 0.05486111111111111
2 0.7256944444444444 0.41180555555555554 0.06458333333333334 0.08125
2 0.6493055555555556 0.6138888888888889 0.075 0.10902777777777778
2 0.5895833333333333 0.6305555555555555 0.07708333333333334 0.11597222222222223
2 0.7576388888888889 0.7131944444444445 0.07152777777777777 0.11875
2 0.7173611111111111 0.8138888888888889 0.09027777777777778 0.13402777777777777
2 0.5618055555555556 0.9069444444444444 0.06527777777777778 0.13194444444444445
2 0.4895833333333333 0.8861111111111111 0.0625 0.12916666666666668
2 0.7013888888888888 0.17291666666666666 0.04652777777777778 0.049305555555555554
3 0.8472222222222222 0.2916666666666667 0.12986111111111112 0.16597222222222222
2 0.9111111111111111 0.17152777777777778 0.04375 0.05277777777777778
2 0.1111111111111111 0.5791666666666667 0.05347222222222222 0.04513888888888889