2 0.17146810139430854 0.24136457630664038 0.0742534964860708 0.11599458312768023
2 0.2271610223759561 0.2691854356902146 0.07647419524549612 0.13976355979900873
2 0.08600699297214152 0.2272531994488395 0.08622873874444587 0.14605582130224534
2 0.4807625297050884 0.3106146344055496 0.06579087804582728 0.09314089866458851
2 0.5411913168505279 0.3172760689851865 0.06856461566401416 0.09265694163376724
2 0.5827726771605873 0.1864582242651618 0.06931966250232272 0.10312623015383969
2 0.5574660880368734 0.25117788235581434 0.04212320470044296 0.08162953342656955
2 0.6693156223427318 0.14789706705199648 0.03850957689253786 0.05706086860398503
2 0.6047125512166411 0.2589228350540746 0.05251967056915498 0.0789466390054342
2 0.6444494106144303 0.2883111695870934 0.04694795437523567 0.07574788640041008
2 0.6795271668806553 0.35205337336849396 0.06312622473659593 0.11237485569540986
2 0.7455725749807119 0.48894427203308255 0.07694239075284802 0.10092729276352562
2 0.9427629389314041 0.6177251454358095 0.060231282330680834 0.09202547939289774
2 0.920084641680603 0.6569608464956408 0.061696934251797425 0.10532516754415376
2 0.13505179017507568 0.6634177525159163 0.05194239075284782 0.09903290604091729
2 0.35917010937385563 0.29029469894842547 0.04899492627225044 0.06965575196062745
2 0.35681343420393064 0.6010900789391019 0.08558681637468356 0.15503097722661735
2 0.918396317976787 0.48607489130890164 0.0629403773954127 0.08043041125096535
2 0.8997244700246071 0.8560240134845056 0.08402420062338428 0.12506462240869431
2 0.6711512438126114 0.8213503126028902 0.09600348304135022 0.15582030502770422
2 0.4635257375309016 0.09204322066610532 0.0574413840741302 0.08973165864594132
2 0.4985267307648988 0.14259098000306142 0.0461646264197905 0.060417486769226474
2 0.43435549370984144 0.2085304809696564 0.05324239613073603 0.0838603719699511
2 0.43257967551061716 0.38054221577825553 0.0630535018639588 0.0998748556954098