2 0.9337904585462032 0.5163825752348116 0.05578300405246921 0.0729156021656209
2 0.46895547880854915 0.19946623003978384 0.03296273699750003 0.045797093015052796
2 0.327262197401913 0.7459380505885722 0.049613820921759255 0.07598730618924586
2 0.3994982604721906 0.8598818322054048 0.04770828470086425 0.08349268901193561
2 0.915995258866728 0.41697868943029165 0.04648044891910483 0.060531520323202574
2 0.9557650044774992 0.7937246589967571 0.05038966286694454 0.10932063952257888
2 0.7751597975374683 0.867011736245435 0.062130564927067804 0.10729939611992954
2 0.6337396458988266 0.6569572184569935 0.05390979457929019 0.08180987387719954
2 0.4067279336383331 0.31093229282638013 0.03729103740274695 0.05300854959189536
2 0.09961953292950577 0.45681306738033683 0.030492063323024766 0.05881352937123173
2 0.3618770823216354 0.4504079697059176 0.03696835055703707 0.06893626979205136
2 0.32384427161577123 0.44591113647512326 0.0388415600302161 0.06004199808047272
2 0.48025532472290083 0.45877034615479145 0.04092489336354943 0.06017550414667154
2 0.5134431876915119 0.4628842490956059 0.04367034439361122 0.05896462334604832
2 0.5380211980768513 0.5687875591239065 0.04040824603154331 0.0677698910134942
2 0.49887311457478345 0.6122073925597789 0.04304055344459875 0.061697899101759726
2 0.47690776443993765 0.6919701734219257 0.04270170322503096 0.07693117485747096
2 0.4521825417955241 0.6817666906607592 0.05014663162762345 0.0690873637668678
2 0.38989556881293164 0.5276610494237305 0.04438095221191374 0.05970356981255899
2 0.49203087605654283 0.3401362643123731 0.029183991303426006 0.06219674754932119
2 0.4375750105547837 0.2666575947664153 0.031751645221049465 0.05334697785980893