3 0.9361740808386688 0.29966109198493684 0.1276518383226624 0.16752026875813913
2 0.3358211456309582 0.19473148701069504 0.04897068531470489 0.06265406565623281
2 0.3798544198075215 0.36353858008399337 0.04558734660348339 0.07787123556967654
2 0.33256755503184426 0.35160320201793854 0.04346765183383157 0.07158487085107608
2 0.5837135713400793 0.19489222185748234 0.05597977231260434 0.07388639249601205
2 0.6126786930323962 0.2801114285672441 0.06722824884980759 0.09769144877299228
2 0.6358736677056405 0.2089957842669381 0.0742858177627983 0.11725710894610492
2 0.6377262489370927 0.0500164927806276 0.042708564835932036 0.06046163816709811
2 0.6850544413190742 0.307760961034282 0.04968129039751309 0.06544396500687746
2 0.8037402617708166 0.4181549617549744 0.060921686615534376 0.08786013239496873
2 0.7187603953451691 0.6110963311639335 0.07431005872034385 0.12142377561277158
2 0.660479584086518 0.6191058968208986 0.07913884855472746 0.11595307106728367
2 0.7851936587659561 0.8108468701245253 0.08683025951829866 0.12511418614659658
2 0.8263431850049822 0.7226852756076455 0.07426561696484366 0.11378488672388269
2 0.6314512088563382 0.8810725476147585 0.0653428833364302 0.13168286183216968
2 0.5653173802504783 0.852143220414633 0.0548413733183537 0.116917704905834
2 0.9502141284583199 0.05338786723736226 0.052483309132836414 0.06965911796501134
2 0.7679877988529045 0.24046554977830017 0.03148028909668375 0.040128804112340155
2 0.7793489368534564 0.16428272762814716 0.04892220339961379 0.05432073232289948
2 0.7895008050079109 0.5963605093741267 0.05609693694074167 0.09402528138490109
2 0.0427503554474338 0.4257030512262754 0.05103785800967445 0.059912652597055346