1 0.7259678087523469 0.015037913428700865 0.09375221262242361 0.03007582685740173
1 0.04906465816317661 0.7742046933189238 0.09812931632635322 0.17993345850507517
2 0.5158001381094899 0.9140313601717212 0.11252867577921692 0.12518459498156176
2 0.7169796815536125 0.23561233820767696 0.11058423722225857 0.16877287363243754
2 0.7436198674010274 0.425726479922752 0.11910275377828189 0.1546100158068269
2 0.7959390682107821 0.5952317834796889 0.13710319983525843 0.19358072272706722
2 0.6830576680907141 0.6511013110961055 0.12537039588281054 0.19511420347337838
2 0.3676740376857641 0.907064145025345 0.07880072546613472 0.15203960371254274
2 0.41203472628984344 0.7684149660897743 0.10127427408431389 0.1801256094104455
2 0.39100963074141076 0.49692144729539994 0.11848988198920962 0.17676754948939946
2 0.24572084283888948 0.4087042321490238 0.07632056253062874 0.12072491517289292
2 0.04109344545663764 0.21301367889004 0.06344798346282532 0.08961950703031536
2 0.9467767738015873 0.8620658127057096 0.04694446210690317 0.13322300045931443
2 0.8500066084298405 0.018785036211807667 0.11286597063796269 0.03757007242361533