3 0.6541666666666667 0.2972222222222222 0.044444444444444446 0.058333333333333334
3 0.4534722222222222 0.6534722222222222 0.09305555555555556 0.12430555555555556
2 0.6479166666666667 0.6701388888888888 0.059722222222222225 0.0763888888888889
2 0.6986111111111111 0.6895833333333333 0.05416666666666667 0.09166666666666666
2 0.6520833333333333 0.7451388888888889 0.06319444444444444 0.0763888888888889
2 0.5729166666666666 0.7625 0.041666666666666664 0.08263888888888889
2 0.5340277777777778 0.7444444444444445 0.052083333333333336 0.06458333333333334
2 0.47291666666666665 0.8180555555555555 0.05277777777777778 0.07430555555555556
0 0.8708333333333333 0.7520833333333333 0.09513888888888888 0.16041666666666668
2 0.6479166666666667 0.5777777777777777 0.04722222222222222 0.07291666666666667
2 0.9659722222222222 0.825 0.06180555555555556 0.08819444444444445
3 0.5895833333333333 0.8826388888888889 0.10277777777777777 0.14791666666666667