2 0.8138888888888889 0.13169267685122724 0.03611111111111111 0.04347574637527249
2 0.31527777777777777 0.5133908113020585 0.03888888888888889 0.056702513190464286
2 0.38055555555555554 0.6190114981257351 0.05763888888888889 0.06317068919300968
2 0.5125 0.46429681073623924 0.04236111111111111 0.052576249487232
2 0.8972222222222223 0.49446790352920655 0.05 0.06238735822900973
2 0.8756944444444444 0.44005073848924703 0.049305555555555554 0.054740388747434095
2 0.8791666666666667 0.5803689192304592 0.05138888888888889 0.07212574163660576
2 0.8229166666666666 0.5595755023339343 0.05 0.07210958045123195
2 0.17708333333333334 0.5881716622462615 0.04861111111111111 0.060982308154747186
2 0.29444444444444445 0.6693983935214527 0.04861111111111111 0.07278786371030274
2 0.4618055555555556 0.39773470524787596 0.03333333333333333 0.03372120178230268
2 0.4722222222222222 0.33049480302706774 0.027083333333333334 0.04823180978145432
2 0.4527777777777778 0.4462407686540578 0.03819444444444445 0.037249988153333094
2 0.29583333333333334 0.4159423324846042 0.022222222222222223 0.04886969007709088
2 0.2590277777777778 0.369680727738867 0.02361111111111111 0.04541362904024216
2 0.23541666666666666 0.3853782098097359 0.03611111111111111 0.04903130193082809
2 0.11944444444444445 0.508334306386585 0.03611111111111111 0.04347574637527253
2 0.5506944444444445 0.5793245766673502 0.04097222222222222 0.06922675496852501
2 0.5090277777777777 0.8573119633283605 0.0625 0.11947725334181787
2 0.5409722222222222 0.7972670039252895 0.04722222222222222 0.08943836919159544
2 0.7013888888888888 0.7546891763915107 0.05 0.08669291378456528
2 0.6548611111111111 0.765258887792602 0.0375 0.05390857422731301
3 0.7784722222222222 0.41808612217975266 0.07222222222222222 0.08209038163943395
3 0.25069444444444444 0.510555982848847 0.07569444444444444 0.08907522904731262
1 0.6409722222222223 0.6137083870499758 0.044444444444444446 0.05676715793195923
2 0.5111111111111111 0.5427528717730876 0.03958333333333333 0.05532170489426246
2 0.45416666666666666 0.696951374283876 0.05 0.06377624711789862