2 0.8138888888888889 0.12222222222222222 0.03611111111111111 0.043055555555555555
2 0.31527777777777777 0.5097222222222222 0.03888888888888889 0.05625
2 0.38055555555555554 0.6145833333333334 0.05763888888888889 0.0625
2 0.5125 0.4583333333333333 0.04236111111111111 0.052083333333333336
2 0.8972222222222223 0.4840277777777778 0.05 0.06180555555555556
2 0.8756944444444444 0.42986111111111114 0.049305555555555554 0.05416666666666667
2 0.8791666666666667 0.5701388888888889 0.05138888888888889 0.07152777777777777
2 0.8229166666666666 0.55 0.05 0.07152777777777777
2 0.17708333333333334 0.5861111111111111 0.04861111111111111 0.06041666666666667
2 0.29444444444444445 0.6659722222222222 0.04861111111111111 0.07222222222222222
2 0.4618055555555556 0.3923611111111111 0.03333333333333333 0.03333333333333333
2 0.4722222222222222 0.325 0.027083333333333334 0.04791666666666667
2 0.4527777777777778 0.4409722222222222 0.03819444444444445 0.03680555555555556
2 0.29583333333333334 0.4125 0.022222222222222223 0.04861111111111111
2 0.2590277777777778 0.36666666666666664 0.02361111111111111 0.04513888888888889
2 0.23541666666666666 0.38263888888888886 0.03611111111111111 0.04861111111111111
2 0.11944444444444445 0.5069444444444444 0.03611111111111111 0.043055555555555555
2 0.5506944444444445 0.5729166666666666 0.04097222222222222 0.06875
2 0.5090277777777777 0.8513888888888889 0.0625 0.11875
2 0.5409722222222222 0.7909722222222222 0.04722222222222222 0.08888888888888889
2 0.7013888888888888 0.7465277777777778 0.05 0.08611111111111111
2 0.6548611111111111 0.7576388888888889 0.0375 0.05347222222222222
3 0.7784722222222222 0.40902777777777777 0.07222222222222222 0.08125
3 0.25069444444444444 0.5076388888888889 0.07569444444444444 0.08819444444444445
1 0.6409722222222223 0.60625 0.044444444444444446 0.05625
2 0.5111111111111111 0.5368055555555555 0.03958333333333333 0.05486111111111111
2 0.45416666666666666 0.6916666666666667 0.05 0.06319444444444444