2 0.6022288356187216 0.5064711558577165 0.039865628925970654 0.046011711077222295
2 0.6025495190704484 0.3802439007074079 0.030583091110011337 0.040940476105956865
2 0.6345313171503787 0.540515677640803 0.03938955022853874 0.050162214370030885
2 0.4376937082255078 0.45062175641546326 0.025685585707731523 0.04013288804450623
2 0.42701342278394666 0.4850530379082411 0.04209453942397911 0.04883797897657397
2 0.5477434790682489 0.4594255694850313 0.04151223076527862 0.037726867865462865
2 0.5594644343925164 0.5110245822340745 0.03387334187638973 0.037549070753024695
2 0.4922400417093674 0.5517693559593831 0.0376367184279622 0.04318544317787046
2 0.5688600673385367 0.6638346867595684 0.0519229916074699 0.06432588061450607
2 0.4813571144262989 0.6749763827240436 0.04651891904106486 0.04061778926024699
2 0.4575364963048881 0.6307253181344449 0.05130133574536318 0.0656986061295372
2 0.3398812779521891 0.6356164334674694 0.04750156490262185 0.059367789260246995
2 0.8707112297079859 0.8914243103655561 0.07581935122345587 0.09678755302240725
2 0.8098096256071746 0.933703443344476 0.07998601789012254 0.0968845332655557
2 0.6713722327734992 0.8729126965532721 0.0507131212621873 0.08094405715959851
2 0.6257729890926838 0.9619077614817595 0.06438069149182582 0.07618447703648093
2 0.6160163661472136 0.7960221624433337 0.04884815367586665 0.08506223370469128
2 0.31712104075483116 0.42631387833410517 0.03595372229748538 0.050775841945185286
3 0.9370981301815596 0.8251467259343835 0.12580373963688077 0.14472154432583326
1 0.4155452339299401 0.6103272346323768 0.04694974471061483 0.07530768473475306
2 0.9950028525295209 0.6963691415032106 0.009994294940958071 0.06002990695697545
2 0.5149098477302486 0.3490729756823461 0.030949986933936833 0.03470663947981478