1 0.7265312572412155 0.8287589211395295 0.08669713739511514 0.07513228634653457
1 0.9001309830013606 0.7603947465044449 0.13553465839500012 0.08169093486349463
1 0.6546001334474166 0.8199868655651255 0.05139271831604617 0.06141975962807117
2 0.5477602777362554 0.9484149825260261 0.04588663652201714 0.07717372704097
2 0.6411717231903897 0.6901411839361192 0.033223000459314436 0.04345238515772836
2 0.8636298259387729 0.7973766642304259 0.047872937045876064 0.07516314531074436
2 0.9267024492277269 0.9366072732229084 0.06681891737840336 0.10979718644775384
2 0.8536221464983574 0.9575943040655385 0.07419905210869362 0.08481139186892316
2 0.7905552673501395 0.7384833559841755 0.053008017093708934 0.06632937180792074
2 0.748683149713558 0.6667681823612841 0.045740129951016055 0.05914242201978368
2 0.675306107345535 0.5396980658876319 0.04884135042704211 0.06618386860170504
2 0.4439514156817462 0.6533444199953972 0.038262962411251225 0.06234788836394374