2 0.8720403555514271 0.1519182272787853 0.039531531582487234 0.04576921067796344
2 0.519089431247904 0.4257800162375465 0.03397597602693184 0.045672238095028836
2 0.3350720138202954 0.4380078892521642 0.03793215527997534 0.04296718975445199
2 0.3275926306967435 0.3445124422823674 0.030661619364926986 0.047694963564028116
1 0.6171925842176162 0.5863526861517224 0.047801882712245614 0.05423588131283168
3 0.2779489831152952 0.4230538791507547 0.07764227312301841 0.07278842135592688
3 0.784377569375851 0.43016523160733316 0.0657737353638879 0.08090356637765758
2 0.291056444245587 0.5795619469719937 0.04767591830509572 0.07087830483376475
2 0.2977887610712887 0.6737639599591018 0.042604319780361444 0.06801567604591933
2 0.35376611155665033 0.6214659531052015 0.0549887157233807 0.07586063167354413
2 0.4369415793297664 0.6220946976945168 0.05131636643770447 0.06400658982652124
2 0.46270690602027553 0.7763012438708198 0.06874127985495054 0.10176114285672434
2 0.4994080379715793 0.731274963928768 0.05167435906137585 0.07788335714254326
2 0.5394156265423982 0.5419375768438068 0.04442454384666582 0.06457981854229741
2 0.6075835057446952 0.7314673318948778 0.03493352973840524 0.049156581890118095
2 0.6540586616690673 0.7313496309572454 0.057430041680385416 0.08977376370816678
2 0.3831026443388232 0.5363437189783743 0.05976530382801855 0.05652528138490109
2 0.5058726258980015 0.4995244646501927 0.04220406565345358 0.04442880808054181
2 0.17844002008604645 0.6196715999293954 0.05056930013985424 0.06330002380920992
2 0.1491370286620606 0.5945226262639577 0.05114814052731794 0.07093891269809881
2 0.05353818385292807 0.4283580360756257 0.03841611231079661 0.040201533549541084
2 0.16392376946908718 0.3993837373750688 0.036017047857028535 0.03599850216427396
2 0.22081477195756602 0.4448569383134335 0.03595406565345358 0.04431971392474041
2 0.20445265595860507 0.4777382586596587 0.046676103090385765 0.05768386038932031
2 0.5012571837638202 0.29501487915221924 0.028420420471376277 0.045575265512094315
2 0.4841264606641108 0.3563441785749331 0.03174513748355028 0.03453688383818414
2 0.47006852576227554 0.3954270126296911 0.04348771083553089 0.04306416233738667
2 0.8722977241005375 0.46885508333955783 0.05430463162910541 0.06683285389576636
2 0.8510305952821091 0.6030768062832046 0.06352217612016804 0.08779952453063468
2 0.8006208009075919 0.5727480458210829 0.051463871647752686 0.07510557936476547
2 0.2770672322652454 0.30655691450422345 0.03706948492514436 0.049887391053162845
2 0.29922647228389265 0.2978478124120188 0.02522166786635217 0.0399712236650715
2 0.021229001650385177 0.798739356421851 0.042458003300770354 0.08221972582934553