2 0.47257144345430774 0.7178037127384038 0.043847453638868376 0.0705632560994022
2 0.5231042760450149 0.7287399864708284 0.04180452326896911 0.07391413797272846
2 0.6396046559516386 0.3187558321911982 0.031702513190464285 0.040708994122325884
2 0.9091455809816995 0.3544109225065985 0.04520402015700963 0.06786637188755477
2 0.8084601901831936 0.24021771071360373 0.0339878613409692 0.05819144558233281
2 0.6968390286795584 0.40980274686656026 0.04030250608246414 0.06411102218457579
2 0.6628668419973369 0.5262870789992611 0.04513937541551469 0.0623108163319993
2 0.5324890594808923 0.5186132964189534 0.032493924747151307 0.049082774238624435
2 0.5785733777141443 0.4347342555262111 0.029724227562060276 0.04961543155120785
2 0.946079939493619 0.40083790733758523 0.06264593719498951 0.075821985906131
2 0.6267124087630361 0.8899531865712188 0.09681965216775662 0.1499856537106862
2 0.7932578665393998 0.8906626253262216 0.06638481897587825 0.09894088648762375
2 0.7842800318976209 0.7079764405203327 0.05554036742343366 0.1212104046268463
2 0.6929608307164893 0.6834543047606367 0.06166107794044377 0.11046331456242263
2 0.7038527927718035 0.8209207071117062 0.06177420623805985 0.12018553678464501
2 0.46210483365164223 0.9016224074673204 0.04965350756771664 0.09241460814090204
2 0.5335199696584297 0.8474968356048631 0.052334318233252 0.08424306193942989
2 0.43803556139050925 0.644172054225188 0.035392911415231904 0.05966122803715229
2 0.4019410979913977 0.585204622611236 0.030531800304120792 0.059378100556395454