2 0.5833333333333334 0.9763888888888889 0.04722222222222222 0.04513888888888889
2 0.4638888888888889 0.9701388888888889 0.07222222222222222 0.059722222222222225
2 0.7479166666666667 0.9590277777777778 0.05694444444444444 0.08125
2 0.7145833333333333 0.8826388888888889 0.06388888888888888 0.07847222222222222
2 0.5847222222222223 0.9340277777777778 0.04236111111111111 0.04097222222222222
2 0.5888888888888889 0.8673611111111111 0.06319444444444444 0.1125
2 0.4215277777777778 0.8736111111111111 0.07222222222222222 0.13541666666666666
2 0.56875 0.7486111111111111 0.06805555555555555 0.10208333333333333
2 0.93125 0.38333333333333336 0.049305555555555554 0.06527777777777778
3 0.86875 0.37916666666666665 0.0798611111111111 0.12986111111111112
2 0.7506944444444444 0.21736111111111112 0.03680555555555556 0.06180555555555556
2 0.7770833333333333 0.41388888888888886 0.03611111111111111 0.05486111111111111
2 0.7034722222222223 0.4111111111111111 0.04583333333333333 0.07291666666666667
2 0.7368055555555556 0.525 0.05486111111111111 0.07916666666666666
2 0.7902777777777777 0.5319444444444444 0.052083333333333336 0.06736111111111111
2 0.9111111111111111 0.6680555555555555 0.04722222222222222 0.07222222222222222
2 0.7215277777777778 0.6708333333333333 0.06458333333333334 0.10138888888888889
2 0.5777777777777777 0.19722222222222222 0.03125 0.04375
2 0.5020833333333333 0.17152777777777778 0.035416666666666666 0.04791666666666667
2 0.7888888888888889 0.13680555555555557 0.027777777777777776 0.04236111111111111
2 0.6298611111111111 0.16458333333333333 0.03125 0.03611111111111111
2 0.7618055555555555 0.06666666666666667 0.03263888888888889 0.049305555555555554
2 0.6680555555555555 0.17083333333333334 0.02847222222222222 0.04236111111111111
2 0.6986111111111111 0.17152777777777778 0.027777777777777776 0.04097222222222222
2 0.38333333333333336 0.17291666666666666 0.03888888888888889 0.04791666666666667
2 0.31527777777777777 0.2826388888888889 0.029166666666666667 0.04375
2 0.10208333333333333 0.3861111111111111 0.03888888888888889 0.06319444444444444
2 0.18611111111111112 0.40069444444444446 0.04513888888888889 0.050694444444444445
2 0.175 0.33125 0.029861111111111113 0.06111111111111111
2 0.24583333333333332 0.47708333333333336 0.04513888888888889 0.06805555555555555
2 0.2722222222222222 0.42430555555555555 0.04375 0.06041666666666667
2 0.3138888888888889 0.4270833333333333 0.04097222222222222 0.06180555555555556
2 0.3736111111111111 0.40625 0.041666666666666664 0.058333333333333334
2 0.3798611111111111 0.34305555555555556 0.04236111111111111 0.059722222222222225
2 0.31875 0.49027777777777776 0.044444444444444446 0.05416666666666667
2 0.34305555555555556 0.4444444444444444 0.043055555555555555 0.04722222222222222
2 0.39652777777777776 0.49166666666666664 0.04375 0.06180555555555556
2 0.34097222222222223 0.5694444444444444 0.04861111111111111 0.06180555555555556
2 0.04027777777777778 0.5361111111111111 0.05555555555555555 0.07013888888888889
2 0.06527777777777778 0.6368055555555555 0.05625 0.06458333333333334
2 0.1361111111111111 0.5402777777777777 0.05 0.058333333333333334
2 0.05694444444444444 0.42777777777777776 0.04375 0.07847222222222222
2 0.19930555555555557 0.5291666666666667 0.05694444444444444 0.07361111111111111
2 0.35 0.7888888888888889 0.05 0.10069444444444445
2 0.4826388888888889 0.3715277777777778 0.052083333333333336 0.050694444444444445
2 0.49583333333333335 0.40208333333333335 0.04027777777777778 0.04236111111111111
2 0.5423611111111111 0.3993055555555556 0.03680555555555556 0.04513888888888889
2 0.48541666666666666 0.44583333333333336 0.03611111111111111 0.05138888888888889
2 0.4465277777777778 0.5291666666666667 0.04236111111111111 0.06041666666666667
2 0.5229166666666667 0.5 0.04513888888888889 0.07361111111111111
2 0.5666666666666667 0.5090277777777777 0.043055555555555555 0.06875
2 0.6145833333333334 0.49375 0.043055555555555555 0.05763888888888889
2 0.4708333333333333 0.5604166666666667 0.059722222222222225 0.08333333333333333
2 0.5638888888888889 0.6215277777777778 0.059027777777777776 0.08958333333333333
2 0.5298611111111111 0.6631944444444444 0.058333333333333334 0.08541666666666667
2 0.46805555555555556 0.6833333333333333 0.05625 0.09722222222222222