2 0.6680555555555555 0.6513888888888889 0.03819444444444445 0.050694444444444445
2 0.6659722222222222 0.69375 0.04861111111111111 0.07013888888888889
2 0.5826388888888889 0.6263888888888889 0.058333333333333334 0.06527777777777778
2 0.6111111111111112 0.7048611111111112 0.04652777777777778 0.05763888888888889
2 0.6048611111111111 0.7597222222222222 0.04791666666666667 0.05694444444444444
2 0.7361111111111112 0.7625 0.05416666666666667 0.07847222222222222
2 0.65625 0.8548611111111111 0.043055555555555555 0.06875
2 0.6166666666666667 0.8152777777777778 0.05347222222222222 0.07847222222222222
2 0.5263888888888889 0.8229166666666666 0.05763888888888889 0.07430555555555556
2 0.4166666666666667 0.6965277777777777 0.058333333333333334 0.07361111111111111
2 0.42777777777777776 0.6395833333333333 0.04513888888888889 0.06736111111111111
2 0.42083333333333334 0.5458333333333333 0.027777777777777776 0.0625
1 0.4111111111111111 0.9472222222222222 0.07083333333333333 0.10486111111111111
2 0.49236111111111114 0.9701388888888889 0.0763888888888889 0.059722222222222225
2 0.2520833333333333 0.6020833333333333 0.043055555555555555 0.06041666666666667
2 0.7673611111111112 0.8840277777777777 0.059027777777777776 0.07430555555555556
2 0.5902777777777778 0.41597222222222224 0.035416666666666666 0.043055555555555555
2 0.6451388888888889 0.48125 0.043055555555555555 0.05277777777777778
2 0.6201388888888889 0.4895833333333333 0.022222222222222223 0.03819444444444445
2 0.5201388888888889 0.4423611111111111 0.035416666666666666 0.041666666666666664
2 0.8138888888888889 0.2534722222222222 0.034027777777777775 0.034027777777777775