2 0.4628092279744081 0.09803601943360513 0.04265043970465854 0.06480958227042603
2 0.4602803320072125 0.16196126975881248 0.04939265023427674 0.06137776164411323
2 0.2908502338520822 0.06777585853338572 0.04734976368390862 0.06206008560978486
2 0.2701163974230514 0.24851322127053363 0.05807630634622759 0.09127927435113377
2 0.39549606080154137 0.016798171634174464 0.04581278593122862 0.03359634326834893
2 0.25402413089442183 0.1034187741371451 0.03685220345131152 0.06061059432703186
2 0.3244660466449281 0.14399506071945506 0.05444914612617929 0.07667978037943668
2 0.09178347086685276 0.5024141634145931 0.04750470168173485 0.07663937878352714
2 0.05454540292426064 0.614474249024378 0.040506112186255314 0.0995075635351027
2 0.08702120863879997 0.7546106212164728 0.09385634603833748 0.16923885931050411
2 0.11257145234691864 0.2987520536915966 0.055055847870658266 0.08709644704610327
2 0.22160672727997557 0.21475613418534892 0.06078688882614477 0.0663035153086794
3 0.578370781254187 0.032335066660472776 0.11225667128096417 0.06467013332094555
2 0.779529760592458 0.8485315700476985 0.11346257761464294 0.172129761556828
2 0.9284246472055704 0.7809760682710248 0.06723227360693614 0.08161361436318468
2 0.8719101230631855 0.9556694791473107 0.07822204436915159 0.07959492358330636
2 0.8135500412149567 0.9316952166782124 0.08906992738036605 0.11089744565798867
2 0.5527024373033936 0.12668958583222226 0.05432780577728348 0.07459644704610334
2 0.5039624886881077 0.20825067812072473 0.06133944551958861 0.09962876832283085
2 0.41428391549952964 0.3025541799846837 0.0713989402736028 0.08163785532073038
2 0.6752400886128146 0.2864477064855655 0.07091357887801955 0.07330452198739705
2 0.6379093728999549 0.20608203843078418 0.06600517184990842 0.08438331182178066
2 0.5983322406794123 0.26605475054764477 0.07482386657882485 0.09276512707020525
2 0.34327380072377695 0.46691172738612174 0.06355781746988759 0.0781211913430078
2 0.32177832455244104 0.6226450499636788 0.06301146188923433 0.10449795975312384
2 0.29816101232853925 0.5630399923695938 0.058109903995158 0.10377523419154279
2 0.2562585140981159 0.547306139563237 0.08086478352996364 0.10113078168026608
2 0.7248672743683596 0.5063724669161346 0.08569229699214449 0.08866310295699376
2 0.7001243013554652 0.4155133691624587 0.09237351333669244 0.1199413840741302
2 0.48667347794515936 0.4362062229205039 0.06621425489876963 0.07605401864803822
2 0.46097153634543575 0.5197173232758386 0.07971857533886621 0.1052893680277508
2 0.4164387011797816 0.6019486190512399 0.08926531216115766 0.12617118327617555
2 0.42034084370406344 0.776290536043114 0.1072194267486779 0.16029188472454495
2 0.5567823782129316 0.7692446246036986 0.09354647004268518 0.14008027296301925
2 0.5529337327184406 0.6435299793612993 0.09550161389308774 0.14981057550442325
2 0.5182966611112069 0.9195193554558826 0.10628230160644184 0.1561211778982874
2 0.6522043945825774 0.7735522338508507 0.09903418227913584 0.18662421137916063
2 0.947998577175434 0.6280326439500185 0.1026887390353238 0.15401764376699922
2 0.852259835676101 0.6063598834321643 0.09341828055975472 0.14979845502565026
2 0.7875994969043025 0.17603461697329234 0.061231803438762555 0.07394240419756828
3 0.9189509378723378 0.14123112855405384 0.13098547585761525 0.17500854332437932