2 0.6882132710207608 0.8878576987784844 0.04249192371459792 0.0694288080805418
2 0.6825239499494807 0.9434617406255074 0.05425813206674724 0.08212275324641086
2 0.6200967385318182 0.9431637932946321 0.06087502789067242 0.07599396897507897
2 0.6978429936192989 0.6379183066428185 0.03302741444279478 0.0609378942999399
2 0.6693766772215519 0.6647799368735132 0.04256471229693564 0.0708176969694307
2 0.8622305502799169 0.4137237828343408 0.03884068294876973 0.052713655122407964
2 0.4156635001780196 0.8988593553422769 0.06642467762175275 0.10245558730116879
2 0.4294648359233827 0.8340941984159415 0.05169872003598199 0.08624093362161034
2 0.593754062015128 0.8235946183304836 0.07220155183655869 0.09353690367919272
2 0.6414169279879303 0.6687370220104083 0.0302132423738483 0.06019496356402811
2 0.6161051032729166 0.5824526940881258 0.044544768581237786 0.04240608261154254