2 0.7298611111111111 0.5743055555555555 0.03333333333333333 0.06041666666666667
2 0.7020833333333333 0.5944444444444444 0.03958333333333333 0.0763888888888889
2 0.6763888888888889 0.6 0.022222222222222223 0.05416666666666667
2 0.5680555555555555 0.9708333333333333 0.059722222222222225 0.05763888888888889
2 0.45694444444444443 0.8125 0.05555555555555555 0.09097222222222222
2 0.46805555555555556 0.7486111111111111 0.043055555555555555 0.07083333333333333
2 0.6319444444444444 0.7444444444444445 0.0625 0.08819444444444445
2 0.6611111111111111 0.8555555555555555 0.05347222222222222 0.06944444444444445
2 0.6673611111111111 0.9736111111111111 0.05694444444444444 0.05277777777777778
2 0.6479166666666667 0.9194444444444444 0.05277777777777778 0.07152777777777777
2 0.6458333333333334 0.5125 0.04375 0.04236111111111111
2 0.7270833333333333 0.8611111111111112 0.041666666666666664 0.0763888888888889
2 0.7284722222222222 0.8020833333333334 0.03333333333333333 0.06736111111111111
2 0.7520833333333333 0.9479166666666666 0.04513888888888889 0.06875
2 0.7979166666666667 0.9590277777777778 0.06111111111111111 0.08125
2 0.5680555555555555 0.5256944444444445 0.04027777777777778 0.052083333333333336
2 0.8895833333333333 0.36180555555555555 0.03333333333333333 0.04236111111111111