2 0.38193922284597714 0.8746410482353967 0.0847773043833074 0.13905906786193895
2 0.4324035802621283 0.2086688260131745 0.049433160167825146 0.07550907733927248
2 0.3869377798000756 0.25013396438929547 0.0537050705413034 0.0769464497842825
2 0.33485362636418253 0.29653293921070933 0.04767591830509572 0.07063180504278756
2 0.806194097736355 0.174484597814591 0.07672698091478164 0.07860199823183792
3 0.756582351307974 0.23403761411701496 0.1355347310313271 0.13132369838743355
2 0.6563773036291612 0.5217562766461862 0.09963410733383884 0.13368128534549442
2 0.8350910943155141 0.5439608781031571 0.10333753767002286 0.11846007171652467
2 0.9067175549796249 0.9080831311267132 0.05868342591451494 0.16095806637668678
2 0.5972273609739241 0.8811557616875597 0.12278280221702699 0.16447925868165594
2 0.5087954485781481 0.6289360313318015 0.08964877584458766 0.13009593482565612
2 0.2703627160798121 0.4242546393663049 0.07126630871586843 0.08894593956432288
2 0.1228861047356105 0.5300455051630313 0.0734134443553366 0.12643785897163598