2 0.6428319020528762 0.8713164419794516 0.07067712889233728 0.09608565269920809
2 0.7047792324226719 0.8821752337246881 0.06425706788215785 0.09356527679122767
0 0.3303581252415534 0.2669009207700067 0.047633002426671886 0.0675455107837182
3 0.8772840873812577 0.6298253041222073 0.14797266600097222 0.2140390051786969
2 0.9221109112226982 0.5459044883882538 0.06394523205773844 0.10666260066352827
2 0.4928315582183326 0.7803048538705073 0.08344624889406131 0.14255026975147586
2 0.34548199080862635 0.8513708236263543 0.08459430397716537 0.11432084895961275
2 0.4100364648884475 0.6949510243931853 0.051459432461465185 0.09750374246697299
2 0.4667114454966242 0.6350590029377942 0.06207456094576508 0.0837459339968616
2 0.5142169881242975 0.5944511446291938 0.060912420070448864 0.08642659120249571
2 0.6080519613236299 0.5699370710260778 0.07454616013831128 0.10118956524067847
2 0.7001728116865289 0.7609727775099753 0.059948626401251044 0.10845457228043043
2 0.7170367940556831 0.43595817707053724 0.055073544109442055 0.0487323500582082