2 0.6247191991624685 0.2806641484277166 0.0503377780291768 0.06839556703802477
2 0.7178244920310278 0.48935423724882776 0.07032902662065826 0.07509814150604939
2 0.6609858202537442 0.34665311465524745 0.04528589938218093 0.05025919461317901
2 0.6641492239613564 0.7868010048107105 0.10033714822506157 0.12500174189435206
2 0.10445690882855883 0.4334961283348149 0.05490360854547309 0.08097638390731482
2 0.08852655423658326 0.5682662600471605 0.05450444469584351 0.06849254728117289
2 0.10550550047180958 0.5880662987164815 0.05048541832658423 0.062161730411882686
2 0.12538373651748855 0.6093198797701236 0.05854959932983527 0.06720063863543228
2 0.19013296873020474 0.5255842039846915 0.06175266922197519 0.07212640324197536
2 0.44297685299061573 0.8253140716807101 0.08060592267267452 0.15295673615311722
2 0.5581057308627554 0.9388929533090434 0.12821030977078166 0.12221409338191304
2 0.7734603217931268 0.301451894796729 0.05347159241810699 0.056686991725617336
2 0.7211509633681888 0.32934165492861167 0.06504262339518492 0.07012388677793216
2 0.7905947780085177 0.3864004042529636 0.06132737710761312 0.06726529213086425
2 0.9870333111741354 0.4690918476835811 0.025933377651729313 0.09031126578839518
2 0.9792954965863265 0.7103382666299392 0.04140900682734683 0.1265199377741049
2 0.9826999583729418 0.7801700514155255 0.034600083254116495 0.09468805631521617
2 0.9626107287887132 0.8382926802572538 0.07477854242257347 0.12340272914530853
2 0.5984304147037025 0.6376559217308337 0.050580802094526686 0.07117334481580238
2 0.5324156950471183 0.5564209238417905 0.11061467408119306 0.1474179246028705
2 0.24896147948522543 0.4929949664802779 0.05399226830041136 0.07055971724064815
2 0.31489183407720095 0.35938859768571013 0.0464056359409876 0.05513646909814819