2 0.4808739290400311 0.8819745003640076 0.06725248980735314 0.10185811543965902
2 0.4598067294556206 0.9615169357895456 0.08576816055107848 0.06190762012928543
2 0.5382640531678853 0.24132446861839432 0.032990382773300866 0.06098638059140708
2 0.4832130545559999 0.20964318398598403 0.04123483259563348 0.04585406168803116
2 0.44936304380022357 0.24079269661201366 0.0384247335411282 0.04025001984100827
2 0.46381351487225336 0.337078042932455 0.03919998117739125 0.05415103030276403
2 0.49379583077109274 0.3573901486325152 0.06147068531470489 0.0628722539678356
2 0.5610801788499759 0.34301991161998946 0.05735250056312948 0.07113285786396793
2 0.2891614316022717 0.5193114675344267 0.05445351799762348 0.05025103823916734
2 0.38696093364080114 0.49746343687131644 0.05879795168629158 0.08087932323192383
2 0.3081053592626369 0.5523175184003559 0.06286765452277565 0.06428538600245809
2 0.1739402160587671 0.5310458708525405 0.06084492358330643 0.07466568795052429
2 0.4226478279948634 0.42391644841557524 0.044263100268049506 0.0889581035350539
2 0.4506882161460524 0.46857047438979144 0.05390047913886191 0.07454447222185602
2 0.7943381381666736 0.6841223167442281 0.16240800233980318 0.22572887157176844
2 0.8875957017017764 0.7172202482022966 0.09522419524549611 0.1356763116876651
2 0.8720315355982392 0.7876379332671224 0.10700955000309685 0.13241015620417865
2 0.9224395917169242 0.8569040689096004 0.10778479763936022 0.14631116666593427
2 0.3509059217587657 0.3883594148653019 0.05178482452880115 0.06895255194770016