2 0.649651563094724 0.6209088936558627 0.03226980185627137 0.03805059903669038
2 0.37015379487549477 0.7584465809894583 0.03987826118891399 0.0674719336881348
1 0.8998893583344637 0.6800251364954389 0.13695780626729226 0.11301521301197082
2 0.5575015441637579 0.8582473552357486 0.04827628306189698 0.06920037989006005
2 0.4625416090462006 0.5904110816402512 0.034240887602007004 0.05060719192219633
2 0.6325530355693688 0.5564517127179236 0.045998884109614675 0.06494882389513444
2 0.6875644826786381 0.4765799981764191 0.03926372006224233 0.05427748924369003
2 0.6292100874959401 0.8068065998493313 0.05015033599815821 0.07967363944223299
2 0.7600853592530926 0.6011602779231009 0.05161912820482005 0.0665640843260478
2 0.7932531418101445 0.6628833073443859 0.05095702803020035 0.0672302323277391
2 0.9242005551002493 0.842612389017687 0.07324585350565087 0.09932912561033112
2 0.8514113507993034 0.8726102559545859 0.06160201929921938 0.10232030830575115
1 0.7365940516533876 0.7483671703269522 0.07870246153815307 0.06766764559341709
1 0.6643566146530423 0.7367549634826904 0.05123099696692195 0.05823075099271446