2 0.2888665932173318 0.25013139472338364 0.032421199412969455 0.04246005863416416
2 0.869613840724196 0.9887658632918522 0.07292523378597922 0.02246827341629556
2 0.9782305818215434 0.7301012327864523 0.04353883635691318 0.08222224280832348
2 0.5483845583492063 0.9499354143908562 0.06804036742343365 0.10012917121828764
2 0.8592028220170866 0.7111818525830139 0.05212422282339351 0.06558792041148157
2 0.5408573381780558 0.7907479329080385 0.06339694578824183 0.0799943176175677
2 0.5295922092792684 0.7173461021939995 0.05098583230779749 0.08705100964960985
2 0.43606700629462297 0.5533544363549003 0.03943028859890869 0.048339056887967996
2 0.4296962839309459 0.6023365492122076 0.03416563438008037 0.07308030272936937
2 0.5175917464459763 0.580749827035516 0.047852508451797525 0.05636607701475482
2 0.5782584249593098 0.5454016783356562 0.05049291615389866 0.04468989853849858
2 0.6145957926656532 0.5665280248109916 0.051518664898504575 0.07319446503054555
2 0.46138166288278476 0.52191228544953 0.045115133637454126 0.05970892215767773
2 0.6917675259919162 0.5180672496980387 0.05008129245349456 0.06896310982422922
2 0.6868745790366835 0.5747529399838845 0.055564122674868266 0.06297186398282785
2 0.7075453274630278 0.4424546232849456 0.04724695052690875 0.0639726216338188
3 0.5202796646509468 0.4538605593211317 0.08930148564254492 0.09924661115664182
3 0.6170836421599556 0.6610371577950857 0.0889545066836356 0.12907537799792804
0 0.8917119348963598 0.6419010442012721 0.10094591587098907 0.1455974528071724
2 0.3711908255180589 0.286586907451602 0.03744392237781792 0.05657535741182684
2 0.8779256610792708 0.3518325468205664 0.04643937778484807 0.05421805514177183
2 0.5682671105452917 0.223582802129455 0.03041867200650472 0.04930747026913419
2 0.8161999383973321 0.23651859534580663 0.03730655230214129 0.04476980185627129