2 0.2674805073962742 0.21073470846077139 0.03441169820532571 0.04310462630858025
2 0.35578259392154465 0.23440873117296265 0.041801057262388024 0.050905148936049395
2 0.5573407670975737 0.14905265358157363 0.03302280931643682 0.043072299560864225
2 0.7705482617888437 0.19207181796925862 0.03571969352828401 0.04174806416740743
2 0.8100040536604907 0.1292641332345055 0.041153908734943595 0.03979403782493828
3 0.5240726849983682 0.3897350963372527 0.09679655896922049 0.10211740197540138
3 0.6415936391776078 0.604655537995802 0.10756354841450483 0.1321886369466668
2 0.7192252721553271 0.36154975042432036 0.04890043970465854 0.0656339526341049
2 0.7650847059823115 0.45644560807388834 0.04934535431727656 0.07327284152299379
2 0.710479973837062 0.4382457434165118 0.06045646542838767 0.07353145550472233
2 0.7115041936580192 0.5035881746897216 0.06062510169428366 0.06451984110080262
2 0.4425986076389487 0.566868661686512 0.05028247945951263 0.07745567156351854
2 0.6347917305054082 0.49981059025854885 0.05710558355506126 0.07553397196876546
2 0.5942781211638736 0.48475968034623407 0.053815695866804784 0.04286275633216058
2 0.5359173912944007 0.5334042794679625 0.05143553678464485 0.061531939462870375
2 0.4725549586053045 0.4722943296197527 0.05237266192688092 0.06571476950339511
2 0.45014355271508155 0.5173206555230861 0.047767929781631184 0.046189508189660465
2 0.563855660161551 0.6787850383332712 0.060604554292178946 0.09988801764589507
2 0.5812565700343831 0.750700156452191 0.07416301978331066 0.10644512174919751
2 0.6035378423779426 0.9302864902077156 0.07954993907297023 0.11558604314398148
2 0.9461752318357758 0.9390007769362338 0.09635849349063758 0.08268912090481485
0 0.9296941398092963 0.5485775287937339 0.09894023846637955 0.13892295753095676
2 0.903135966633267 0.6298604361729006 0.058204495829158355 0.08249457978706798
2 0.9963413008806373 0.6230591395673757 0.0073173982387253825 0.07737485469422849
2 0.9839782137864227 0.5394192827621905 0.03204357242715458 0.07890921394783956
2 0.8847737751882804 0.24295790037419682 0.04608906427795066 0.053085462512530844
2 0.9663405003179675 0.258444060117777 0.05286487245649912 0.062258710655030886
3 0.7444972934529912 0.10297338585166604 0.04931175666834646 0.060789004896851906