2 0.41610811159509303 0.5722222222222222 0.03675998903244341 0.05347222222222222
2 0.5473301329805984 0.5076388888888889 0.040437133456380066 0.04583333333333333
2 0.688701808900372 0.44722222222222224 0.03400912536811455 0.043055555555555555
2 0.7049151936425893 0.48680555555555555 0.05132573445715928 0.04236111111111111
2 0.6656609623723378 0.4708333333333333 0.03888782438784312 0.05416666666666667
2 0.7733195681719356 0.5680555555555555 0.054352936458718026 0.035416666666666666
2 0.6309760449694419 0.5569444444444445 0.04627728905295119 0.06111111111111111
2 0.5690287216439015 0.5916666666666667 0.05015002947377067 0.06736111111111111
2 0.5248574220335496 0.4465277777777778 0.035807858660432304 0.027777777777777776
2 0.4746442381280493 0.47152777777777777 0.04314349509864254 0.05555555555555555
3 0.9199581959066465 0.7722222222222223 0.07099056000984408 0.15416666666666667
2 0.7791050853451433 0.94375 0.06774191239899968 0.10347222222222222
2 0.7229574192937106 0.7145833333333333 0.05577700116484152 0.05763888888888889
2 0.6638582253804174 0.7048611111111112 0.07361830831385119 0.08680555555555555
2 0.6090821146138362 0.9527777777777777 0.07966338611213675 0.09444444444444444
2 0.5471337267872499 0.9333333333333333 0.0805979285755304 0.10902777777777778
2 0.5620067283622474 0.7229166666666667 0.05915089313809953 0.07777777777777778
2 0.516904079791639 0.7548611111111111 0.06766223455969837 0.08055555555555556
2 0.4606375563840674 0.8201388888888889 0.05070164164718452 0.08680555555555555
2 0.4305374117550529 0.8888888888888888 0.06559648913498235 0.09166666666666666
2 0.3904925347934842 0.9611111111111111 0.07859533758254397 0.07777777777777778
0 0.3663532778146908 0.3625 0.038059873877199696 0.052083333333333336