2 0.3612365083810938 0.4965974044582376 0.026833321486666426 0.040348550573383254
2 0.0730648461348323 0.6503256923936027 0.0422242275620603 0.05131788687025423
2 0.401633548942671 0.7285842208908336 0.033971700155595703 0.057582087273981286
2 0.43160778835139824 0.721299539814516 0.03529594430298965 0.05213990572521191
2 0.4563658570974182 0.6843946960443865 0.03666059141381797 0.050169946398664754
2 0.5203683608105492 0.6201087689087166 0.03813836682226237 0.057922209294339826
2 0.5822437225405311 0.9630871964416479 0.05253633305042374 0.0738256071167042
2 0.8512603820991974 0.9630336010931283 0.05667875793902984 0.07393279781374341
2 0.5766411430087319 0.8019538105270726 0.04389593719498951 0.07573681643259597
2 0.3201501848080037 0.6225329119314961 0.03529594430298965 0.05213990572521191
2 0.9079011697079225 0.5891834297986882 0.06485856001131272 0.08854853764550101