2 0.27847222222222223 0.6090277777777777 0.03125 0.04375
2 0.8604166666666667 0.4597222222222222 0.04583333333333333 0.07291666666666667
2 0.5298611111111111 0.9611111111111111 0.05555555555555555 0.07777777777777778
2 0.6041666666666666 0.8152777777777778 0.052083333333333336 0.10555555555555556
2 0.7979166666666667 0.85 0.06944444444444445 0.12291666666666666
2 0.8958333333333334 0.8097222222222222 0.07569444444444444 0.1076388888888889
2 0.9576388888888889 0.5708333333333333 0.06388888888888888 0.09791666666666667
2 0.6986111111111111 0.7236111111111111 0.058333333333333334 0.08680555555555555
2 0.7222222222222222 0.6555555555555556 0.04722222222222222 0.07430555555555556
2 0.6916666666666667 0.5930555555555556 0.059027777777777776 0.09375
2 0.7430555555555556 0.3375 0.0375 0.05416666666666667
3 0.5083333333333333 0.6284722222222222 0.052083333333333336 0.09861111111111111
2 0.9027777777777778 0.3472222222222222 0.03819444444444445 0.050694444444444445