1 0.9673611111111111 0.6951388888888889 0.06458333333333334 0.11180555555555556
2 0.9597222222222223 0.5215277777777778 0.04097222222222222 0.06875
2 0.7590277777777777 0.2763888888888889 0.04722222222222222 0.052083333333333336
3 0.0625 0.7680555555555556 0.075 0.1125
2 0.04027777777777778 0.5805555555555556 0.034027777777777775 0.05138888888888889
2 0.13680555555555557 0.6527777777777778 0.041666666666666664 0.06597222222222222
2 0.5368055555555555 0.7361111111111112 0.07222222222222222 0.08472222222222223
2 0.5097222222222222 0.8520833333333333 0.07291666666666667 0.09166666666666666
2 0.7180555555555556 0.53125 0.03333333333333333 0.07222222222222222
2 0.5215277777777778 0.6222222222222222 0.04861111111111111 0.06736111111111111
2 0.5083333333333333 0.5083333333333333 0.034722222222222224 0.05138888888888889
2 0.4548611111111111 0.4027777777777778 0.030555555555555555 0.050694444444444445
2 0.7104166666666667 0.36527777777777776 0.035416666666666666 0.04583333333333333
2 0.23819444444444443 0.5888888888888889 0.0375 0.05555555555555555
2 0.2763888888888889 0.4673611111111111 0.03125 0.04236111111111111