2 0.618696257060926 0.6163775807845239 0.0420358397430669 0.05269613045872713
2 0.6134029906698395 0.6588478747691413 0.053925918305095716 0.07268648927070337
2 0.5351739771168678 0.5958540785982837 0.0632797875534774 0.06833489823595519
2 0.5576999299042359 0.672834134882586 0.05089539161045814 0.060077306397196946
2 0.5472928034851786 0.728022794614216 0.05223165864594124 0.05945565053509022
2 0.6783323160715554 0.7239220513610947 0.06011293610152077 0.08131097693338694
2 0.5914724984574744 0.8204685059566154 0.04826511904272858 0.07100644605246423
2 0.554888610768271 0.7829596472199024 0.05941849165707633 0.08127458264221825
2 0.4640319926030296 0.7953297939607324 0.06326942720330825 0.0773262817225641
2 0.3638869477006609 0.6746912030765106 0.0639112497943469 0.07666823156928852
2 0.37931305079104666 0.6171644499733657 0.05024320866925033 0.06972674003708176
2 0.37947255655638357 0.5237783928850535 0.03251374458429868 0.06395577164675122
1 0.3393349030656157 0.9256768018503052 0.07877923319760735 0.10857332881032657
2 0.41884838190322476 0.9443353364502248 0.08091436828178662 0.06372559425078793
2 0.20646018643051478 0.5888722056390667 0.04763365680185908 0.0626731127191309
2 0.7003734917255424 0.8438120860362774 0.06465831609219713 0.07739907030490183
2 0.5587572875877105 0.3850370747287604 0.03867922157782557 0.04491166440516328
2 0.6086719444786776 0.4474397035042047 0.04705481641439538 0.055034223830242014
2 0.583040482237808 0.457083231319614 0.025116424159540587 0.03935906176184542
2 0.48661876826940165 0.4151017870256959 0.038573977871013986 0.0435227755162744
2 0.794681912395776 0.21081811297241368 0.03660624859466124 0.035811098045047944