2 0.3201679503891095 0.50643815417179 0.025593003476409137 0.034577332488950674
2 0.32684296562086695 0.4777719714632714 0.02915296839859683 0.02425764606543213
2 0.7368333210132878 0.6399896458988266 0.05343797655204759 0.060191540695555545
2 0.5724186239458504 0.6347764243515428 0.055554907534311346 0.0727238674432717
2 0.6820593045808978 0.7024584804140118 0.07576784085509587 0.08637088635574075
2 0.8682842588856255 0.7836565065037339 0.08240176128264365 0.12882897771000015
2 0.7405524809823596 0.9187528088504934 0.06166986891734546 0.09436478883805535
2 0.9984367124289298 0.9364152177504004 0.0031265751421402557 0.08325367772694456
2 0.9484490448795984 0.7511936728329314 0.07046866426540153 0.06682946166814835
3 0.3940429376213613 0.4018015884003392 0.05923621280539477 0.06448751435308647
0 0.6199526662274576 0.448002034280802 0.05301981045432519 0.07682588061450622
2 0.7193789141106647 0.5193987631733635 0.05225132157798511 0.06363143617006162
2 0.7429838241089852 0.45904616937067844 0.045151939135714275 0.04890263247200626
2 0.7096772392905473 0.48415989361913525 0.04196969352828401 0.04189353453212969
2 0.6755953164617344 0.5079008923525612 0.03964367949715905 0.03767837774388896
2 0.6603990802711314 0.4380206174454007 0.037553497029790925 0.04941927980401238
2 0.6739774451431237 0.48012311457478346 0.04058080463939512 0.0418612077844137
2 0.6512349678338994 0.6030403618729007 0.04793656604752717 0.03717789378574076
2 0.6147865841909964 0.6219687396167897 0.04008174497574212 0.05710665881447533
2 0.4517757703230062 0.4498302374211107 0.03743215668089495 0.04733594647067905
2 0.49965199020670764 0.44802052018046257 0.041807906396422984 0.03911575675435191
2 0.39234158065184316 0.6591339538173762 0.05167821748243632 0.0656986061295372
2 0.3934075432982541 0.5819213134931787 0.039886360194950676 0.04184504441055563
2 0.3886883199381435 0.5486526336552774 0.03938730053129768 0.057090495440617256
2 0.4258790919637355 0.44695606003163546 0.032867871318610596 0.028505129601388842
2 0.7887150684530388 0.5636804126163265 0.06327468998913068 0.07429055344459876
2 0.7850057186245716 0.6910223599313882 0.06584338471804724 0.0826723768995063