2 0.6701388888888888 0.19583333333333333 0.043055555555555555 0.0625
2 0.3020833333333333 0.25 0.03333333333333333 0.05138888888888889
2 0.3854166666666667 0.3236111111111111 0.05277777777777778 0.07083333333333333
2 0.35625 0.44305555555555554 0.04791666666666667 0.06180555555555556
2 0.38333333333333336 0.3972222222222222 0.044444444444444446 0.06527777777777778
2 0.4173611111111111 0.49930555555555556 0.05 0.07569444444444444
2 0.3576388888888889 0.5979166666666667 0.05694444444444444 0.08402777777777778
2 0.32708333333333334 0.5006944444444444 0.05138888888888889 0.07291666666666667
2 0.3138888888888889 0.4270833333333333 0.04722222222222222 0.07847222222222222
2 0.2638888888888889 0.42569444444444443 0.052083333333333336 0.07222222222222222
2 0.23819444444444443 0.4888888888888889 0.05277777777777778 0.0798611111111111
2 0.16041666666666668 0.4 0.05625 0.07152777777777777
2 0.1388888888888889 0.31666666666666665 0.04097222222222222 0.075
2 0.05625 0.38472222222222224 0.05347222222222222 0.08680555555555555
2 0.03194444444444444 0.7173611111111111 0.05763888888888889 0.11388888888888889
2 0.10486111111111111 0.5784722222222223 0.059722222222222225 0.08055555555555556
2 0.5888888888888889 0.1527777777777778 0.0375 0.04791666666666667
2 0.5104166666666666 0.12708333333333333 0.04027777777777778 0.04583333333333333
2 0.3763888888888889 0.12222222222222222 0.03888888888888889 0.050694444444444445
2 0.4354166666666667 0.030555555555555555 0.03819444444444445 0.05347222222222222
2 0.5048611111111111 0.35347222222222224 0.05416666666666667 0.05486111111111111
2 0.5208333333333334 0.3909722222222222 0.04375 0.05347222222222222
2 0.5145833333333333 0.43819444444444444 0.03819444444444445 0.06597222222222222
2 0.5611111111111111 0.5 0.05 0.08263888888888889
2 0.59375 0.5756944444444444 0.035416666666666666 0.06458333333333334
2 0.6138888888888889 0.5041666666666667 0.052083333333333336 0.06597222222222222
2 0.5715277777777777 0.3854166666666667 0.03958333333333333 0.05625
2 0.5104166666666666 0.5805555555555556 0.06944444444444445 0.09513888888888888
2 0.38958333333333334 0.8673611111111111 0.06527777777777778 0.12569444444444444
2 0.48055555555555557 0.9395833333333333 0.075 0.12013888888888889
2 0.8527777777777777 0.98125 0.05555555555555555 0.03680555555555556
2 0.8069444444444445 0.9277777777777778 0.06458333333333334 0.08680555555555555
2 0.6673611111111111 0.9215277777777777 0.07569444444444444 0.1326388888888889
2 0.5131944444444444 0.7229166666666667 0.06805555555555555 0.11180555555555556
2 0.5854166666666667 0.6916666666666667 0.0625 0.08819444444444445
2 0.6201388888888889 0.6395833333333333 0.06527777777777778 0.10555555555555556
2 0.6298611111111111 0.7763888888888889 0.07152777777777777 0.09930555555555555
2 0.6652777777777777 0.35833333333333334 0.05277777777777778 0.06944444444444445
2 0.7423611111111111 0.3229166666666667 0.03333333333333333 0.05
2 0.8236111111111111 0.39305555555555555 0.041666666666666664 0.06041666666666667
2 0.8013888888888889 0.2125 0.03888888888888889 0.05
2 0.7722222222222223 0.17152777777777778 0.03888888888888889 0.05625
2 0.7541666666666667 0.39305555555555555 0.059027777777777776 0.0798611111111111
2 0.8486111111111111 0.51875 0.05416666666666667 0.0763888888888889
2 0.7888888888888889 0.5118055555555555 0.05694444444444444 0.07291666666666667
2 0.7909722222222222 0.6868055555555556 0.06805555555555555 0.10069444444444445
2 0.9763888888888889 0.6625 0.04722222222222222 0.07430555555555556
2 0.9722222222222222 0.3576388888888889 0.05416666666666667 0.06666666666666667
3 0.9097222222222222 0.35 0.09027777777777778 0.13125