2 0.6909940640082287 0.6588413948782251 0.05595662978502326 0.071510084765418
1 0.7542029693156416 0.8808761454315692 0.05474632715669006 0.05553786254319593
1 0.8374836807955691 0.8835772741174922 0.08662778939755955 0.06514453580041707
1 0.9600600546883893 0.7928632337284746 0.07987989062322134 0.08598847256414376
2 0.9705004629059079 0.8391516733398456 0.0461188035058203 0.07872452701301111
2 0.8836518257445558 0.7802288410966756 0.059534095714057066 0.07304045586807224
2 0.8316410148624069 0.715110238545023 0.0579873412649508 0.07090052964923264
2 0.7320031079988772 0.9533553988325577 0.05626200055528885 0.08467623276710962
2 0.9725672851198734 0.9851737218241643 0.05486542976025311 0.029652556351671442
2 0.7258438908427207 0.7350298454738539 0.04635001161978178 0.06350334212073928
2 0.5159215415570445 0.7147070606496262 0.04228858865992669 0.06472245235310968
2 0.7321225115855489 0.5712105160948531 0.046455255326593364 0.06489223100962818