2 0.29356646768480393 0.5568315570807642 0.02171766527855199 0.033265283246801405
2 0.3010477903496461 0.5295259547817199 0.026530294474571843 0.025073393800738586
3 0.36734680249353713 0.4643917084547078 0.054550481827806155 0.06754831125180848
0 0.5848937609458315 0.49001159051119697 0.048284321189442245 0.06458867704754015
2 0.9450577495790586 0.9136331394397833 0.07351057012653478 0.10420499164239187
2 0.8725724539782279 0.7511310518762884 0.06143836403797738 0.05802815172568722
2 0.7949522424244969 0.7804774874059506 0.06866965981337848 0.10753576997734342
2 0.6858916803647941 0.6586296654651231 0.042010080231896535 0.06024015395438261
2 0.7312927166218967 0.5829904961153023 0.05319795437523567 0.07375789871258828
2 0.6188286150530177 0.4730492610780808 0.03569543767844152 0.048947186416780794
2 0.698814971111448 0.49225331785069937 0.037770690692593055 0.047618916336722036
2 0.6324189951373743 0.5407208975110448 0.03565099592294132 0.041308297527891905
2 0.669939195935329 0.5431019811743227 0.03712876832283093 0.056626487844889876
2 0.6669917314547318 0.5140161395860964 0.03074544305632969 0.033527964751732496
2 0.6329437528789992 0.511534024574768 0.03211009098767319 0.029401710624286023
2 0.5995906817529086 0.6284963540078843 0.05156665591089033 0.032050819506701425
2 0.5247644086153191 0.660539742236884 0.044061092288502364 0.05474521720765735
2 0.5280063417408577 0.6208553775555004 0.03634948052697666 0.042022948241946446
2 0.5650098651163694 0.6538122230439438 0.032190894179491794 0.04329059951317491
2 0.6285840845623624 0.7172512302872043 0.051821185965119636 0.07580081950670142
2 0.7236219694614776 0.6971218602395122 0.04830048182780615 0.06736645482531792
2 0.6672193694074167 0.9112989806171489 0.051800985167164984 0.0723285972844792
2 0.735505214059656 0.9489020995286943 0.054514120391487744 0.06129831125180848
2 0.9841795469868333 0.7186505569935684 0.03164090602633331 0.07811385308344762
2 0.4224462830205138 0.5037676353777336 0.032215135137037505 0.04745726617984158
2 0.3987866899943113 0.49612131521114294 0.030705041460420388 0.026583520307288052
2 0.46753264983472037 0.49342645007530056 0.03352322083410747 0.03360878983017288
2 0.47291043836827457 0.46270924436286437 0.025234329256274654 0.041005203483740614
2 0.35419322265019954 0.5911847227357983 0.0336282649834721 0.051664345385728436
2 0.35924422126208494 0.6236821677374166 0.03913533862393624 0.043492662209275564