2 0.9305654878955273 0.4791666666666667 0.033595943706744597 0.04513888888888889
2 0.4582279530659575 0.9368055555555556 0.040750476449917986 0.08125
2 0.503318360039755 0.9284722222222223 0.04285401058120597 0.08472222222222223
2 0.4008022666249936 0.7347222222222223 0.04624138945201837 0.07013888888888889
2 0.4033012733909964 0.6868055555555556 0.03217473354112804 0.03958333333333333
2 0.40283665503803817 0.6069444444444444 0.030806045450193803 0.043055555555555555
2 0.5198866738606468 0.5534722222222223 0.03294594101780035 0.05277777777777778
2 0.604608896082869 0.5534722222222223 0.04331008560978486 0.04375
2 0.5774523768717013 0.4215277777777778 0.026594937028026934 0.035416666666666666
2 0.698814971111448 0.5125 0.03629291829270345 0.03125
2 0.7031715252788888 0.5451388888888888 0.026594937028026934 0.035416666666666666
2 0.4757183492839787 0.9590277777777778 0.030870688003648974 0.05416666666666667