0 0.030802124380812607 0.42370693009135796 0.0388546432187143 0.05985210984453696
1 0.2775086276647425 0.7959239266305245 0.07922571678800397 0.1814612851230556
3 0.8958815563712293 0.8356243736942585 0.07337398350486588 0.12861885384984584
3 0.3656420779241169 0.7591974460499071 0.06970637650185235 0.11327642257663575
1 0.6469087371987562 0.3594346709747217 0.06910587587016405 0.16250116126290126
1 0.5589843699882431 0.40447832151481433 0.08259094495064434 0.08444918676098767
1 0.7927003277066357 0.21387321183972155 0.08567239761128399 0.05400677482243831
0 0.8838610855756146 0.18470480327870295 0.053512020983943226 0.073369821766142
0 0.9183536773468707 0.1402112880812338 0.03628594848979769 0.05147028638962965
0 0.7229000073920274 0.3763905364764808 0.046527129756533565 0.07251374358311738
0 0.3365377014850088 0.9374116349218515 0.08188280223813023 0.10801180775052456
2 0.7249001341741049 0.8659571258045055 0.052264371824810814 0.11148344934129631
2 0.12474815718284825 0.4776940577512344 0.038531068954992205 0.054296554288981405