1 0.6460211978290368 0.4658769835256434 0.08089039505413591 0.0747459329509681
0 0.8401695215892924 0.43070584058362915 0.035586465899835516 0.05226918067451657
0 0.4777615596575133 0.5036764183405705 0.043434196372449996 0.04537321814516354
0 0.533535798268475 0.4568052269975627 0.03461526017839797 0.03838029178562768
0 0.7918697786741389 0.2566103733268026 0.033745933996861606 0.055729282417966014
0 0.5771092988505567 0.9706496741309513 0.04396835951924093 0.05301210703405243
0 0.37410429069035345 0.6605930446730758 0.04296795291892705 0.05855958227042603
0 0.6760711440443473 0.6372997171540566 0.02855950132268548 0.041121708127087056
0 0.9894829435528563 0.5519867056211621 0.02103411289428752 0.08852573753090162
0 0.8513136219385414 0.7390997763108266 0.058347610236606014 0.0898863453026539
0 0.46174488904464617 0.7316400434595315 0.043434196372450155 0.04537321814516354
0 0.5423826411967421 0.8416324933691494 0.04994635721000533 0.06901261037341126