1 0.8977192783194321 0.7569444444444444 0.07034629529919635 0.05486111111111111
2 0.9825594820086034 0.6416666666666667 0.03434364681383752 0.034722222222222224
2 0.49327832374314273 0.9145833333333333 0.025457312923330103 0.03958333333333333
3 0.6554208735806464 0.6875 0.037788231488747846 0.05763888888888889
2 0.7961060329013373 0.8208333333333333 0.03587397958999677 0.03958333333333333
2 0.9060612115176838 0.9243055555555556 0.03754575625342669 0.049305555555555554
2 0.8148444264966456 0.9875 0.028505203483740617 0.025
3 0.9769221001287259 0.5694444444444444 0.046155799742548236 0.06319444444444444
3 0.7985816356112423 0.5479166666666667 0.04304069300015196 0.04722222222222222
3 0.4983679665104498 0.7076388888888889 0.04530588275997616 0.05347222222222222
3 0.5309952489946469 0.8743055555555556 0.06147273640059754 0.08402777777777778