1 0.8940116337965188 0.6516469029977793 0.06514689899440593 0.05307518397544126
3 0.5308796592799961 0.8025243481294697 0.05009312956466374 0.09129802922733966
3 0.49986784679196467 0.639925059914896 0.04242830742701058 0.05606562397457916
3 0.7987171454150443 0.45039944508858687 0.03670297321493668 0.05144546128076747
3 0.9747924102396607 0.4625032091224077 0.04792727009706002 0.055130231112835305
2 0.8149133141001895 0.8991806172098775 0.03434964207845484 0.061635379933861464
2 0.9055507053973527 0.8151389828629163 0.03141741546252964 0.0406319855903487
2 0.8760090953929297 0.9109155145813419 0.030609785247072967 0.03779752080917799
2 0.7939503145230349 0.7267032461666288 0.028300080371714862 0.032071904243443014
2 0.9740932394072387 0.530842199694929 0.03382733948451744 0.0318309558261436
3 0.654433026851163 0.60292161559928 0.03369882389513429 0.045663157711639236
2 0.6386553039946727 0.8654923883948855 0.02855474835649261 0.03832190424344301