0 0.43472222222222223 0.7416666666666667 0.075 0.1111111111111111
0 0.5305555555555556 0.6729166666666667 0.075 0.1701388888888889
0 0.7305555555555555 0.33819444444444446 0.08055555555555556 0.14791666666666667
2 0.7756944444444445 0.09375 0.03194444444444444 0.03958333333333333
2 0.9097222222222222 0.5270833333333333 0.041666666666666664 0.0763888888888889
2 0.8159722222222222 0.8173611111111111 0.02361111111111111 0.049305555555555554
2 0.6527777777777778 0.6923611111111111 0.030555555555555555 0.06180555555555556
2 0.6208333333333333 0.6333333333333333 0.030555555555555555 0.05694444444444444
2 0.5402777777777777 0.5680555555555555 0.027777777777777776 0.05416666666666667
2 0.6180555555555556 0.8347222222222223 0.05 0.10347222222222222
0 0.4756944444444444 0.2590277777777778 0.059722222222222225 0.09861111111111111
0 0.5590277777777778 0.15069444444444444 0.05138888888888889 0.07916666666666666
0 0.5104166666666666 0.08263888888888889 0.05138888888888889 0.0763888888888889
3 0.20555555555555555 0.9430555555555555 0.1 0.11388888888888889
3 0.4444444444444444 0.9083333333333333 0.08611111111111111 0.15833333333333333
3 0.3923611111111111 0.6743055555555556 0.05416666666666667 0.1284722222222222
3 0.3125 0.6715277777777777 0.09444444444444444 0.14791666666666667
3 0.08888888888888889 0.6284722222222222 0.08611111111111111 0.15069444444444444