2 0.8845963669844275 0.551985812350204 0.0341410371730496 0.03705440976926171
0 0.5396148286516803 0.9648459178846239 0.0518421556930049 0.07030816423075205
3 0.32566936737091295 0.980292896124978 0.039597304514031054 0.03941420775004379
3 0.4210484023964993 0.7627212437799635 0.05755357185501282 0.08668456103309868
3 0.40754166368157707 0.6120690994511632 0.04984391017051829 0.06000451781485954
3 0.5662434052312085 0.5987664314775294 0.036422717712501496 0.05653524850487486
3 0.5989388665119759 0.5656091637755646 0.03625265670232207 0.05445191517154153
3 0.7238818356740391 0.47033451580303054 0.041808212257877626 0.05474306950089177
3 0.8928160970879456 0.4854647228482125 0.05216819192115104 0.05459453942397911
1 0.7935820019970827 0.6588023971033993 0.05980708081003993 0.054994876626835616
2 0.3812951226645012 0.7969034574591294 0.028344533200194633 0.042282416704298324
2 0.5218564500707591 0.8349562369954533 0.02800441117983578 0.03811575003763134
2 0.6334921738391645 0.9112457610918658 0.0343535847828949 0.048129126589204124
2 0.6867233330325727 0.8742828167226845 0.03584164727484323 0.05788774310259504
2 0.7084495726279837 0.8900671616645875 0.028925603637852584 0.040929922106578136
2 0.7467573910792143 0.8906799587899816 0.03286552229094689 0.0383705100758132
2 0.6853622718935648 0.7200827086770867 0.030101944916896016 0.029927993868973442
2 0.6932561949919654 0.700271368408717 0.029988570910109678 0.028539104980084554
2 0.7825422367391499 0.8025887913945683 0.036791240540314143 0.04410803708721257
2 0.6404931906754874 0.8767419046166562 0.03066881495082722 0.03687243831341789
2 0.7315922996391353 0.6834502658406622 0.028302046600528128 0.033291033217689246