1 0.2694807210719322 0.318337506131011 0.06732312563105619 0.16423689971099076
1 0.5073042667006863 0.5826936839793935 0.06560696461676183 0.09759447619005768
1 0.4659972164292499 0.6492790144270283 0.061737140519254455 0.19328235064898916
1 0.4000421236987294 0.6633931212095915 0.09719753680671188 0.12035004761841984
0 0.03971855748387422 0.34624546681080515 0.05459671574228244 0.1591576002882769
0 0.14496779983288324 0.35640915764702796 0.09128810899666182 0.14245105411197395
0 0.4086742143148006 0.7891360519455033 0.07565454425081097 0.13454549062001508
0 0.49585429225219224 0.08359419516257381 0.04661342523628649 0.07714042640663159
0 0.8179147931252904 0.08574638275055502 0.060858101093248254 0.08502174675285684
0 0.9211834790911765 0.18746764609764313 0.06328009190295283 0.07743134415543519
0 0.9851617419352253 0.1602075811621027 0.029676516129549354 0.07005052308778532