3 0.6257670510242829 0.521942189082041 0.06662372162094211 0.1274105862601996
3 0.8387782655584523 0.8233239236621428 0.06856539475154982 0.10868078705815441
3 0.7878005007085566 0.8605451526503679 0.05892826034017465 0.09266008292084077
3 0.8037723790962352 0.7585062610725349 0.05653309118242191 0.10583432656733041
3 0.5882667071897393 0.41959220521570556 0.08106539475154999 0.10875350993079122
3 0.5863111774899483 0.4946164461732512 0.08616745427996067 0.10323027565196317
3 0.5163418911651805 0.3559493030566666 0.0812921427651225 0.111531287708569
3 0.612047535476486 0.3155144220600396 0.07711127569472893 0.11983633992476572
3 0.8093842778206402 0.6557123226563935 0.08059769832067805 0.11152724754897811
3 0.7474800071080836 0.8012547644991789 0.09075921616631824 0.12546865851254932
3 0.592859271356699 0.635693712544838 0.06863628215867013 0.10104593832885643
3 0.4050323182364361 0.34071146386960083 0.0649231115191485 0.10657725292686628
3 0.47405109440361665 0.19312609028939132 0.09109945279819177 0.09562370803980179
3 0.24358085588193715 0.27585293667888605 0.09175129603145535 0.12061562772062
3 0.2933260508954545 0.36437867420978765 0.08467927717649776 0.12751563040956407
3 0.18910338489448206 0.5687307252124402 0.07406426330371245 0.10801866389043747
3 0.25154681250260347 0.6038327224362109 0.09268668889319921 0.11506815248424623
3 0.26261589546010666 0.7491049365916009 0.07348319286605426 0.10940351261973547
3 0.3316634162692847 0.7203261252456645 0.06761591609759374 0.08854593832885642
3 0.32256440724984314 0.6104988588740778 0.07156992054290028 0.1114747254742958
1 0.5032044775586728 0.4573099108284189 0.07896774640297508 0.15108229976517482
0 0.6820041113472163 0.88841539109354 0.07684204108149023 0.10803482452880107
0 0.47507352347195503 0.7934169817799391 0.09509594384316435 0.12757623280342803
0 0.12571151013603546 0.8601671027824233 0.10225293589745443 0.13872370535085754
0 0.20591274326750536 0.8564650544687147 0.08399903313578029 0.1191822970762309
0 0.39123046555414176 0.9342122995469617 0.10255057131814706 0.13157540090607667
0 0.327596267040221 0.8127074371547303 0.12302946761588013 0.17216208283355552
0 0.26866800670004626 0.9047695764561119 0.0717399815530797 0.11355805880762912
0 0.18592914192749607 0.6757074909336122 0.0948974820255312 0.14215148581757958