2 0.7484024118279745 0.2961528977752578 0.026574736230072126 0.032865964750476685
2 0.7123640235895004 0.3099139255624598 0.026603017347208734 0.0377270758615878
2 0.3504911743364911 0.6691489833497346 0.01820100130082941 0.02563051389360093
2 0.7663790162125009 0.7595082749080228 0.012685847341183236 0.032380954063091216
2 0.5793148904431251 0.7215872242089116 0.019630291785627682 0.03262345940678415
2 0.46677495185241324 0.8380400613111026 0.015423223523051711 0.02553351175612401
2 0.6095804805185279 0.9094575906542913 0.016868674646213815 0.035304235047084694
2 0.5207885554598216 0.9292283257202244 0.02240806956340546 0.03272046154426107
0 0.7733413464289128 0.1653945168924837 0.07844036395069212 0.11660494873824703
0 0.9783034615297975 0.44087949814243815 0.043393076940404916 0.11271164637948282
0 0.8490088987718131 0.5162961824715634 0.06451915378507572 0.11056438249530598
0 0.7756002586454465 0.6730576563157418 0.037859574203593774 0.06311508441149619
0 0.5716952763417962 0.4863888123515685 0.06605348841923854 0.13561288356404474
0 0.6015649307772866 0.6062036232413924 0.07449994622111815 0.15534833442092028
0 0.6827547913886198 0.7124183390323351 0.07155248174052088 0.12608466561677636
0 0.24806939360791364 0.8533178685263114 0.10369893416451233 0.16192241241998506
0 0.42280724623969984 0.9215365399551803 0.06038480839513656 0.11597443484464615
3 0.4224888727552244 0.039188686916153556 0.08386663439933766 0.07837737383230711
3 0.533144371842954 0.18767409067313975 0.039276744209619276 0.06802469659134576
3 0.6557741871786639 0.13407619053422354 0.07680502532675589 0.07419533655839743
3 0.8221347277268138 0.31441567446544855 0.07421309489016134 0.10604277886536471
3 0.91953425396584 0.22210746023049271 0.1172403693285806 0.10268520088514832
3 0.9565954336450255 0.13466256972907178 0.08680913270994906 0.10166667844163904
3 0.87926952267723 0.4645347145148711 0.05336764107805531 0.10323192950095338
3 0.7972079136046483 0.44725738868155596 0.07272320201149904 0.08863316668551514
3 0.8030709842943128 0.6193098571631933 0.049273697284025454 0.11558642629473768
3 0.5210654744508068 0.4992702124716363 0.06453531442343947 0.11334216027308391
3 0.35718824303549324 0.38760797693730337 0.06579491820541819 0.0911684391196003
3 0.16684582270426038 0.38314151224337206 0.10761915109613164 0.11970680451508965
3 0.09671998030453924 0.6266115395056291 0.10074742952432413 0.13196429917139704
3 0.030295723213329042 0.6706062574717455 0.0535252073021019 0.1303152628342867
3 0.21244217563732054 0.6989748396892193 0.13711711084925549 0.1776697714030435
3 0.11116283406258452 0.8407341126859462 0.16078478419463976 0.18821651179382065