3 0.4111220564735065 0.5864263440547226 0.06570107053674358 0.09312137031388895
2 0.6451101247973792 0.7920350347834573 0.06066138463278321 0.06802439007074099
2 0.8214637589146415 0.6578329436819451 0.08304675216574979 0.11295373573092604
0 0.747195759065429 0.07785694705947593 0.0568342254472864 0.07764963204981486
0 0.21758812809783704 0.4165096779796916 0.038778669891730684 0.07722938432950614
0 0.5036375507179595 0.12639875962354982 0.04589286807676005 0.08225212917919755
0 0.8448544614688671 0.2865476165120378 0.06075838677026013 0.07080216784851862
0 0.6156348390511835 0.6210718138278092 0.08998458818035368 0.15266637605512348
1 0.37212510233502144 0.8820449084762964 0.08075841032020495 0.23591018304740727
1 0.8336286766783195 0.5483046819460193 0.13032850913139857 0.19523819165783954
1 0.9157296580036678 0.46611952878805635 0.10500221850990986 0.1058320748054939
1 0.46500214197258966 0.4764789958613893 0.14589286807676005 0.0845796550147532