3 0.43125 0.5763888888888888 0.0625 0.09166666666666666
2 0.6722222222222223 0.7763888888888889 0.058333333333333334 0.06666666666666667
2 0.84375 0.6381944444444444 0.07916666666666666 0.1111111111111111
0 0.7493055555555556 0.06041666666666667 0.05416666666666667 0.0763888888888889
0 0.23194444444444445 0.4111111111111111 0.03611111111111111 0.0763888888888889
0 0.5076388888888889 0.11458333333333333 0.043055555555555555 0.08125
0 0.8541666666666666 0.26666666666666666 0.058333333333333334 0.06944444444444445
0 0.6368055555555555 0.60625 0.08472222222222223 0.15069444444444444
1 0.4027777777777778 0.8777777777777778 0.07222222222222222 0.24444444444444444
1 0.8520833333333333 0.5284722222222222 0.12361111111111112 0.19236111111111112
1 0.93125 0.4444444444444444 0.10138888888888889 0.10347222222222222
1 0.48125 0.4652777777777778 0.14305555555555555 0.08125