0 0.8138888888888889 0.4888888888888889 0.05 0.06944444444444445
0 0.8638888888888889 0.43819444444444444 0.044444444444444446 0.06180555555555556
0 0.6055555555555555 0.4409722222222222 0.03611111111111111 0.05694444444444444
0 0.24722222222222223 0.6638888888888889 0.05 0.07430555555555556
0 0.30069444444444443 0.6208333333333333 0.04861111111111111 0.06666666666666667
0 0.3472222222222222 0.5805555555555556 0.03611111111111111 0.05416666666666667
0 0.1076388888888889 0.7875 0.05416666666666667 0.08402777777777778
3 0.5784722222222223 0.61875 0.05138888888888889 0.06666666666666667
3 0.675 0.7319444444444444 0.044444444444444446 0.08125
3 0.5798611111111112 0.9430555555555555 0.05138888888888889 0.08402777777777778
0 0.34930555555555554 0.7729166666666667 0.07083333333333333 0.11875
0 0.46041666666666664 0.8694444444444445 0.08472222222222223 0.16805555555555557
0 0.42083333333333334 0.7409722222222223 0.06944444444444445 0.10347222222222222