2 0.9618412836126843 0.9208333333333333 0.07631743277463146 0.15833333333333333
2 0.7556098774311875 0.7208333333333333 0.15558982403280672 0.24166666666666667
0 0.644764939352117 0.6840277777777778 0.18284333633918995 0.3159722222222222
0 0.5463653832307419 0.88125 0.18053325988399851 0.23680555555555555
1 0.3718482726854503 0.6840277777777778 0.21398780210763482 0.24722222222222223
2 0.3858826122427027 0.6965277777777777 0.1868403105594325 0.3013888888888889
1 0.2593739740433886 0.8652777777777778 0.13230193662917 0.26944444444444443
0 0.12350430765963157 0.7666666666666667 0.17112618077656402 0.2638888888888889
1 0.07534619626561076 0.8652777777777778 0.13369082551805891 0.26944444444444443
0 0.2104856901477946 0.5430555555555555 0.18360193899850338 0.26180555555555557
2 0.06237557578326907 0.5861111111111111 0.11303429217058483 0.16527777777777777
1 0.017913997100199114 0.4652777777777778 0.026696924464241517 0.14583333333333334
1 0.17395341516371476 0.3875 0.1189049908409281 0.19236111111111112
0 0.07384788093215963 0.31875 0.13979488832306947 0.19722222222222222
2 0.14297669573519048 0.23194444444444445 0.12360400357167604 0.11875
2 0.36960994851118883 0.49166666666666664 0.14367873424569588 0.17291666666666666
2 0.23684128361268422 0.42083333333333334 0.15684845038545386 0.1111111111111111
0 0.38064687470824055 0.30625 0.1319221487728874 0.23680555555555555
2 0.2869938418204829 0.3145833333333333 0.1295878305396354 0.15555555555555556
2 0.2158772012164834 0.23055555555555557 0.049734313494585236 0.09652777777777778
2 0.27980600654218074 0.17430555555555555 0.13525651439280703 0.16527777777777777
2 0.3500822655067463 0.18611111111111112 0.08086359113090821 0.14583333333333334
1 0.7684154803734106 0.5680555555555555 0.2596999265506652 0.23680555555555555
1 0.6142473541268662 0.3888888888888889 0.23310902284460472 0.21944444444444444
1 0.6420741019873911 0.4527777777777778 0.18925348861304958 0.15069444444444444
1 0.7424130003536135 0.4222222222222222 0.12377369601810023 0.13333333333333333
1 0.8715710999009675 0.36180555555555555 0.14954232537660408 0.31875
1 0.9147388107008874 0.2520833333333333 0.08042723912581759 0.10833333333333334
1 0.9623257066889384 0.4479166666666667 0.07534858662212338 0.23958333333333334
0 0.4636085007779781 0.2743055555555556 0.1098776995897762 0.2520833333333333
0 0.5659095235872309 0.23333333333333334 0.12338680062238248 0.21944444444444444
3 0.6781913475846856 0.21458333333333332 0.1676373108423421 0.20277777777777778
2 0.8432019792771709 0.13194444444444445 0.09001209127236318 0.09652777777777778
2 0.760740863427393 0.14722222222222223 0.12212622816323157 0.1111111111111111
2 0.6012363306810902 0.10625 0.0988868243157163 0.14305555555555555
2 0.777640894228727 0.04791666666666667 0.08305956623523167 0.09583333333333334
2 0.8421434216351915 0.04097222222222222 0.05094542934436327 0.08125
2 0.5054913973406866 0.05416666666666667 0.10814845275478717 0.10347222222222222
0 0.9043772486031512 0.07777777777777778 0.10597671942852445 0.15555555555555556
0 0.6943237220807673 0.049305555555555554 0.09420299971709024 0.09861111111111111
1 0.6494838151212925 0.075 0.08196157868306986 0.12083333333333333
0 0.44069796859749477 0.03611111111111111 0.07583230104674704 0.07152777777777777