3 0.37441478235253683 0.7184677557649712 0.08016674973081529 0.0963205566431425
0 0.15289208707868193 0.7954783669326276 0.14158825842938805 0.22177470836631824
3 0.6011877180984085 0.8338579357249002 0.08534334093331085 0.15053572437854792
3 0.8065201551669656 0.9091246621655311 0.0862272675542853 0.12354939318269152
0 0.3513045216139132 0.9201719016006608 0.08412933378151387 0.13317461326743682
0 0.2832137120670627 0.536688669253695 0.09335611167133682 0.16605600750001834
0 0.19783544067862213 0.40042765912895156 0.07267830066789958 0.12792549360641725
0 0.21156848370144962 0.26347660036718035 0.07497047558495851 0.12107805129944987
0 0.7198831046999178 0.4639416974527514 0.06786099087510264 0.09866182480227349
0 0.8097181103267952 0.19963833685716106 0.0570704423592992 0.08304453954332594
0 0.48199905784293506 0.3489395260427309 0.047717343018456246 0.06817019979756138
0 0.5632484107706045 0.1479761130978006 0.04267659120249571 0.05552469659134576