1 0.7738402852232927 0.3676174414213185 0.08043278391464999 0.11508965126961263
1 0.40935674428670915 0.7223779284578686 0.05127461673485575 0.12874651194198033
0 0.1803647880196708 0.03184248114787212 0.036492646182880624 0.03863696007458896
0 0.10473172939567915 0.08133616321159282 0.038193814640329095 0.0580814045190334
0 0.42739876192246967 0.2924322943402842 0.05596258908794217 0.08771130751618302
0 0.047325163639548584 0.665584788753163 0.05242111136251015 0.07088677528929882
0 0.19491727242609125 0.37687694643250924 0.05245573911411504 0.07916748676922651
0 0.04983630830370538 0.8845771773198534 0.04490373450629617 0.07169682379072431
0 0.290627834118519 0.2736798340326048 0.053358579872304385 0.07371717492048246
0 0.3274321300658439 0.16462097520431943 0.05040703353238661 0.08729033268893668
0 0.7523953008685199 0.7805280558983956 0.06973846543102853 0.10324183421082075