0 0.3047116647128349 0.7097236112378146 0.03712210677855015 0.05019392766036503
0 0.387737987070783 0.8151139832553389 0.03994214605956441 0.05992827036136027
0 0.699261352864091 0.7106295329965803 0.0494961423714001 0.06692523688048688
0 0.5754708353898642 0.7397836161792766 0.04080481641439538 0.05299190623609762
0 0.8803368671163342 0.4664360414519716 0.047949387922293835 0.06483382322797174
0 0.8671034415788925 0.29267140427640476 0.04542435906137585 0.07731362243001692
0 0.7068484400021339 0.665514885065237 0.03696424121833278 0.04811059432703186
0 0.8743115144098172 0.8485138111629172 0.07427529460760778 0.07331664246616974
0 0.7515208121503006 0.864473449901169 0.06482654200258367 0.0677085648359322
3 0.833921412985298 0.6572224163330105 0.05484121051333249 0.06417978037943675
3 0.6821769917804172 0.5326739881968011 0.0430563756581154 0.04606362243001709
3 0.6383814498669413 0.7255598570495371 0.04684432900077237 0.05025048989463825
3 0.8086861043585374 0.8710587831472173 0.06901474947214865 0.09549846309248267