1 0.2701388888888889 0.9111111111111111 0.08472222222222223 0.09375
1 0.07708333333333334 0.825 0.07916666666666666 0.09861111111111111
0 0.7277777777777777 0.8305555555555556 0.06666666666666667 0.10625
0 0.7875 0.68125 0.06111111111111111 0.10347222222222222
0 0.7583333333333333 0.6 0.05277777777777778 0.09375
0 0.23402777777777778 0.21736111111111112 0.059722222222222225 0.08888888888888889
1 0.5347222222222222 0.7027777777777777 0.05555555555555555 0.15555555555555556
1 0.6402777777777777 0.9652777777777778 0.07777777777777778 0.06944444444444445
0 0.7090277777777778 0.5159722222222223 0.043055555555555555 0.06388888888888888
1 0.675 0.7694444444444445 0.044444444444444446 0.1111111111111111
0 0.8722222222222222 0.6618055555555555 0.05555555555555555 0.07916666666666666