0 0.6617609642124415 0.5195005814490398 0.03762169541692894 0.07271258405069858
0 0.5917841737039158 0.588158543380819 0.03121008356319158 0.05838665258716276
0 0.5742700178583802 0.6334237537207278 0.03556260386165617 0.07465023652581632
0 0.5170422661432695 0.5454625927711275 0.0299100811938582 0.06592842090390781
0 0.5283397174128044 0.6218854415066503 0.02935300682509055 0.07768541617339161
0 0.5091215295635922 0.639970197941082 0.01848382696795928 0.03806812299342444
0 0.4842503325199561 0.589659476817455 0.03767017897305007 0.0768792507173654
0 0.5283406904660561 0.7412327653789509 0.03263937541551469 0.061955995381528815
0 0.4875699965343797 0.6960551576756706 0.02563836682226237 0.05660928140969885
1 0.46068867801821795 0.7115224176299784 0.02773786134096936 0.05814385115680333
0 0.43212756927644025 0.7018925570121421 0.030547961489494607 0.061115870078868775
0 0.440429066765652 0.7593711646033774 0.024830794080201852 0.04683849890140487
0 0.46164218795526796 0.7934668620744229 0.024798471709454224 0.04406072112362709
0 0.450216420255995 0.8252802261000897 0.024184833191878537 0.05095660528199978
0 0.43396945788241936 0.8005522284093252 0.01785402726500978 0.04357511826290824
0 0.4042699586250456 0.8123530249971233 0.023425744005939147 0.045352489440372144
0 0.393368456397167 0.7699579540393783 0.026994933340403628 0.053928624204064905
0 0.39764776483482395 0.7202978760418814 0.029086347266423868 0.054768749506724945
0 0.3634507811372479 0.7630087506271762 0.023425744005939147 0.045352489440372144
0 0.3712507953532482 0.7177581407267055 0.022020693931676445 0.04386647997933942
3 0.5822583183393077 0.9025136757232309 0.020550999115918955 0.03682491496275115
3 0.6365542744889642 0.9174124891479489 0.04112624000989847 0.07573316325883594
2 0.6476125233043212 0.3769598296330793 0.02959493807907039 0.038845087570574637
2 0.7980451734563581 0.9613173644055144 0.03752472830468668 0.06437925071736508
1 0.6704260883725621 0.6082291890402749 0.05057372208076742 0.05280189615273104
1 0.7581085363179789 0.21260437375450197 0.0420383739302622 0.034858061608757394
1 0.7365014121932101 0.3831755462502801 0.01775706015276752 0.03524178492957491
1 0.7944145547068264 0.3511434991692072 0.02974038874743409 0.05134508757057464
1 0.5995832148666642 0.42356060960804753 0.04256361245490865 0.07999695049764613
3 0.46449366412047927 0.9153560007282934 0.061734289801251424 0.1692879985434132
3 0.40768707627833745 0.9722847358754018 0.03567573215927224 0.05543052824919654
2 0.398763859678863 0.9354785332475154 0.02266665481999976 0.039748373598744516
2 0.3918512510785402 0.8780970462284241 0.0206156438574139 0.04238047051830702
0 0.31879526822969323 0.6224980128907196 0.019162110227030068 0.03672779439060747
0 0.3189492860173695 0.6953661192713143 0.01925907733927248 0.04506112772394096
0 0.3295513197892082 0.6523930838484645 0.018572713487514866 0.04570701188231333
0 0.3346795769856117 0.7353233344537847 0.017789382523514915 0.03801956270735268
0 0.345967974609208 0.6917044148725623 0.0185888746728886 0.04709590077120222
0 0.3617861790437539 0.6199531950716207 0.019913118820282547 0.0416374657877905
0 0.3738179911945417 0.6402231643792872 0.023409582820565333 0.04396360055148326