1 0.4533909190282414 0.779300507061678 0.023773325481142 0.03800656716412523
2 0.39316705158496984 0.7310051329221352 0.019542005319043355 0.03501042363933493
2 0.4007101214936118 0.7862331398571718 0.020801587217067978 0.02952765666611678
0 0.34416453571256217 0.5375010342236036 0.02185162588638892 0.04484182873506326
0 0.32168486077151287 0.5873495512344533 0.02325667814913588 0.04560906176184542
0 0.3130276793295684 0.5439998884373098 0.021770809017098793 0.04136960651284104
0 0.32594676578697573 0.5016053359472676 0.020592043988364218 0.05032459570828141
0 0.3140759761045374 0.46954875571707916 0.019606658814475333 0.037788201417112706
0 0.3150648450671302 0.6613973938395898 0.021786972390956786 0.04206405095728548
0 0.3591017213764202 0.46232201567999753 0.02343447526157421 0.05324795065073431
0 0.37200580572287073 0.4790280295500706 0.025340011482469057 0.045718244635351686
0 0.3684545085257104 0.565430294990532 0.02033343000663592 0.0392134845971703
0 0.363238964452624 0.6102022880554954 0.023418311887716134 0.05255350620628987
0 0.3425678454893215 0.6481360666372831 0.02051122711907409 0.04685237348605919
0 0.37772705943716106 0.694963857481124 0.024031939462870373 0.049117678275236346
0 0.40061081872466103 0.6624764515813856 0.02181929913867293 0.04345293984617437
0 0.39064556526311783 0.6226717995888019 0.028311749746543234 0.05419715513336014
0 0.3996883451518523 0.5630981074434924 0.02756881518052473 0.052077427508857944
0 0.4310185813896918 0.5350350811608398 0.026971350979228405 0.056207699884355915
0 0.4407258015009573 0.5936261274445922 0.021932442755679127 0.04831405095728564
0 0.4357850347834574 0.6502036760651112 0.024920344393611217 0.05748740589973838
0 0.4663405903390129 0.6486023272536848 0.029183991303426006 0.06187243831341789
1 0.46491763280805604 0.557593710740294 0.029022357564845752 0.05492799386897344
0 0.4935993982589819 0.5352318171778718 0.029813782252438317 0.05913105482680881
0 0.5546793438852783 0.5904352414706903 0.03984310857796313 0.07283501934761619
0 0.5143507534601238 0.4708727554160265 0.023450638635432123 0.05394239509517876
0 0.4950344547436423 0.41765234031974807 0.03635472298188284 0.07195860344732775
0 0.5307570642507102 0.369195665110025 0.03848654643679007 0.07415111965416751
0 0.5417406102653091 0.45275031710260866 0.02924864479885798 0.06465021609119567
0 0.5914825769150313 0.4689163224296254 0.03734010815577164 0.08449499773849661
0 0.6075829448652164 0.4138397984837393 0.03645170322503096 0.07612527011399442
0 0.6934181173578398 0.3377263400186954 0.045705768236821126 0.08632061812141087
1 0.6202249314412348 0.24004966882902193 0.04212040239759271 0.08127753555445585
1 0.8432045097089816 0.1414523629347821 0.03180013534262369 0.05507357103364849
1 0.7773945018567904 0.1817517704425404 0.023773325481142 0.03800656716412523
1 0.7918935345321297 0.00887611111201318 0.04738443659225311 0.01775222222402636
1 0.701285035375093 0.4367407412449007 0.05555671681845682 0.06256097693338694
3 0.4167810658533341 0.8792552540337962 0.05424980606175941 0.12560984421315627
3 0.49253900253030936 0.8182710432696173 0.07359959278885826 0.24176108497898477
3 0.6353515268465438 0.7704596472199022 0.022740030817129765 0.053211556359565294
3 0.7068152317603401 0.7938307628540203 0.05592847441719155 0.07853319915560916
3 0.6006610507405871 0.7437707452649504 0.023127371158271615 0.04005350620628986
2 0.9087704193657105 0.8374794793729099 0.050178958375339436 0.06990871149292559
2 0.6745682339574385 0.18505479220218632 0.02855361972296306 0.03478910498008447
3 0.4177086708024386 0.41127543997281585 0.03423906290083336 0.0704605316849326