0 0.6875 0.9125 0.02847222222222222 0.050694444444444445
0 0.7965277777777777 0.12222222222222222 0.022222222222222223 0.03194444444444444
0 0.7611111111111111 0.14027777777777778 0.022916666666666665 0.03680555555555556
0 0.7743055555555556 0.07916666666666666 0.022222222222222223 0.034722222222222224
0 0.9416666666666667 0.6083333333333333 0.03194444444444444 0.06041666666666667
0 0.5819444444444445 0.12986111111111112 0.024305555555555556 0.03611111111111111
0 0.2611111111111111 0.22569444444444445 0.027777777777777776 0.052083333333333336
3 0.6347222222222222 0.19166666666666668 0.034027777777777775 0.04652777777777778
3 0.8270833333333333 0.4354166666666667 0.035416666666666666 0.035416666666666666
0 0.7826388888888889 0.49236111111111114 0.03611111111111111 0.05625
0 0.6944444444444444 0.7513888888888889 0.03125 0.06041666666666667
0 0.44375 0.6909722222222222 0.03958333333333333 0.05625
3 0.6743055555555556 0.8631944444444445 0.029861111111111113 0.06041666666666667
3 0.9368055555555556 0.5055555555555555 0.0375 0.04861111111111111
3 0.39861111111111114 0.3326388888888889 0.025694444444444443 0.029166666666666667
1 0.3770833333333333 0.35833333333333334 0.02013888888888889 0.06458333333333334