3 0.2145855405164216 0.9482491962828496 0.0666484080846912 0.08160016074343003
3 0.31287524276798534 0.924177101851285 0.06720371171860064 0.1037657900801463
3 0.07244132520592775 0.943661596823314 0.10805442190814796 0.10404639131368817
0 0.7327862171529234 0.7119318317211751 0.03665728545403289 0.06307889547944336
3 0.6394797678492609 0.7897744426208637 0.04542441038860071 0.08419519324030741
3 0.4724126777247339 0.6983223315262774 0.045320527133785836 0.059280082568566504
3 0.42391394935531 0.6594723425105349 0.06138813312395036 0.0689303820869117
3 0.1833493904695897 0.6409038752518847 0.08286365437226316 0.08502875670452836
3 0.1523235261488487 0.5051582547025746 0.07446956502259244 0.08399475494704707
3 0.03756642425337545 0.4959948717534472 0.06397514336584353 0.05104460518787448
3 0.27605740890086544 0.6094475599162087 0.05123211930049381 0.04775749144054152
0 0.23980715697921925 0.588781642045405 0.10000723987864173 0.1307052780057254