1 0.5177697462024069 0.6256450191648137 0.08419115341070993 0.1036969877055965
0 0.3028216228477467 0.2637812268093821 0.06363259743296304 0.11367986277102868
0 0.37352739108456773 0.1857682946490116 0.05612243490348779 0.08876674705209872
0 0.594597368711265 0.4938907124521388 0.07330632953361121 0.11244711366641948
0 0.6081289214809255 0.6001492119390112 0.06340631019895066 0.10395764054880645
0 0.6839370901738268 0.5719886394812332 0.0665396822016051 0.11947844239193396
0 0.780723481933333 0.5693226146410273 0.07908817232317915 0.12265538401934148
0 0.8365030021970982 0.6841483422355951 0.08737301553493858 0.1213011228820575
0 0.7171278562996911 0.4315455926281879 0.08296505952330271 0.17012063030691343
3 0.3697716820349995 0.6460980770346083 0.08724370854407416 0.11574556732650194
3 0.704848337219197 0.7199484333863772 0.0957063488682716 0.12203019507810685
3 0.8191072418124684 0.8037057992258421 0.052068911853827005 0.09326332206518499
3 0.8778925689823759 0.8192867272811918 0.07001132379237668 0.08998186737884768
0 0.49607404204685174 0.12272873038061631 0.038987030394938275 0.06716971377111104
0 0.5322982967749691 0.12102693211905247 0.0446718929413581 0.07321131745736618
0 0.5686189511147839 0.1450803343182705 0.04599612833481501 0.07055505171226331
0 0.6177790363056173 0.15564401147822926 0.03887388677793208 0.062308602659999934
0 0.6719612857146913 0.18961040343555424 0.04292740982759256 0.0578120276469135
0 0.735753194360432 0.19936662360526608 0.054329461668148345 0.07128412390831265