0 0.9597771149501659 0.09745092628879712 0.08017875796726975 0.1474819974668519
0 0.6027095551453997 0.16703387352055607 0.04822711632008539 0.06006223370469144
0 0.3388371896640825 0.09551703343358055 0.024269315237275022 0.03246167240790127
0 0.2748438378245349 0.2150411334844138 0.023191940502850627 0.03729045677129632
0 0.19060287614125693 0.23811769199530883 0.021491537459497244 0.03239701891246922
0 0.40981761327262944 0.3336324029030868 0.027225101103318314 0.03530410368111111
0 0.37564806772486686 0.3676111099278398 0.03742751936343893 0.06466473083407417
0 0.26875451230876324 0.6899124071250002 0.051805930495057835 0.07262688720012342
0 0.08042443279602819 0.5791204990708951 0.0433039152782906 0.048159697905987606
0 0.08156709096427356 0.734934668608179 0.044549971896148816 0.06760414235043236
3 0.7163575358188738 0.5967039273026241 0.14413799849062847 0.1933488188108026