2 0.3607665036329924 0.6069693357209663 0.039086783934994984 0.06557079091977995
2 0.3479126313784979 0.5841002281022476 0.03798899347452962 0.07175610238013014
3 0.7630155936036186 0.05432869680730806 0.07882992390387389 0.04109021395055564
0 0.4370392125766208 0.9118685352426381 0.06917813436203725 0.13141555077628134
1 0.4962876561024365 0.9864869768391331 0.05444446503054571 0.027026046321733728
1 0.8421801396956952 0.5959858928365874 0.05791860196634641 0.08307840860189199
1 0.5101272770908103 0.5081413882889745 0.05714233949055054 0.06641174193522532
1 0.4509643780929974 0.5979473020839244 0.031834111570425545 0.043751914713578484
1 0.365901686611331 0.3622337928480985 0.050310142633703786 0.05362064350680179
1 0.390424181418273 0.2541116546254158 0.031139667125981103 0.043719570443753734
1 0.44859962282963944 0.20044919621140184 0.03248099696692211 0.05764080360246753
3 0.6536909732566816 0.14527804539709274 0.06350650179172672 0.08403160720493502
2 0.46753411488069535 0.34678482308380926 0.034402608951131064 0.054265614189719716
2 0.30624022057109546 0.6719369708650403 0.04047567282388395 0.06563547945942945
2 0.7300361325247798 0.0750630826175883 0.024630912967382478 0.0378729164597748