1 0.46028247294840674 0.714289152782906 0.06222629581485835 0.06780506683072897
1 0.8803881515182138 0.5041403084451029 0.08046367496341607 0.07937878607112117
0 0.07559431746199126 0.24956217698207644 0.04713034163008284 0.07724268901193562
0 0.2353908463211737 0.13605302488003015 0.02829900541105093 0.031641191993765715
0 0.19870141450349116 0.2067000884213122 0.024338405483120103 0.043179735416923076
0 0.1277105007228892 0.21118865994832076 0.03827578066347633 0.04684755363602812
3 0.3924728636412234 0.7356669010869129 0.044304077560837776 0.07428690314589265
0 0.9481938856428441 0.1643509884090095 0.06309904906126905 0.11780506683072901
0 0.7235094069288986 0.4106605140806385 0.05862934307293225 0.10017694358721958
0 0.6990079686161974 0.26100826855338355 0.07433137590104842 0.12546154362823533
0 0.49462117604665157 0.10121888819982902 0.05146671031688502 0.08723192336655604
0 0.5165254433663351 0.6386381458594822 0.05849600577139711 0.0925380546983307
0 0.4244884603231094 0.8531252779459426 0.0402707481957061 0.08165877990238325
0 0.3440955772056176 0.7589851504532226 0.045656601731126206 0.07229257385669206
0 0.26077945743594627 0.6730003482055705 0.04569296644972667 0.07437590719002508
3 0.7750096879563826 0.8456931859562796 0.08549097330362687 0.12895135375907468
3 0.17404820851735095 0.5436929782699648 0.04830104220736899 0.06483169305606838
3 0.11038998990444876 0.8051880841721015 0.06900103823916734 0.05852786482917054
3 0.887456966090845 0.2584849832000351 0.06418489862848749 0.10053295976375062
3 0.8088721349217857 0.22007841935113615 0.04435256385230496 0.07706468092367018
3 0.7636190598863004 0.3033859030720663 0.04860408152903928 0.08219280416717949
3 0.801178090550875 0.4218947405520713 0.07213034163008274 0.07884476180632478
3 0.6003155212860545 0.2991779278864705 0.035801042207368995 0.0640306566588738