2 0.3931946091332536 0.3793815613628111 0.03231927561779773 0.05486587007886878
0 0.48292838139525096 0.7054356107531196 0.05203960371254258 0.07701033113614275
3 0.6117751259993093 0.00841563433259546 0.0464345743954605 0.01683126866519092
1 0.4152055333143194 0.10403688039255027 0.030751535888083166 0.03606730979279686
1 0.45315452366470976 0.05122038380038108 0.029944843856041025 0.04847018922065306
1 0.3943455998518971 0.19467393958002693 0.040926577887852825 0.04646937602002544
1 0.49950355353216747 0.2834660314329373 0.040926577887852825 0.04646937602002544
1 0.4574050260068122 0.35190022780538743 0.02446919161825826 0.034935822773705404
2 0.9719722129378596 0.8648388880608608 0.05605557412428084 0.08091959593301176
2 0.47349513702686213 0.17381172890398267 0.028862268173698642 0.04008829560124785
2 0.35293587556075623 0.4274826277020847 0.03104263431650654 0.04231730979279686
1 0.5093382292029988 0.7788331213127476 0.08059747339327335 0.1551473903236197
1 0.31983469625693245 0.5245493275944109 0.03242013785442958 0.11647718449013666
1 0.48696184155546113 0.6424500078924008 0.06011418288727728 0.07203749901344988
0 0.38053873485537115 0.7209558664250915 0.044320811505880894 0.08962205214772452
0 0.4462749736209265 0.5616903697208773 0.05076487712482987 0.09422576138903828
3 0.10755355022189757 0.6787347065959426 0.039539603712542615 0.07613624598684889