3 0.48826386290568957 0.9455709143878264 0.027790828024603483 0.04878968590396021
3 0.5446688009035158 0.9290475383049515 0.03571284439424921 0.053917552893133484
3 0.6187310277400355 0.859237123222544 0.057590944950644346 0.08448192950095354
2 0.7867852872531025 0.7106039447620567 0.048536418657971266 0.059909618067335815
2 0.3409014178965478 0.3581745543925748 0.03016413797272853 0.04194224359699301
2 0.4810895089106274 0.1287367066029985 0.025957024523096568 0.04110229594633294
0 0.316012300083595 0.6903130031119733 0.05465138004100562 0.08160714958569852
0 0.32773631405197584 0.6199073583450225 0.04546181513136673 0.07851411486112012
0 0.40375988585168887 0.4807252504212786 0.04933850518324176 0.08557981197741103
0 0.42724410352235764 0.6129673097079947 0.04995205606175546 0.08421517362289137
0 0.3495087165912779 0.8291357488275951 0.054320956643248604 0.08783289905132897
1 0.2983455700258895 0.4462896388040709 0.034013431488463655 0.0961331607980289
1 0.4310933970380928 0.5587763925069589 0.05029617772758254 0.05442681411488811
1 0.44156161667081767 0.2957517018030993 0.02416366780455503 0.03410935043314996
1 0.4887900400058306 0.2345016959156131 0.041113461951978535 0.03955247436912354
1 0.40630544109352357 0.15144615213502996 0.03678500815345084 0.03662919338513015
1 0.4791467672858062 0.02149688201677931 0.027015490014228444 0.04299376403355862
1 0.43668486322790395 0.05821202178662514 0.021507230375673064 0.03609568162900621