0 0.8236111111111111 0.3659722222222222 0.022916666666666665 0.04375
0 0.8076388888888889 0.3701388888888889 0.025694444444444443 0.05277777777777778
0 0.7819444444444444 0.4986111111111111 0.04027777777777778 0.07222222222222222
0 0.7631944444444444 0.3763888888888889 0.043055555555555555 0.07222222222222222
0 0.7569444444444444 0.3173611111111111 0.03333333333333333 0.0625
0 0.6631944444444444 0.3888888888888889 0.04791666666666667 0.0763888888888889
0 0.5458333333333333 0.08611111111111111 0.034722222222222224 0.06041666666666667
0 0.4777777777777778 0.050694444444444445 0.03888888888888889 0.049305555555555554
0 0.35625 0.6388888888888888 0.11458333333333333 0.1486111111111111
3 0.6763888888888889 0.8111111111111111 0.06666666666666667 0.06319444444444444
3 0.24097222222222223 0.16527777777777777 0.05 0.07152777777777777
3 0.47708333333333336 0.6256944444444444 0.06319444444444444 0.06319444444444444
3 0.3194444444444444 0.8861111111111111 0.08541666666666667 0.14375