0 0.9418732294306102 0.9872899423745237 0.09490154942234755 0.02542011525095265
0 0.957210668558118 0.8588626387235194 0.08557866288376394 0.1802549864897448
0 0.9184114523764539 0.6991860608356665 0.08569704004236264 0.13929797904564573
0 0.7230403160118191 0.8358012772689247 0.07410106601657908 0.1110026929506707
0 0.732833690471483 0.7210733520781689 0.06118893253910724 0.08680938498271283
0 0.5078509040351449 0.7910846756708313 0.04045257178870827 0.0913946124435237
0 0.8670538362153705 0.6190794956305014 0.06360306313088036 0.06610542872867882
0 0.7906739144998296 0.3775212471242751 0.030830836940456643 0.05694635915802308
0 0.7413699361440335 0.4945722156016824 0.031109633116393334 0.0729185813802453
0 0.8504340786404118 0.5017335992975134 0.043609633116393334 0.07350077823709206
3 0.8155695519433064 0.7304778757428786 0.0613863924960122 0.05836950703031536
0 0.10411466558416357 0.04162485175945456 0.06932832070657141 0.07608640510949957