1 0.8096256156121001 0.27898357831667703 0.07402592393172604 0.11219577672788764
1 0.48942844508881406 0.6704121943219294 0.04393511257720238 0.127100975437862
0 0.18246980745430655 0.015169741965612512 0.03438405935305756 0.030339483931225025
0 0.11323276942016958 0.06903658116758359 0.03494983490213978 0.05671958120528047
0 0.45751673229494993 0.24261898706204685 0.05105606973393088 0.08572531518362665
0 0.12399644843185735 0.6539770581991292 0.04848778592995558 0.06898589691385221
0 0.23685573654691058 0.35181654801784046 0.0480358167208321 0.07729497971281624
0 0.15184878859759032 0.870586402744793 0.04088930958028685 0.0701080299246791
0 0.31977425705962903 0.23908725953382887 0.049263055452840376 0.07178792522599922
0 0.34362458725534945 0.12703037758231622 0.04550051417837532 0.08553131090867248
0 0.8361912668242111 0.690279872650478 0.06398040139574258 0.10074515813560683