1 0.6307258105491957 0.9255204472602834 0.081284111316189 0.08039226091745427
0 0.24543387963578178 0.04735111613707515 0.03837138803166419 0.05876415900288337
0 0.02489553704934139 0.11912280164840075 0.04844030022558571 0.08628422383024205
0 0.32972253684426345 0.17927983667601438 0.06850777297895926 0.0970254862051901
0 0.7082352573889493 0.40721899040325926 0.12007254095402213 0.210465831951103
0 0.7501729398876168 0.1524001794077922 0.04889464665108108 0.07177367907924628
0 0.8623728809400755 0.28078979496664697 0.03635947083384616 0.04896914819832361
0 0.11237526424674718 0.892472287552538 0.09444231544235294 0.1129190140205992
1 0.20425060251015084 0.18239498115534106 0.09531583247610856 0.061748490878723236
3 0.9080098080800604 0.7026628388383696 0.08895711152126687 0.1569267269710186
3 0.001988855990319292 0.8526017121464092 0.003977711980638584 0.10130428865760072