2 0.5291666666666667 0.06111111111111111 0.022916666666666665 0.03680555555555556
1 0.45902777777777776 0.08333333333333333 0.03333333333333333 0.03958333333333333
1 0.5298611111111111 0.16944444444444445 0.03194444444444444 0.04513888888888889
1 0.4840277777777778 0.22569444444444445 0.021527777777777778 0.035416666666666666
0 0.08055555555555556 0.8097222222222222 0.05486111111111111 0.06736111111111111
0 0.2423611111111111 0.6284722222222222 0.04722222222222222 0.07222222222222222
0 0.27361111111111114 0.5534722222222223 0.034722222222222224 0.07291666666666667
0 0.3013888888888889 0.6263888888888889 0.0375 0.06875
0 0.3597222222222222 0.7375 0.04652777777777778 0.07916666666666666
0 0.36666666666666664 0.6090277777777777 0.034027777777777775 0.07708333333333334
0 0.375 0.5423611111111111 0.034722222222222224 0.07430555555555556
0 0.44027777777777777 0.4076388888888889 0.04375 0.07847222222222222
1 0.3486111111111111 0.3590277777777778 0.029166666666666667 0.10208333333333333
1 0.46944444444444444 0.49166666666666664 0.05763888888888889 0.05416666666666667
2 0.7743055555555556 0.66875 0.043055555555555555 0.06111111111111111
3 0.5895833333333333 0.7881944444444444 0.059722222222222225 0.09097222222222222
2 0.3888888888888889 0.28402777777777777 0.02638888888888889 0.03333333333333333