0 0.4370744055405032 0.29787135444813473 0.039616054588960496 0.06680843443665165
0 0.5990585473566146 0.2714411570403168 0.030661619364926826 0.04895780108281045
0 0.572027835876687 0.27387118034534946 0.03536486491582072 0.04718598190394169
0 0.6379681569458417 0.2508044842049121 0.034712681974612754 0.05681920008203115
0 0.9798824676000606 0.8982556035437407 0.04023506479987873 0.08869116388991453
0 0.7250976446474302 0.7099668325499346 0.05364208833772845 0.08774835972273504
0 0.6170486604009155 0.14049440949099554 0.023664553067076592 0.047818336417702376
0 0.4833055326930649 0.18046680581600302 0.041278413095047504 0.06138638494729507
0 0.4558099446775349 0.07546286243386129 0.02448496191867125 0.031285175817234785
0 0.39511354855630004 0.3242860929494269 0.04874907607354986 0.06877584961240331
0 0.424209332976902 0.4780346535088788 0.039089836054902585 0.059863989992207205
2 0.3519663900543413 0.5008074234034692 0.01605674522869541 0.020378986907838088
2 0.25424739014344916 0.3807647357614531 0.01402603374876787 0.020939925286083395
3 0.5979502080248537 0.07263444993232283 0.025810868603985033 0.039663011172634474
3 0.3695537886640551 0.20799303036790853 0.026515673398598633 0.030724237438989457
3 0.835987907994749 0.7091410110413827 0.04367747754881558 0.06568655768016088
3 0.9887731005179595 0.8444004510315385 0.022453798964080975 0.05762023647922566
3 0.8866848127468728 0.8440598937615335 0.061912439467486514 0.09657121529879822
3 0.7756590447447949 0.9167695092243943 0.048843959430192284 0.07914801425700375
3 0.39424215805641943 0.4325035081251785 0.046465615676762675 0.05688129001271484
3 0.19371131989011106 0.7698388299413476 0.06035450456565149 0.0577713304540421