0 0.7818145911852745 0.049552565959914516 0.034637621990934044 0.05306302628265271
0 0.7814988542137061 0.006710152395490682 0.033579234634801954 0.013420304790981365
2 0.22992201316521133 0.5338901000054986 0.024772775516274395 0.03661767827523635
2 0.2131313990638501 0.5988344233382821 0.030655879692348897 0.04315883260458659
1 0.3626887617453494 0.609101600583719 0.055828992411479955 0.08741539976871182
3 0.39653264937864935 0.2849170395506204 0.034015966128827166 0.054415520880372825
3 0.42518684305671545 0.28689709583492273 0.04227651087982293 0.0534633634855093
3 0.3788990607559308 0.36035081813240816 0.04629464746957694 0.0640620016080198
3 0.9747513856223732 0.04094131024283532 0.05049722875525365 0.08188262048567065
3 0.6628560435192917 0.17138131614807242 0.07443636815904237 0.07246221769921542
3 0.6985352947372492 0.4668536594819557 0.05597161666391723 0.10335122769976535
3 0.44086591738166686 0.45319981958990163 0.08458055731410165 0.14709532187528995
3 0.653711108596325 0.8605525006295986 0.1306902804155969 0.22084315141436328
2 0.7196115764598133 0.5235462968004563 0.04483296999835033 0.06260032413679349