3 0.8715277777777778 0.85625 0.03194444444444444 0.05
3 0.3145833333333333 0.8916666666666667 0.03888888888888889 0.03958333333333333
3 0.8916666666666667 0.3263888888888889 0.029861111111111113 0.04027777777777778
3 0.5194444444444445 0.8458333333333333 0.0375 0.03125
0 0.9590277777777778 0.4534722222222222 0.050694444444444445 0.07708333333333334
0 0.6743055555555556 0.6659722222222222 0.04791666666666667 0.07222222222222222
0 0.63125 0.8243055555555555 0.06388888888888888 0.11180555555555556
0 0.5729166666666666 0.8486111111111111 0.05555555555555555 0.09513888888888888
0 0.4986111111111111 0.7979166666666667 0.04791666666666667 0.049305555555555554
0 0.4527777777777778 0.8472222222222222 0.04513888888888889 0.06597222222222222
0 0.4965277777777778 0.5368055555555555 0.04097222222222222 0.07013888888888889
0 0.6041666666666666 0.3972222222222222 0.04722222222222222 0.0625