0 0.041666666666666664 0.16666666666666666 0.050694444444444445 0.06875
0 0.09930555555555555 0.22083333333333333 0.05277777777777778 0.06527777777777778
0 0.8736111111111111 0.21944444444444444 0.10555555555555556 0.13125
0 0.6027777777777777 0.24027777777777778 0.09791666666666667 0.12569444444444444
0 0.3090277777777778 0.37916666666666665 0.06180555555555556 0.12291666666666666
0 0.3770833333333333 0.25625 0.04861111111111111 0.09166666666666666
0 0.31527777777777777 0.18263888888888888 0.052083333333333336 0.08819444444444445
0 0.28125 0.23333333333333334 0.04513888888888889 0.07013888888888889
0 0.2659722222222222 0.28055555555555556 0.04722222222222222 0.06805555555555555
0 0.18194444444444444 0.22708333333333333 0.05625 0.08680555555555555
0 0.15763888888888888 0.26805555555555555 0.03680555555555556 0.04861111111111111
0 0.4777777777777778 0.8006944444444445 0.08194444444444444 0.12361111111111112
0 0.10416666666666667 0.6673611111111111 0.11041666666666666 0.16597222222222222
0 0.26666666666666666 0.6847222222222222 0.08541666666666667 0.14027777777777778