3 0.9435139136128274 0.37402764825308166 0.027602756364109065 0.041869491993885156
3 0.9078404075011407 0.3510073710190974 0.03372337928480976 0.039309969025430845
3 0.8821117040732929 0.3824116952775774 0.035694465030545394 0.051858470094169384
3 0.6937362882134325 0.9436418758755419 0.04604644315756256 0.050833339220819576
3 0.8071933162436327 0.8745082631330503 0.037342108078032905 0.0574625267184634
0 0.580812189139564 0.5101035340299972 0.018089814538958946 0.031137568380418024
0 0.8289914393919866 0.43626531761986737 0.02419522268153666 0.04313712821092774
0 0.7818281615686781 0.5259632951952066 0.021240508776511687 0.05412698665019254
0 0.8006751943781527 0.5232251974339029 0.02812026468130663 0.05298060310499642
0 0.7523531640513804 0.8015453080200691 0.03564690598259782 0.06572310844868905
0 0.6155305819346291 0.5685162273962788 0.030106565205165244 0.05097002137477078