2 0.3963344296711454 0.8356822077518883 0.03248184343123136 0.04544876488454103
3 0.5247300289293843 0.9917955266263268 0.04753877344521666 0.01640894674734644
3 0.5777518354789721 0.8992592765813922 0.060586532782172894 0.08787707129351298
3 0.5176836211883674 0.8267072789826571 0.053652448687897605 0.07848527246904792
3 0.5322279734287033 0.6531770614374764 0.04613952420615861 0.06145458475569367
3 0.46516351294280817 0.5348794732053737 0.051652818258477534 0.052096383580159035
3 0.2992111913183646 0.5893847084463206 0.04757067459828414 0.07121725376088112
3 0.15428360994565868 0.5321179857806426 0.05805032346852583 0.0635310689549922
2 0.8062575990593814 0.8016642401147149 0.03498615159181087 0.051125660788992555
2 0.7233891422616505 0.6894212671018205 0.029062243062414773 0.04594097541415939
2 0.8660834247832955 0.8958249090571583 0.03951081088214892 0.06521678359270784