3 0.5824034262467247 0.7064396673423994 0.0323688116549576 0.044098328533434025
3 0.43470269176295423 0.6811839157015946 0.04119435551790913 0.040941363258012425
3 0.2725517184990833 0.8480864498446825 0.08655537770248477 0.08202822972224055
0 0.6735038379518776 0.6999185156569206 0.028815695866804783 0.04258818697269883
0 0.48739698388982444 0.9591501588389093 0.07984676482179699 0.08169968232218139
0 0.5494452201431717 0.9645293522240393 0.06408362564843596 0.07094129555192126
0 0.7728068014224562 0.9759414044704158 0.05698424320616545 0.04811719105916836
0 0.8294015711095273 0.88970909956232 0.04750470168173485 0.07789242201978368
0 0.5859235924071914 0.6240917848659416 0.029381950828318616 0.05231040919492121
0 0.5720210052502327 0.6471693842209287 0.032281068954992206 0.054490744665731464
0 0.5294850567604349 0.595092659317436 0.028532568386047945 0.037727075861587876
0 0.46766645095805376 0.5451146972293814 0.02730546662902024 0.04045635257062704
0 0.3340835877928939 0.5480732329850013 0.03163392042754794 0.04337963355462035
0 0.23204690235531647 0.6048038184275392 0.05446284439424913 0.054572317321103646