0 0.9887541967380306 0.6951672243367096 0.022491606523938876 0.14378399794748953
1 0.9403338893480306 0.23437689228103062 0.11933222130393864 0.11525888939168694
3 0.46627200897761834 0.3598487726878198 0.11471707590781048 0.1309449603100821
3 0.41300072462773396 0.5117838359196303 0.09151663373914276 0.19524214233958836
3 0.08587629649019117 0.611597789045926 0.07840993199466371 0.1837318673788477
2 0.663563370561434 0.15203863445325227 0.0681693987491722 0.09094546415337439
2 0.4659432505439423 0.9294317281386839 0.05404467829652664 0.07381887762074055
1 0.5475373722097692 0.8922798950670793 0.10032292624247785 0.08546766358790087
0 0.9496037695772688 0.07167392444192473 0.10079246084546235 0.14334784888384947
0 0.8448401190763295 0.160608381777409 0.13133579863623293 0.2146167014767076
0 0.8012574592997369 0.29913210476415786 0.12757359979921873 0.2211966098231274
0 0.9770787747291384 0.25546237897070145 0.04584245054172319 0.16159652943769534
0 0.915233442867347 0.3505830092776149 0.10928221267990668 0.203705487192469
0 0.9050718591240534 0.4757130207971622 0.10026128403616338 0.191170859440864
0 0.8208349982974145 0.49145858812366405 0.09646548755021943 0.18531152380362118
0 0.8324357278531666 0.774522769126915 0.09403183143826842 0.15538965667617252
0 0.7668761186371204 0.631588095799919 0.10634264777026772 0.20068468534934142
0 0.709124034575859 0.4788965724990959 0.1188289495021978 0.22526789272185177
2 0.6957491996611815 0.2971951521200013 0.04654082802460348 0.051744295695925834
1 0.9988349791457918 0.783448553062224 0.0023300417084164515 0.11681367715995887
1 0.9480814148050972 0.8412775796828823 0.10383717038980554 0.16920016077086378