3 0.8765149434477678 0.36637683009241456 0.03049240112382626 0.04284597402578388
3 0.281064286099834 0.8383973567836617 0.04247596476764702 0.04582981854229742
0 0.5665720858127249 0.7263497301622869 0.04007179107501757 0.06243587734462987
0 0.5283507272548316 0.7374452049094954 0.042760564808662596 0.06109547474720848
0 0.5066987696156863 0.714185619411522 0.025480196037898396 0.029578800144138502
0 0.4591557070341678 0.731700796178866 0.03423163547844644 0.04707324855678444
0 0.4172457488454147 0.8805144592376772 0.06164407087486173 0.06350609054794568
0 0.7026344368975866 0.9401885555599493 0.068730283089291 0.09831316378023555
0 0.6171908561174709 0.9521082972621013 0.06322855576063344 0.0774071010097016
0 0.8929745589106284 0.4821914718673682 0.054227692096304736 0.06684497546863308
0 0.5907856981255907 0.42072495996056636 0.04318799712070892 0.05694092965340853
1 0.49293750839588235 0.1088881316772055 0.023298532455600846 0.04965708116869326
3 0.5398850126738058 0.9499815696280959 0.08237907395923084 0.0839843834771058
3 0.8888771793773855 0.5809844065714816 0.045226828431975716 0.05628284992756455