0 0.04554587639259273 0.16666666666666666 0.052294618456388955 0.06875
0 0.10444550844240759 0.22083333333333333 0.05429713492043216 0.06527777777777778
0 0.878718737250247 0.21944444444444444 0.10861043321472216 0.13125
0 0.6083703051326546 0.24027777777777778 0.10084223733496932 0.12569444444444444
0 0.31785297990425954 0.37916666666666665 0.06466647272842607 0.12291666666666666
0 0.38304761828694467 0.25625 0.050744676460370404 0.09166666666666666
0 0.31952874510243845 0.18263888888888888 0.05413608181330258 0.08819444444444445
0 0.2866808936162965 0.23333333333333334 0.0467713896485495 0.07013888888888889
0 0.27250222526086443 0.28055555555555556 0.0488062328603087 0.06805555555555555
0 0.1872298676960187 0.22708333333333333 0.05827042173225318 0.08680555555555555
0 0.16387795119808662 0.26805555555555555 0.03793699172561733 0.04861111111111111
0 0.4964141478360809 0.8006944444444445 0.08482152499117288 0.12361111111111112
0 0.11969966894422895 0.6673611111111111 0.1142797130187347 0.16597222222222222
0 0.2826037532906796 0.6847222222222222 0.08868166818598774 0.14027777777777778