2 0.980215429928365 0.6320981196320705 0.039569140143270135 0.06392760770328022
2 0.9616857361360499 0.5743329092921617 0.04409885029757814 0.0626843996726071
2 0.8106127162832204 0.6196898341641262 0.0415507727632129 0.04656649659216928
2 0.8627088246084621 0.6404019285503624 0.03302815172568722 0.06329632398434579
2 0.908595345472924 0.6629399544001344 0.04448276942016965 0.07587884411705154
2 0.39401618726658083 0.5555762091074125 0.0339725026831543 0.04811566677871168
2 0.5775206895979915 0.4529787191068146 0.028416947127598745 0.047727184490136666
2 0.5450743445640067 0.5575386270298139 0.03056089926976221 0.04995619868168575
3 0.1572350131076254 0.42948279383038185 0.05394231013746074 0.06753091034428012
3 0.3683639933139134 0.032693502287379515 0.0431417243482026 0.053608061608757376
3 0.49715208457219523 0.05848063187237541 0.040626628075355754 0.062441598242247626
3 0.6510911385589444 0.008283364171878506 0.047166947127598745 0.016566728343757012
3 0.7261422385265778 0.0842195247074647 0.03852308847241248 0.06160147293958755
3 0.7179057614143047 0.23162138763453635 0.04846757966034545 0.0699202058334828
3 0.7801611986154888 0.29059108719072707 0.04742219735482788 0.0816286408168946
3 0.734709696841252 0.3786639691519092 0.049263055452840376 0.07344098834177686
3 0.7824658819382546 0.561118458368191 0.0438287375149454 0.0772191727198685
3 0.8625448372771484 0.25212496397321227 0.04162416656395149 0.07290682519498617
3 0.9985847045537504 0.6155723748558619 0.002830590892499332 0.06192203553489498
2 0.7806752048315972 0.9300480990730405 0.049621424591615296 0.03812144224725418
2 0.7659801527218002 0.8315680683807068 0.05107627600354097 0.08812144224725386
2 0.8789808847241238 0.5300144627625719 0.03691193061781253 0.053865463478554906
1 0.6424763356492247 0.6286636456157438 0.07054092671759551 0.0901755747017112