1 0.9241906932570425 0.5124680148412839 0.08984992960248077 0.15323835597114513
2 0.6468689939249421 0.3884381161483072 0.07193053696962563 0.09551866389043731
2 0.6691597829127625 0.5660138859465379 0.05393338317182257 0.05654089149054787
2 0.7550033271462303 0.42043461966223644 0.04196278735085552 0.034258066874461375
3 0.33509869236068146 0.7769001371361486 0.10914361068478672 0.2206843104336659
3 0.41644040689273704 0.6063572322881656 0.11164970968949414 0.137399459015424
0 0.6781348885090414 0.7950351068679308 0.14124833642688484 0.21323530904555116
0 0.718374271008593 0.9343275487107162 0.12174105479309578 0.12288076823554567
0 0.7928105834467607 0.8228285822788747 0.11458268626100285 0.19919693425179744
0 0.8923395810254802 0.8389094258048551 0.10920201244253905 0.18181158218314092
0 0.8995020614530002 0.6868462932694764 0.11956027735145337 0.22074491282753
0 0.7971756031531421 0.5916472649919208 0.1252275539185907 0.21244794093051525
0 0.8535125587174399 0.45109879652154994 0.13265284225599633 0.18958379633853073
0 0.942643925500523 0.34784427991204114 0.07955450188291119 0.2045464416682151