3 0.4705225228282575 0.2446238179718408 0.03200824675057924 0.03919876488454119
3 0.42776115759023847 0.22339906705568038 0.03696424121833278 0.04985811224899948
2 0.4000823636819021 0.4656518880647213 0.024853314892511632 0.03601651927711076
1 0.18176369885931765 0.4748799556935927 0.06336349045739083 0.04240775900686707
3 0.11223719171607945 0.5975059977242233 0.04950650272156933 0.06026792978163119
3 0.39200587977822765 0.7088555324840681 0.04852822830975754 0.07472992276606887
1 0.4350415347360046 0.7705198483098674 0.046456075429153205 0.11125235084086726
1 0.5723476675099207 0.5114193221426825 0.05772505210048169 0.11398283270164503
3 0.6376150849375294 0.5166855491046904 0.054610002399371006 0.08199794147423536
3 0.6328504973881803 0.6194969245313986 0.07632754689043364 0.10400423151356127
3 0.9690559313130996 0.6685897880102792 0.06188813737380075 0.09424156250837383
3 0.8937216802402803 0.720786964537229 0.03412348123697989 0.05798921166750625
3 0.8328976795067758 0.8938243235315473 0.09542517916393586 0.12793206775435964