2 0.6231752456326463 0.015070074447908697 0.04703685511705026 0.030140148895817395
0 0.9699782500884033 0.2607854268013881 0.060043499823193416 0.14589914809166674
0 0.7968225713275119 0.484367694953487 0.12013226787607954 0.1812199957780864
0 0.7215412101633495 0.6410229405628388 0.1177100361765238 0.21171089783820995
0 0.9691462398949576 0.7191995770040115 0.061707520210084806 0.21479461845638892
0 0.8928194626210862 0.7349795806342894 0.11817822402573609 0.1922826167676236
0 0.8143078104886814 0.8528105908501844 0.10164084684205932 0.20300580690614223
0 0.8419249494659737 0.9577519381991351 0.08455301630242376 0.04709465712571001
0 0.7543279823537312 0.9514551899719129 0.0778105866751509 0.06429413449824072
0 0.6371284830963575 0.9680756890428083 0.08512625185656539 0.03669415383290142
0 0.7019689358157929 0.8095795607079932 0.1198014501025442 0.21245383240422863
1 0.8533245292806825 0.6838013962370054 0.16967975468561525 0.1434948698069756
1 0.4730383620835955 0.0649059966023532 0.0467711686116355 0.1298119932047064
2 0.6302942477897738 0.6195292314271291 0.0436616000070703 0.053085462512530844
2 0.5846239858900554 0.8137000597788884 0.047957556156726845 0.06429355386679024
2 0.5163083917886426 0.6138466914065119 0.0708343063865851 0.12106078183024699