3 0.7315542952528092 0.6743275051552081 0.04194260528515422 0.07293430877119533
0 0.6472741961325001 0.15879400517405667 0.029716802009290198 0.05446649413136224
3 0.3842021854082721 0.6510118551388069 0.053505710232839634 0.0629299011888062
0 0.1960129666468835 0.9265520047622023 0.061904277693055655 0.09583554595575694
0 0.41682781408055625 0.7986044438064087 0.04761130445771613 0.0779894241572606
0 0.4969798659211118 0.8083156323539427 0.05221380158709887 0.06704806678673442
0 0.567876691486976 0.7488491323350944 0.04344463779104946 0.07784392095104523
0 0.6005029007907107 0.9263270826481764 0.08574167603817923 0.10638228634653457
0 0.7383659489176856 0.4892172743830777 0.04392895837533944 0.06884039370763652
0 0.953804779802593 0.4587586915275682 0.051067363306080436 0.07741623238466262
0 0.5611024959461114 0.3682208251764309 0.031929442333487636 0.06009480129002564