3 0.5423611111111111 0.6875 0.029861111111111113 0.043055555555555555
3 0.3958333333333333 0.6673611111111111 0.03888888888888889 0.03958333333333333
3 0.22361111111111112 0.8402777777777778 0.08194444444444444 0.07916666666666666
0 0.6340277777777777 0.6777777777777778 0.02638888888888889 0.041666666666666664
0 0.43194444444444446 0.9520833333333333 0.07430555555555556 0.09513888888888888
0 0.49375 0.95625 0.059027777777777776 0.08680555555555555
0 0.7166666666666667 0.9638888888888889 0.05277777777777778 0.07222222222222222
0 0.7791666666666667 0.8625 0.043055555555555555 0.0763888888888889
0 0.5506944444444445 0.6048611111111111 0.02638888888888889 0.05138888888888889
0 0.5354166666666667 0.6284722222222222 0.029166666666666667 0.05347222222222222
0 0.49583333333333335 0.5777777777777777 0.02638888888888889 0.03680555555555556
0 0.43680555555555556 0.5298611111111111 0.025 0.03958333333333333
0 0.30277777777777776 0.5375 0.029166666666666667 0.04236111111111111
0 0.19722222222222222 0.5979166666666667 0.05138888888888889 0.05277777777777778