0 0.9400487468997056 0.7279452708707413 0.07992498607065322 0.1237504674348868
1 0.9077004266739976 0.28704853001275277 0.1282330031376129 0.11474823964092562
2 0.6389004952935806 0.18539787859521129 0.06559899052804402 0.08447765942340624
2 0.45632498214235745 0.9584078957212885 0.1013995763173022 0.08318420855742312
2 0.37712324665067726 0.9172953981990124 0.048298498225763195 0.08605583601648732
3 0.4216594532129134 0.3660405219196923 0.111437667575584 0.13368752734511796
3 0.36182016850002086 0.5116462425731081 0.08550609161002522 0.17248281616365818
3 0.035635429870727806 0.5667932479985338 0.0679025052635932 0.1636443260900729
1 0.46071183021123985 0.887061055393723 0.10057111926328888 0.07023040139574259
0 0.9377722003461277 0.1134704001631601 0.12445559930774455 0.17569770059515608
0 0.8105569419667207 0.20985347790295572 0.12544570651863832 0.2097254783729339
0 0.7539399729630276 0.340262245857034 0.11462491445977005 0.1955334954398937
0 0.952563859066047 0.3217154771403514 0.08295058279795865 0.18004087997410684
0 0.8525053278207119 0.3924775042364412 0.10484207342871754 0.19316727433201936
0 0.8303404682566082 0.5092930460680801 0.09720318453982865 0.1929450053663083
0 0.753608072784348 0.5188759119665268 0.08479887217367263 0.14817726060810263
0 0.7370912002589319 0.7998834367312059 0.08854120717852727 0.13371516489242985
0 0.690188103223481 0.6442215061133931 0.10237482097279269 0.1799122110787446
0 0.6485374676994344 0.49913789231912786 0.1063724062048771 0.19806879798235066
2 0.65289459065751 0.32550657493840673 0.04510382006387551 0.047800772763212825
1 0.8446385766409673 0.8881186283975406 0.1349712097589664 0.22376274320491865
1 0.9358915990742356 0.8230437472204101 0.08541992281737817 0.12182878425843392