2 0.5553525676851322 0.13032492022069034 0.03592574400593915 0.044162110227030066
2 0.547071419760974 0.6629880508876399 0.028819687707757502 0.03019241541127258
0 0.4059590986632729 0.02281217953003148 0.06099846934012084 0.04562435906006296
0 0.35706516680812145 0.04529298071823336 0.05313381038262561 0.09058596143646672
0 0.3223747804300208 0.10248444380792121 0.04822421571539337 0.08666059141381789
0 0.9521046559516384 0.3451230238701878 0.07708430638658494 0.12032522904731262
0 0.8200874861730123 0.35290833648069203 0.06299340268052447 0.1028025060824643
0 0.6657415868873571 0.5491224307235598 0.08268834549826194 0.12455654045547422
0 0.6066724330928932 0.6727097865832361 0.09126409661220122 0.14548684090104996
0 0.9689870659877212 0.6247497977933798 0.048345424605696505 0.09707725808048463
0 0.9371471827215802 0.6758078689087331 0.0681777374991103 0.13063684800905012
0 0.8524492022774185 0.6747103678831973 0.08705702698210019 0.14196613512270645
0 0.7999375975316813 0.7121219678902678 0.07525147142654463 0.14182876504702968
0 0.7315749794540249 0.7393027548624692 0.08918884387155465 0.14615704356743386
0 0.665416417073379 0.815756775019479 0.07853784001696892 0.12589694578824182
0 0.5920396431501868 0.7964744289553977 0.09556813335454453 0.15734088001272667
0 0.6841331216493796 0.9377446600537821 0.08876057245915092 0.1093514880118783
0 0.6285775660938241 0.9383911074687312 0.07487168357026203 0.10918987615814078
0 0.5457851459438848 0.9525471424429125 0.09400906549260557 0.08302724386448404
1 0.43043288708537486 0.18454912408941684 0.042531776610786984 0.13450453274630278
2 0.4603709119103475 0.6549703471957201 0.055330272013575016 0.1006302862295753
2 0.5072204538157222 0.8057935945965286 0.037427761192444106 0.05390049363462594