0 0.8763189183738853 0.3431408624576526 0.06116756889147534 0.07361048130699573
0 0.846669781815047 0.15800247741205597 0.03528897764463876 0.0437669989737448
0 0.7470102476699495 0.2478993499221796 0.040008313941509895 0.05934855683320982
0 0.7233848215435968 0.20316875417390803 0.03263877427737422 0.03664028648028805
0 0.5532881900313451 0.11065339269086313 0.020323035691280703 0.029357434202551384
0 0.5256381012755951 0.14949915434127473 0.025340007408844182 0.04013863696724276
0 0.4739377203968303 0.23449965818456697 0.02488651138169915 0.03458308141168721
0 0.4872598538633025 0.2769300247988879 0.03025780552334854 0.04125837352604936
0 0.6910159695485487 0.428342522736048 0.03493465522055317 0.04787290962407395
0 0.9194753667052188 0.8511867848789281 0.04682495475241208 0.1344093128495473
0 0.293101136666115 0.9418621548647318 0.06295315219260134 0.11237785816320967
0 0.15924284684094375 0.7566989011626333 0.032199364042441656 0.056596907320164605
3 0.7835343166042871 0.8371952723434551 0.051842270304519565 0.04383625447695465
3 0.839245961989324 0.9001199346537021 0.07447538734270565 0.07615373450629603
3 0.15394278394095823 0.8730356594828802 0.052295766331664356 0.049391810032510204