1 0.9745683096837707 0.5124680148412839 0.0508633806324585 0.15323835597114513
2 0.6994491980230517 0.3884381161483072 0.0713745548008698 0.09551866389043731
2 0.7455639378942636 0.5660138859465379 0.05360466378737543 0.05654089149054787
2 0.8119574597268376 0.42043461966223644 0.04176393241458527 0.034258066874461375
3 0.43951460209179477 0.7769001371361486 0.10785714099503771 0.2206843104336659
3 0.4980560511299798 0.6063572322881656 0.11085023168040714 0.137399459015424
0 0.7852496051761638 0.7950351068679308 0.14000650764119643 0.21323530904555116
0 0.8441945116115032 0.9343275487107162 0.12102680032812461 0.12288076823554567
0 0.9037408547475514 0.8228285822788747 0.11342202275542503 0.19919693425179744
0 0.9757159724765196 0.8389094258048551 0.04856805504696082 0.18181158218314092
0 0.9665741394179902 0.6868462932694764 0.0668517211640196 0.22074491282753
0 0.8771161258438964 0.5916472649919208 0.12398978339690782 0.21244794093051525
0 0.9146544951642684 0.45109879652154994 0.13154899444649573 0.18958379633853073
0 0.9754159771051232 0.34784427991204114 0.04916804578975365 0.2045464416682151