0 0.1940016464043207 0.3401653167207649 0.12571467223845695 0.21394181520247504
0 0.4119134734895059 0.24929006719858876 0.08214188871944449 0.1902160598493582
0 0.5921169186088887 0.08696920986575947 0.11820450970898169 0.17393841973151894
0 0.6895983354442901 0.04770277822732903 0.08746999577808655 0.09540555645465806
0 0.8125461675957715 0.09174542938786266 0.11264895415342614 0.18349085877572532
0 0.8048870509128702 0.2987102081212883 0.10350745212719138 0.15418652139361927
0 0.9044338958133947 0.3444994361932998 0.08545189657163582 0.15355600750001824
0 0.8835820765804008 0.4652688389757897 0.07648819165783954 0.1261816677542536
0 0.8096482786235798 0.45189142393107934 0.10639837352197534 0.1591446346422073
0 0.8579176363578698 0.584124662165531 0.09221854390364209 0.14615962395482207
0 0.7890048413563883 0.653143630666017 0.10426596943561732 0.1271516891290244
0 0.8356919303469438 0.7639218427257989 0.0984044710396606 0.17343696156310956
0 0.6889863554567277 0.7766775943666034 0.11148635249854964 0.19887347118175633
1 0.6280241984990427 0.5935404779306481 0.10257113770632727 0.1735824647693251
1 0.7308227847022836 0.35056206978561716 0.10985617426469155 0.2480820245998348
3 0.25581068574858007 0.15898585570144885 0.13469337926321004 0.18233687823920036