0 0.2916666666666667 0.5701388888888889 0.02361111111111111 0.04375
0 0.14305555555555555 0.7791666666666667 0.030555555555555555 0.04375
0 0.1625 0.975 0.03333333333333333 0.05
0 0.24027777777777778 0.9041666666666667 0.027083333333333334 0.049305555555555554
0 0.23125 0.6055555555555555 0.024305555555555556 0.029861111111111113
0 0.33194444444444443 0.5069444444444444 0.020833333333333332 0.027777777777777776
0 0.53125 0.22569444444444445 0.025 0.03125
0 0.4666666666666667 0.32916666666666666 0.016666666666666666 0.0375
0 0.4270833333333333 0.5861111111111111 0.030555555555555555 0.04652777777777778
0 0.4840277777777778 0.7166666666666667 0.03611111111111111 0.06180555555555556
0 0.7701388888888889 0.6909722222222222 0.03333333333333333 0.0625
0 0.7923611111111111 0.20625 0.04027777777777778 0.07430555555555556
0 0.8743055555555556 0.25555555555555554 0.04097222222222222 0.07013888888888889