0 0.716283990681267 0.45677197971044026 0.07078670230917541 0.10801058357125552
0 0.08910845980066368 0.29936973510381315 0.04488840016406234 0.06134948052697666
0 0.21311927891390653 0.7040526161877254 0.06808034066691301 0.09827624087026045
0 0.5086149941757919 0.2851279633149201 0.04240454863213172 0.05508736004820381
0 0.5483328980763701 0.336960806753615 0.060655700184570095 0.06907725292686627
0 0.4430371574504726 0.4201814786235995 0.03976853862433893 0.08978130115328943
0 0.7422835622739015 0.12688258748219255 0.058972885049834015 0.07531513244809342
0 0.8940026177269181 0.16418011649744804 0.07797124477256906 0.12263027834090726
0 0.47335900199335346 0.7594617999876122 0.07822066899635002 0.11568987405605387
0 0.5178407512571243 0.8452820196081755 0.08679410034863255 0.13031764914488742
3 0.5927970594315235 0.43388809732569855 0.051850432517124054 0.07249695307440618
3 0.5495904099011514 0.44732899150519045 0.055357830556581195 0.09473129577540125
3 0.01755403403469837 0.6427565837458259 0.03510806806939674 0.07387372148452237
0 0.004386237578441455 0.6554181901294636 0.00877247515688291 0.11138584196329507
0 0.025607696554693346 0.7371242651580425 0.05121539310938669 0.10452220071066955