2 0.9527777777777777 0.31875 0.05555555555555555 0.04513888888888889
2 0.9020833333333333 0.4236111111111111 0.06458333333333334 0.06458333333333334
3 0.41388888888888886 0.30833333333333335 0.043055555555555555 0.05416666666666667
3 0.6604166666666667 0.27569444444444446 0.05277777777777778 0.07152777777777777
2 0.22013888888888888 0.4395833333333333 0.029166666666666667 0.03333333333333333
2 0.3138888888888889 0.6534722222222222 0.041666666666666664 0.08333333333333333
2 0.6201388888888889 0.5756944444444444 0.05486111111111111 0.07013888888888889
2 0.39652777777777776 0.5680555555555555 0.03958333333333333 0.059722222222222225
2 0.3277777777777778 0.44583333333333336 0.034722222222222224 0.03680555555555556
2 0.37430555555555556 0.46805555555555556 0.022222222222222223 0.035416666666666666
2 0.15069444444444444 0.5388888888888889 0.025 0.02847222222222222