2 0.9763888888888889 0.42430555555555555 0.04722222222222222 0.05625
2 0.8861111111111111 0.7375 0.08541666666666667 0.13194444444444445
2 0.8118055555555556 0.6388888888888888 0.0375 0.04513888888888889
2 0.7583333333333333 0.6527777777777778 0.07083333333333333 0.09861111111111111
2 0.8993055555555556 0.4618055555555556 0.059027777777777776 0.06666666666666667
2 0.8236111111111111 0.46805555555555556 0.08125 0.07708333333333334
2 0.75 0.49722222222222223 0.02638888888888889 0.029861111111111113
2 0.6972222222222222 0.4722222222222222 0.06458333333333334 0.08125
2 0.48680555555555555 0.8729166666666667 0.058333333333333334 0.08680555555555555
2 0.08680555555555555 0.13680555555555557 0.0375 0.05763888888888889
2 0.47291666666666665 0.47430555555555554 0.0375 0.034027777777777775
2 0.41875 0.33958333333333335 0.05138888888888889 0.05277777777777778
2 0.5527777777777778 0.2708333333333333 0.04583333333333333 0.04027777777777778
3 0.9513888888888888 0.29305555555555557 0.09652777777777778 0.08055555555555556