2 0.9604579916189147 0.44784039907138656 0.04951423408522007 0.0590003812416381
2 0.7895409814968727 0.6620274097515906 0.03853163856349258 0.044504790608270166
2 0.7288601940694731 0.5283238542587793 0.029887044359875544 0.03638054032379803
2 0.06623870617694383 0.16813580110024187 0.037297198512750956 0.06521678359270777
2 0.3936887426116289 0.3661033727117224 0.05325645411059112 0.048826395272763064
2 0.4453417522612506 0.49928112002598535 0.03683148880431983 0.03678500815345084
2 0.4434565559123013 0.9042971691349226 0.06409520422456486 0.0937966478957558
2 0.733051643330466 0.6817083337810359 0.07490802108977448 0.10412557186245724
2 0.862577923516518 0.7658225582162907 0.08689632192623044 0.12630049816767913
2 0.6737986446651019 0.49588099817192605 0.06992075758326892 0.08374400227577673
2 0.8048069433047065 0.492373882258285 0.08919542337119488 0.08070984553213742
2 0.8802879828315084 0.4849365792629781 0.06646386517941746 0.06691554847724887
2 0.5343013513144658 0.29772294684995626 0.04825386078571465 0.045071045569784
3 0.9385246108666385 0.3198740856468523 0.10475616557650337 0.08854411920181775