0 0.6590896937194706 0.6845525567939301 0.02693836919159575 0.04814374252825455
0 0.8149280700190663 0.714290232048202 0.032550488895959184 0.05319885791431981
0 0.9378356830397944 0.5984921888114123 0.029869678230423663 0.06143518911017591
0 0.8716927953178962 0.46220911133729253 0.032469682969090426 0.04625441346987537
0 0.8336286134096936 0.5913823864337997 0.029910081193858358 0.06490741133239813
0 0.7451418080486442 0.38420865350534367 0.019218674375838102 0.040932542205747935
0 0.6146428166418967 0.3845106641550321 0.024071704894262465 0.04040785150188842
0 0.5350478785628263 0.3449405476813799 0.019840393486100855 0.03470679274011733
0 0.5011493902680383 0.3548633826083968 0.02119696000424227 0.03197751603107809
0 0.47862915916965393 0.4477888644398416 0.02255352652238369 0.02924823932203885
0 0.6314431515311862 0.9334855332816823 0.03976159289907015 0.07635802992467909
0 0.5365143580521559 0.9482187656286479 0.03828381749062591 0.06867063996705175
0 0.47842198291955074 0.7879211390114038 0.022965636749413754 0.06466490598870551
0 0.40640888305393524 0.6840586956168495 0.02547675496852501 0.041845241459515924
0 0.41936139624439966 0.7233840941243852 0.028230290968242065 0.03985891026365967
0 0.32364070468205647 0.6700617709157953 0.017821704894262384 0.040189596692565034
0 0.36889174881530973 0.5619643344963141 0.029603018671757297 0.03851852244350924
0 0.24664528481502684 0.5556129071139894 0.023514630525494656 0.052189156523074744
0 0.30157912126031977 0.5637786993291616 0.021293927116484607 0.0403108493644115
0 0.24740534705421802 0.6805886565796201 0.031137358229009728 0.05106702351224786
0 0.2268705091236728 0.6458576133051335 0.029691905191312803 0.04615741133239813
0 0.23141082916043873 0.9167394477072054 0.04946765393591872 0.07530864851696006
0 0.06336189461769241 0.7324713477707279 0.025557560895393648 0.04878968590396021
0 0.10709573343231868 0.7326102425471028 0.03526362193224213 0.04774030449624118