3 0.9375 0.5041666666666667 0.09583333333333334 0.08958333333333333
0 0.83125 0.7256944444444444 0.14930555555555555 0.27569444444444446
0 0.42083333333333334 0.7131944444444445 0.11597222222222223 0.21875
0 0.33055555555555555 0.9354166666666667 0.11041666666666666 0.1284722222222222
0 0.21041666666666667 0.9368055555555556 0.1076388888888889 0.12638888888888888
0 0.19722222222222222 0.7541666666666667 0.08125 0.15625
0 0.5590277777777778 0.24722222222222223 0.1125 0.17569444444444443
0 0.4548611111111111 0.25 0.08611111111111111 0.11388888888888889
0 0.39305555555555555 0.3111111111111111 0.08125 0.17569444444444443
0 0.35 0.2 0.06736111111111111 0.09305555555555556
0 0.24861111111111112 0.15416666666666667 0.06180555555555556 0.07708333333333334
0 0.12708333333333333 0.46597222222222223 0.07222222222222222 0.11458333333333333
0 0.059722222222222225 0.4444444444444444 0.044444444444444446 0.05694444444444444