0 0.19470725235433012 0.18705314132364934 0.12806849242187848 0.20941105018408143
0 0.5531815075781216 0.2358227994604003 0.1273594475379961 0.21905237884037312
0 0.8728830303561981 0.16100874302217985 0.1417631401664797 0.20744220806560904
0 0.8873223005121423 0.6624915757238248 0.14139401728510026 0.22194464783301177
0 0.5788632928001195 0.825816801736177 0.11679234104535617 0.18662257300034543
0 0.4765323990686693 0.8533257983225121 0.12146396997993729 0.21386769346553997
0 0.1607693419663379 0.9337303040077068 0.10028119670858551 0.13253939198458636
0 0.011818504467486739 0.5718781005563953 0.023637008934973478 0.15123330286981862
0 0.05059450612153479 0.6325840958166096 0.09230714478495106 0.17274738237952647
0 0.12365750071874768 0.8341677214650457 0.10149520386038256 0.16567474845215127
0 0.051338157924381685 0.8313501449255467 0.0902384118910558 0.16294426659137382
1 0.2567416559731376 0.3768380605505648 0.12600008306414853 0.10070684667002577
1 0.714396762982291 0.8917511692604109 0.17839857295270115 0.21649766147917832