3 0.18971699471784578 0.933079729289499 0.05736866120149331 0.07324795975312384
0 0.48994059251093985 0.5382851799762349 0.02240402940381456 0.03137928510691018
0 0.467104729036092 0.524262965820845 0.025165646543228583 0.028617667967496156
0 0.3389435991023723 0.47004331407429856 0.018915646543228585 0.028581306531177752
0 0.23436079599783868 0.5409650679134352 0.0189722087775018 0.03830352875339982
0 0.3488552458201713 0.5569094720237182 0.03010352068656756 0.04184039352907721
0 0.6472455371693729 0.23849573128016133 0.018213121779602184 0.027188377482697805
0 0.6388031195270842 0.25719724936507 0.020982819238198166 0.02581564923217267
0 0.6936354865158614 0.38182601768790086 0.025250489894638246 0.04320100130082949
0 0.9021164537332697 0.8351375595368803 0.04629795168629142 0.08012776164411327
0 0.8154482636038062 0.8110214284769016 0.03516259961763492 0.07589645242399128
0 0.776793703971192 0.7705174017620311 0.025957054817855704 0.04528837479375372
0 0.664212900779373 0.7837517847971875 0.029429277040077927 0.04530857559170853
0 0.5424467535857297 0.824016979090995 0.04489290215903894 0.0773419035471537
0 0.44073107477517204 0.7602286311866822 0.031609574203593775 0.061987362737147896
0 0.28945034418484367 0.9785575285788295 0.05442523688048687 0.04288494284234111
0 0.11792256640706589 0.9780777596274053 0.04123079243604247 0.043844480745189505