0 0.20801753532454212 0.8819533153076291 0.02770993445867289 0.04827594807636552
0 0.23807403121644463 0.8687150695448704 0.028856142649770156 0.04420640198184237
0 0.37063137851815875 0.8075598335792796 0.03068994615127691 0.051942411442875404
0 0.5164298181600733 0.6866677749520287 0.02921331456242263 0.062213397251326324
0 0.6287406344920725 0.6498958557069416 0.035551057262388025 0.05228233344537835
0 0.6748166485231974 0.6489341679210192 0.027790828024603323 0.04966483696525441
0 0.5416010465109462 0.962285428840021 0.09968882796185913 0.075429142319958
0 0.635558833517319 0.8560680945419935 0.08644708760041465 0.1305358726121944
0 0.8447963423652022 0.9369001113570574 0.13762004430640723 0.12619977728588513
0 0.9137218277651331 0.9418581812722298 0.07583438813171219 0.11628363745554048
3 0.3552472547020435 0.9678242471243835 0.044113373025443145 0.06435150575123284
3 0.6174080381065188 0.7606670448155496 0.052783978890568364 0.06317000253332594
3 0.6710687959754975 0.7372257329376074 0.055454114587520247 0.03776691980531268
3 0.6652307609604293 0.8135175012543524 0.051226453735783495 0.0720520994528878
3 0.8029466931433256 0.8433684473576178 0.09646613557146363 0.11256283718934476