0 0.6167051294050429 0.6997446379769752 0.028863700688365808 0.048759199974902384
0 0.7709868847696911 0.7331102729167506 0.034674016282102746 0.05394388534973555
0 0.9015886526974454 0.6202113581786443 0.032332969998350336 0.062115431551207856
0 0.8440294175596863 0.48242202958509667 0.034310073370414786 0.0469994409052911
0 0.7976039574866225 0.6106721185116321 0.03251494145419416 0.06558765377343008
0 0.7221927679791325 0.40149005075727234 0.020860868887789114 0.04136984091783991
0 0.5913824523853954 0.3987471666709134 0.025685585707731523 0.04095852395415231
0 0.5141446831506741 0.35733067785731754 0.02122776471171461 0.03516028770080529
0 0.47953459671419585 0.3664598966031306 0.02247107643592838 0.032463403488957945
0 0.45101025629529956 0.4588347059823116 0.023714388160142146 0.029766519277110763
0 0.573047629028727 0.9479649795265036 0.04281947233511703 0.07726501984605502
0 0.4769624885694499 0.9604793258158177 0.041030246243371635 0.06954523739123539
0 0.4290103869559314 0.7988698030622978 0.025570497009749872 0.06518318594377742
0 0.36349062013323974 0.6933553423109516 0.02714726317895797 0.042428306408971946
0 0.37395253982778814 0.7329722732932155 0.02981585808322933 0.040506760207499486
0 0.2814340399030513 0.677431064026974 0.01943558570773152 0.04059450290746503
0 0.3337121156854961 0.5704187762634245 0.031131958389780657 0.03919876488454119
0 0.2115990763367802 0.5612168091282044 0.025609844213156267 0.052723632726742645
0 0.2661326388273723 0.5706621049824604 0.022907807929953745 0.040796736822291436
0 0.20435365948195564 0.686176362345239 0.033175944519707595 0.051779658450471784
0 0.18599809086033692 0.6509756278614686 0.03153229559263725 0.04683765377343008
0 0.17319320619340214 0.9218898547607324 0.05246890597500161 0.07644238591867981
0 0.016574316801556015 0.7337508514098116 0.027511206090645723 0.04937275085341639
0 0.06039710538389357 0.7349101098477345 0.0371606397305304 0.04855011692604118