2 0.9694827574242472 0.34647300190503044 0.05792118448152621 0.046755390457695334
2 0.9242838509462884 0.4498590553346057 0.06796800241202984 0.06646251640707088
3 0.4300479541678266 0.32037627002094127 0.04589431026672028 0.0554194553824917
3 0.6748652002606719 0.294910606843631 0.05652638976816193 0.07306345426814384
2 0.24317647519872573 0.44598872079972884 0.030913592642768054 0.03418199665695675
2 0.34813591687870954 0.6626054560859787 0.046033981606920175 0.08454570950993817
2 0.6503097562678064 0.5937386432062463 0.05853693451915771 0.07173518418808524
2 0.42629830795383866 0.5795933355029116 0.0427132423738483 0.06087397958999677
2 0.35114291270813364 0.4553706925892913 0.036651119654167515 0.03781586903605959
2 0.3988353078033124 0.47894673487538897 0.024078331071829794 0.03606326729418912
2 0.17893641439141664 0.5432736493942764 0.026492165937919924 0.02919964792818506