0 0.13204806257786614 0.8363835659408949 0.060556022990442195 0.07774661229296322
2 0.4170208606784514 0.09800551806950583 0.026927026890659376 0.042959155943858025
2 0.4683033745050832 0.04538821276740702 0.028457359666818782 0.04785259380268521
3 0.5945968253710665 0.5407025762429316 0.04995749989728482 0.07125416168509276
0 0.034884121990040984 0.45852671318817895 0.04634917750199868 0.11419657362364212
0 0.16592137186552686 0.35262940425580236 0.048096435529662314 0.07884456045240743
0 0.38573487287715946 0.4079707715310491 0.04970759338426218 0.08651577608901245
0 0.45372563449689457 0.547455963358333 0.054609117034593486 0.08801780859490754
0 0.37380716072766484 0.6667566793324071 0.057056163220908236 0.10056629871648161
0 0.2177880295582941 0.845506582067469 0.053341465763365015 0.09215214851385806
2 0.787271717954742 0.6425399751796907 0.03337908958676002 0.05004907075302469
2 0.8379480436930715 0.5690893365442586 0.06743241734835471 0.09941986043546301
2 0.8642858326143269 0.4711882526199993 0.05024781894952765 0.05738143617006178
2 0.7767400763609 0.42388695542283883 0.05754854496925172 0.09363801764589508
2 0.6688619683874019 0.537584206351234 0.03466694712759859 0.046609175278518614