3 0.6215277777777778 0.45902777777777776 0.03888888888888889 0.06388888888888888
0 0.51875 0.03263888888888889 0.044444444444444446 0.06458333333333334
0 0.5645833333333333 0.7479166666666667 0.06041666666666667 0.14444444444444443
0 0.7527777777777778 0.18958333333333333 0.06944444444444445 0.13333333333333333
0 0.5458333333333333 0.13680555555555557 0.06388888888888888 0.13958333333333334
0 0.3611111111111111 0.1763888888888889 0.034027777777777775 0.07013888888888889
0 0.14930555555555555 0.6840277777777778 0.075 0.09791666666666667
0 0.20833333333333334 0.5361111111111111 0.0625 0.09236111111111112
0 0.3104166666666667 0.43194444444444446 0.059722222222222225 0.09583333333333334
0 0.03680555555555556 0.5840277777777778 0.07361111111111111 0.12361111111111112
3 0.08125 0.32083333333333336 0.08194444444444444 0.07361111111111111