0 0.1076388888888889 0.8388888888888889 0.058333333333333334 0.0763888888888889
2 0.41388888888888886 0.1076388888888889 0.025694444444444443 0.04236111111111111
2 0.4666666666666667 0.05625 0.027083333333333334 0.04722222222222222
3 0.5784722222222223 0.5541666666666667 0.04791666666666667 0.07013888888888889
0 0.021527777777777778 0.45902777777777776 0.043055555555555555 0.11319444444444444
0 0.15555555555555556 0.35625 0.04583333333333333 0.07777777777777778
0 0.3736111111111111 0.4166666666666667 0.04722222222222222 0.08541666666666667
0 0.4375 0.5576388888888889 0.052083333333333336 0.08680555555555555
0 0.3541666666666667 0.675 0.05416666666666667 0.09930555555555555
0 0.19305555555555556 0.85 0.050694444444444445 0.09097222222222222
2 0.7680555555555556 0.6604166666666667 0.03194444444444444 0.049305555555555554
2 0.8208333333333333 0.5881944444444445 0.06458333333333334 0.09791666666666667
2 0.85 0.4909722222222222 0.04861111111111111 0.05625
2 0.7638888888888888 0.44166666666666665 0.05486111111111111 0.09236111111111112
2 0.6527777777777778 0.5527777777777778 0.03333333333333333 0.04583333333333333