3 0.7798611111111111 0.2228924374471945 0.10416666666666667 0.1379253033099547
3 0.5493055555555556 0.306034432787828 0.07361111111111111 0.10402276989459022
3 0.5722222222222222 0.19569744396046249 0.08472222222222223 0.13251258002542982
3 0.4395833333333333 0.19691977996800902 0.05347222222222222 0.09509332236577674
3 0.44375 0.3346867921004072 0.06319444444444444 0.10127190623026144
0 0.8881944444444444 0.9513270769041479 0.06805555555555555 0.09734584619170429
0 0.5083333333333333 0.8610477023748013 0.07569444444444444 0.09096183151634483
0 0.5159722222222223 0.9889953536893488 0.05 0.02200929262130242
0 0.7013888888888888 0.9895277812025766 0.0625 0.020944437594846793
0 0.6513888888888889 0.6972984522538059 0.06388888888888888 0.14506640825232783
0 0.4930555555555556 0.7572908801115635 0.075 0.14369510727205623
0 0.4534722222222222 0.6297542648537807 0.09444444444444444 0.14980227500102564
0 0.3736111111111111 0.6288031989828154 0.07083333333333333 0.09690031736188034
0 0.29305555555555557 0.6930854088675615 0.06527777777777778 0.0791831900742382
0 0.19722222222222222 0.5105552409335143 0.14305555555555555 0.15291741654567123