2 0.525 0.5777777777777777 0.034722222222222224 0.06597222222222222
2 0.27708333333333335 0.48333333333333334 0.035416666666666666 0.06944444444444445
2 0.6895833333333333 0.7229166666666667 0.059722222222222225 0.09513888888888888
2 0.7277777777777777 0.3993055555555556 0.09375 0.15902777777777777
2 0.4965277777777778 0.5576388888888889 0.04236111111111111 0.07847222222222222
2 0.49930555555555556 0.6819444444444445 0.1076388888888889 0.14930555555555555
2 0.31666666666666665 0.5666666666666667 0.04722222222222222 0.09097222222222222
2 0.022222222222222223 0.5631944444444444 0.04236111111111111 0.07916666666666666
2 0.32708333333333334 0.2881944444444444 0.03263888888888889 0.06458333333333334
2 0.6548611111111111 0.37430555555555556 0.08958333333333333 0.0763888888888889
2 0.5777777777777777 0.24513888888888888 0.029861111111111113 0.07291666666666667
2 0.5923611111111111 0.2701388888888889 0.034722222222222224 0.07430555555555556
2 0.6013888888888889 0.14652777777777778 0.05416666666666667 0.04652777777777778
2 0.20416666666666666 0.6347222222222222 0.049305555555555554 0.05416666666666667
3 0.3819444444444444 0.16041666666666668 0.05 0.052083333333333336
3 0.4798611111111111 0.03958333333333333 0.03888888888888889 0.049305555555555554