2 0.5132686684571977 0.38294540795644694 0.030594455428701886 0.05340944839615121
2 0.6357431954702087 0.42885108868374433 0.04510586605815819 0.06933411157042554
3 0.06852235403331215 0.6270053447291392 0.09021173211631643 0.13866822314085095
2 0.05771426355608022 0.5488717799832884 0.044681419416862274 0.05891744490375888
2 0.10638669394067506 0.48459858928365873 0.036376382526281975 0.059223758110305384
2 0.27085684150299616 0.4894864034543646 0.04203215722846762 0.04493152320539543
2 0.3560235665728628 0.41928857016656185 0.03994646070114559 0.07879757963404914
2 0.5036183689388526 0.36724715467094643 0.06252357005477557 0.07153160720493507
2 0.5070422385119732 0.45127493244872424 0.08419046685232968 0.109969591029855
2 0.5607974870468386 0.052458370367698244 0.05076164076034391 0.05504187666551557
2 0.5569220250441071 0.1444636945107363 0.03046593983931874 0.06726599301521523
2 0.544409058419725 0.12655273081260315 0.028043049192948723 0.05883562687240745
2 0.6001579626865744 0.20192756198595654 0.062410384283763186 0.0687538294271572
2 0.6577685551327102 0.2039176919369726 0.08406195126294655 0.12382613564891898
2 0.9709798141274076 0.27491667897709304 0.058040371745184734 0.12453579487148655
2 0.3357573746341415 0.21109982869065097 0.03128889987314633 0.05344179266597603
2 0.31162511158353123 0.36731556970724755 0.035213865179417624 0.06471462512621129