3 0.04861111111111111 0.7354166666666667 0.09722222222222222 0.14027777777777778
2 0.38333333333333336 0.46944444444444444 0.044444444444444446 0.07152777777777777
2 0.47708333333333336 0.23819444444444443 0.03888888888888889 0.06458333333333334
2 0.7729166666666667 0.3541666666666667 0.059722222222222225 0.08541666666666667
2 0.7541666666666667 0.3055555555555556 0.05694444444444444 0.10208333333333333
2 0.8243055555555555 0.1527777777777778 0.08819444444444445 0.0625
3 0.5743055555555555 0.06736111111111111 0.058333333333333334 0.059027777777777776
3 0.09444444444444444 0.6006944444444444 0.13472222222222222 0.13125
2 0.20347222222222222 0.425 0.04236111111111111 0.07152777777777777
2 0.14444444444444443 0.4701388888888889 0.04027777777777778 0.052083333333333336
2 0.28888888888888886 0.6173611111111111 0.029861111111111113 0.06041666666666667
2 0.39444444444444443 0.5944444444444444 0.05625 0.09236111111111112
2 0.8277777777777777 0.5909722222222222 0.17777777777777778 0.1597222222222222
2 0.55625 0.7486111111111111 0.06805555555555555 0.12152777777777778
2 0.525 0.9090277777777778 0.13958333333333334 0.18125
2 0.90625 0.7291666666666666 0.18680555555555556 0.2833333333333333
2 0.5840277777777778 0.7840277777777778 0.04236111111111111 0.06388888888888888