0 0.6263888888888889 0.2722222222222222 0.04375 0.04097222222222222
0 0.6201388888888889 0.20694444444444443 0.03333333333333333 0.05138888888888889
0 0.29375 0.4895833333333333 0.04791666666666667 0.08263888888888889
0 0.33194444444444443 0.3625 0.04791666666666667 0.05416666666666667
0 0.3861111111111111 0.2534722222222222 0.044444444444444446 0.049305555555555554
0 0.4576388888888889 0.7090277777777778 0.07083333333333333 0.11388888888888889
0 0.55625 0.7361111111111112 0.07708333333333334 0.13680555555555557
0 0.7958333333333333 0.5854166666666667 0.07083333333333333 0.12430555555555556
0 0.8930555555555556 0.5041666666666667 0.06805555555555555 0.10208333333333333
3 0.7409722222222223 0.6326388888888889 0.058333333333333334 0.12638888888888888
2 0.44375 0.94375 0.059027777777777776 0.06736111111111111