2 0.7823105521840729 0.6100940357182457 0.02920066461415634 0.06457590205563153
2 0.7150454546450195 0.5654050284749853 0.03619736558806576 0.04954059951317491
0 0.5585414118763359 0.7739490243693375 0.0407285683527571 0.053828503797502154
0 0.6134475396382704 0.6296279051060487 0.0407285683527571 0.053828503797502
0 0.609105844801233 0.7550724430374705 0.03869749154888875 0.03853051975011428
0 0.5841769897167889 0.605415949620842 0.03426167255213986 0.04325018697395472
0 0.6531621440993817 0.5344836725029533 0.04131000025139902 0.06839163086122524
0 0.48464414946139767 0.7489469368058426 0.03765550998016446 0.06620726617984157
0 0.9853677151744649 0.21564307897237803 0.02926456965107036 0.061919361895514335
0 0.7073999556816042 0.38252366435077534 0.034053276238394874 0.04878553625990018
3 0.8367822585406575 0.5005961700252294 0.03470396364024661 0.0799749174510699