3 0.6416118604864273 0.9153068848220973 0.04772834518845362 0.08592574400593915
3 0.8328635899250957 0.49137449611001516 0.043881291792877794 0.03313180504278756
3 0.6810732697337644 0.5256997962373292 0.03971462512621113 0.03308332148666643
3 0.6828693340658314 0.5791639378668646 0.05691592960177666 0.05965806400735324
3 0.693516240048429 0.6438361577197534 0.04939120301406395 0.07692220800622193
3 0.6204682815888845 0.6103649677841175 0.05263701534751261 0.0721014998585452
0 0.6278274574003159 0.5299387017115518 0.03692163257031038 0.04762625185656538
0 0.6211835820216821 0.4319977932668245 0.032028177189374354 0.0468752432633129
0 0.4966078869565621 0.4992609642124415 0.03133373274492991 0.046867162670625996
0 0.4186799790416375 0.9272882673102604 0.048211594522247325 0.0664974607468682
0 0.4682708888848807 0.8445771396138155 0.0417028403636487 0.06086917985713095
0 0.18084121863476044 0.6788206607610092 0.041105428728678735 0.06294443259777754
0 0.41724332524378915 0.4344832101279975 0.031204355665630602 0.044089384892848214