0 0.8951388888888889 0.19444444444444445 0.020833333333333332 0.03680555555555556
0 0.8625 0.22430555555555556 0.014583333333333334 0.035416666666666666
0 0.7958333333333333 0.21736111111111112 0.022916666666666665 0.02638888888888889
0 0.8451388888888889 0.3701388888888889 0.025 0.041666666666666664
0 0.8326388888888889 0.40347222222222223 0.03819444444444445 0.04375
0 0.5611111111111111 0.8763888888888889 0.03888888888888889 0.059027777777777776
0 0.46805555555555556 0.875 0.03263888888888889 0.08263888888888889
0 0.5166666666666667 0.79375 0.03125 0.05
0 0.6923611111111111 0.6729166666666667 0.030555555555555555 0.03888888888888889
0 0.6930555555555555 0.7215277777777778 0.03125 0.04861111111111111
0 0.6381944444444444 0.7930555555555555 0.04791666666666667 0.0625