2 0.766937937235324 0.850623474856813 0.11648290548238802 0.149936328311757
2 0.2299029282120239 0.19381269863499134 0.07928085281326318 0.08701613749203993
2 0.5168038791507547 0.3043400609661447 0.05320712481891153 0.10476463052549466
2 0.08371685245731071 0.6134843727279198 0.058071750721058496 0.06524594193365627
2 0.7216040220060145 0.031376370323234495 0.056791955987971064 0.06275274064646899
2 0.6737964494951492 0.025433432845335335 0.0662959898985905 0.05086686569067067
2 0.5888716753252269 0.07368705177172087 0.06355457683941318 0.06114392000848446
2 0.47129940548458477 0.16670317741709387 0.0753964971135692 0.06336462341749448
2 0.3723903470425983 0.10536678276400233 0.06391822402541768 0.0819772533418178
2 0.6918973369426534 0.25717294331285284 0.08789298232253329 0.10308532682650448
2 0.6416364751134129 0.7500188899851759 0.08532987806532238 0.15512825719640344
2 0.3258942023841431 0.46208545713984045 0.08241015620417866 0.10718734875167621
2 0.25609471753552504 0.4434571525567693 0.08113036147109116 0.11342118756630255
2 0.045321072873408336 0.2674737528821013 0.07259096139902191 0.10151866489850457