2 0.665425866641569 0.022706158771850463 0.06487951106091587 0.045412317543700925
2 0.2031604021628372 0.18317834249240525 0.09047251453732494 0.08779946845603988
2 0.09185001814346923 0.5986429469552326 0.05624935197875579 0.07213382222929252
2 0.6164827569905607 0.944165325553458 0.12653632973143594 0.0993226897941813
2 0.6276232087015441 0.6820527074758016 0.08681110864710194 0.13217118756630256
2 0.7499661232514179 0.7542901178301459 0.11126475306644876 0.1588267360138578
2 0.9678768300494034 0.8410775660938242 0.0642463399011932 0.1915383502369284
2 0.6530925588437323 0.22450221857984237 0.08728341979585963 0.09262017660371669
2 0.2460385282547291 0.4182556242662236 0.089359903995158 0.1044418933446459
2 0.31726948028368024 0.4361894844048503 0.09948659404703288 0.11149946608670641
2 0.03914952490380827 0.25457829036707086 0.054152320377352584 0.09570453037696941
2 0.33732386657882485 0.08849858780678996 0.06417136834840152 0.07708381985995924
2 0.4425956466323794 0.15398548794117442 0.08313045139726272 0.0689767431218581
2 0.48901448628684263 0.27088600526913426 0.056856053723234684 0.08255048889595934