3 0.36527777777777776 0.8083333333333333 0.041666666666666664 0.075
0 0.6541666666666667 0.013194444444444444 0.03125 0.013888888888888888
0 0.7277777777777777 0.016666666666666666 0.030555555555555555 0.03263888888888889
0 0.3486111111111111 0.4673611111111111 0.022222222222222223 0.04375
0 0.3888888888888889 0.3902777777777778 0.022916666666666665 0.04097222222222222
0 0.44027777777777777 0.32013888888888886 0.02638888888888889 0.04236111111111111
0 0.4951388888888889 0.3472222222222222 0.029861111111111113 0.03680555555555556
0 0.7625 0.11875 0.02361111111111111 0.03263888888888889
0 0.7618055555555555 0.16041666666666668 0.025 0.035416666666666666
0 0.7201388888888889 0.44375 0.03958333333333333 0.05138888888888889
0 0.7381944444444445 0.49236111111111114 0.04097222222222222 0.059027777777777776
0 0.7048611111111112 0.5819444444444445 0.06180555555555556 0.07013888888888889
0 0.6243055555555556 0.7375 0.06388888888888888 0.09097222222222222
0 0.5388888888888889 0.6763888888888889 0.03888888888888889 0.08402777777777778
0 0.5041666666666667 0.8180555555555555 0.041666666666666664 0.0875