0 0.5585901719021815 0.9579904964145423 0.14618752734511797 0.08401900717091546
0 0.1871829623767238 0.23471849572557077 0.04101797847564907 0.05114917893557068
3 0.30391976669341747 0.3333372656909963 0.03325042069139796 0.07020549214211719
3 0.12260914788458727 0.3269787446000502 0.0446922633939721 0.05825534472913919
3 0.05398873575622791 0.6061092375697348 0.06563940306726417 0.0869711063318369
3 0.043320075013043524 0.5186891408875076 0.05771762640383417 0.0768930971415415
0 0.9187230318180285 0.7367850083587197 0.08632920494983189 0.1545110682837737
0 0.04992752517553985 0.2916058075541742 0.05640956259338561 0.07960618637966976
0 0.28868332043113837 0.5940925898340343 0.08385452121620539 0.16479835787114136
0 0.4050076491016502 0.4201010063393397 0.12508942494335856 0.17573444756858375
0 0.1988117556090572 0.6476237564551703 0.04186664179927241 0.08031584560223734