2 0.5958333333333333 0.38125 0.05138888888888889 0.07222222222222222
2 0.9215277777777777 0.7583333333333333 0.04722222222222222 0.05416666666666667
2 0.02638888888888889 0.8201388888888889 0.05138888888888889 0.11319444444444444
2 0.7069444444444445 0.25555555555555554 0.07777777777777778 0.07916666666666666
2 0.6840277777777778 0.3451388888888889 0.07013888888888889 0.12152777777777778
2 0.7958333333333333 0.8333333333333334 0.11875 0.19583333333333333
2 0.5569444444444445 0.7145833333333333 0.08333333333333333 0.14444444444444443
2 0.07013888888888889 0.49375 0.04722222222222222 0.052083333333333336
2 0.3138888888888889 0.3590277777777778 0.05347222222222222 0.09513888888888888
2 0.23541666666666666 0.4625 0.058333333333333334 0.0798611111111111
2 0.5020833333333333 0.4236111111111111 0.06388888888888888 0.08541666666666667
2 0.5541666666666667 0.17291666666666666 0.059722222222222225 0.07361111111111111
2 0.44513888888888886 0.05138888888888889 0.03263888888888889 0.06041666666666667
2 0.2298611111111111 0.10625 0.03958333333333333 0.05694444444444444
2 0.7152777777777778 0.43680555555555556 0.03333333333333333 0.050694444444444445
2 0.6416666666666667 0.43125 0.058333333333333334 0.11736111111111111