2 0.7168139891933318 0.7912694688983481 0.07285465104209835 0.11078432118944224
2 0.8700992227043612 0.44095122230105865 0.08187392933300418 0.09487270136108414
2 0.9319781246211918 0.8626244458241104 0.08242073348004086 0.10112270136108413
2 0.718603301540081 0.6927189601811011 0.07070206220555551 0.09411361436318467
2 0.6573325895907404 0.22246290666407498 0.05770751458798347 0.07252119403195188
2 0.34492923296691336 0.11861402358950032 0.030485670248230356 0.0390464551129356
2 0.5615294753802046 0.6189255788832002 0.05979934740818907 0.08849745641376501
2 0.4371297956649373 0.498124103821397 0.038862130820041016 0.06338837210480963
2 0.23751070093259144 0.5885827627703722 0.04106697618604929 0.06478938147247137
2 0.2888668514822214 0.41397061809110264 0.046648660006337335 0.057186854019900896
2 0.7628182598389708 0.2619456990128322 0.0642266669180657 0.06770048451675016