0 0.7083333333333334 0.3637977600961572 0.03958333333333333 0.0678217048942623
0 0.6659722222222222 0.3514992883867029 0.03680555555555556 0.07473382696795944
0 0.6097222222222223 0.35153920482351136 0.034722222222222224 0.06012625185656546
0 0.8138888888888889 0.5476648990734495 0.03888888888888889 0.07545251319046445
0 0.55 0.9506340092209377 0.04652777777777778 0.09873198155812461
0 0.5861111111111111 0.8047366868943802 0.03819444444444445 0.08933332148666642
0 0.4618055555555556 0.7366235941367648 0.03819444444444445 0.0747499881533331
0 0.40625 0.7186160356107046 0.03194444444444444 0.06912170726359552
0 0.2847222222222222 0.9234519318905032 0.02638888888888889 0.049612618077656455
0 0.30833333333333335 0.8681711164863011 0.03611111111111111 0.06292019081971698
0 0.31527777777777777 0.6126963668576142 0.030555555555555555 0.04410554607822203
0 0.10347222222222222 0.7588428971992316 0.027083333333333334 0.04684292089256575
0 0.06805555555555555 0.8035696758610906 0.03333333333333333 0.042054535115636324
0 0.034027777777777775 0.7712292823749898 0.027083333333333334 0.03573180978145463