2 0.9757975460123024 0.6266056838847329 0.04840490797539524 0.07167986342193634
2 0.1524868302402084 0.4347693623317731 0.037711646379482905 0.04730474835649261
2 0.11874345044502133 0.4812429104180336 0.04350970727873115 0.05447556434296151
2 0.16869052413143512 0.36261669961943915 0.03488536753296659 0.045802673696591495
2 0.36640879071573096 0.46428970359029675 0.040853182172799686 0.057834600794171506
2 0.40632281047796964 0.45551423060330776 0.03587081838984226 0.054164303472677804
2 0.4321274739195723 0.3802854958672945 0.037784397982590825 0.04938808168982594
2 0.44441582754008935 0.33501809138902233 0.03792990118880621 0.05355474835649261
2 0.46922843169497575 0.29095446732474983 0.025260147448221283 0.04818430127582632
2 0.5234546331050691 0.37429840408847653 0.03738095995057746 0.0576931185804063
2 0.4367527175542621 0.5524511252040105 0.04904983335218181 0.07411808388667743
2 0.3408841294493023 0.686542585449261 0.0383179097387146 0.06466585946760373
2 0.37992955521909505 0.7720417782501979 0.04762126444681864 0.09278319455841849
2 0.4648413859088546 0.8802135731634173 0.0450771709604693 0.07950386078571481
2 0.5035869547765208 0.718830101055169 0.045456358458113126 0.07050437945069
2 0.5303153511465795 0.7296275881020075 0.04052249574389432 0.0682229710180852
2 0.5540124307204795 0.6536195195932907 0.045383606855005434 0.06842104611735667
2 0.589459956351356 0.616230342170314 0.04292108602402812 0.07733563812412206
2 0.5510141855109544 0.5876190009283153 0.04071650001884848 0.07377852657364074
2 0.5235560604873939 0.49635084765418036 0.04040124307204786 0.06475074879586297
2 0.5590300492750635 0.5192934475696112 0.04565036273306728 0.07605993500624555
2 0.6832540616126778 0.7206033241726566 0.053483255896910324 0.08192675143208482
2 0.8383092064361739 0.9482829892767398 0.06343255398072042 0.10343402144652032
2 0.879005822290639 0.7063889952495512 0.09620151659371995 0.1335962415545154
2 0.9570591475613122 0.5188689390432027 0.04885582907722766 0.06856252833112188
2 0.6894819648258705 0.3429234023475202 0.03701720193503838 0.04727645191373955
2 0.2932099386888974 0.4730958362140276 0.03797840225754483 0.054943637245381496