2 0.7916666666666666 0.6819444444444445 0.05347222222222222 0.05486111111111111
2 0.6180555555555556 0.2743055555555556 0.07847222222222222 0.09722222222222222
2 0.63125 0.35833333333333334 0.03819444444444445 0.044444444444444446
2 0.6013888888888889 0.3375 0.03125 0.04236111111111111
2 0.5277777777777778 0.3055555555555556 0.05763888888888889 0.07013888888888889
2 0.5541666666666667 0.35694444444444445 0.05555555555555555 0.075
2 0.6590277777777778 0.20555555555555555 0.0763888888888889 0.0798611111111111
2 0.5354166666666667 0.11875 0.04583333333333333 0.06180555555555556
2 0.4395833333333333 0.3402777777777778 0.05 0.06041666666666667
2 0.6444444444444445 0.75 0.13055555555555556 0.21319444444444444
2 0.4395833333333333 0.5986111111111111 0.07777777777777778 0.1326388888888889
2 0.21180555555555555 0.34375 0.06736111111111111 0.09027777777777778
1 0.9611111111111111 0.2152777777777778 0.07708333333333334 0.12152777777777778
2 0.26319444444444445 0.0625 0.029861111111111113 0.04097222222222222