2 0.38441230926842646 0.6879420777685431 0.041538520938703666 0.05580786034634429
2 0.5161073355275928 0.32490795920466176 0.028796070330833364 0.044881857710122514
2 0.5659797704310806 0.41088819153240086 0.02435520694003104 0.06273933816640667
2 0.8838968231993217 0.7755917383336003 0.09367208628796296 0.14951187089123152
2 0.49044008645456866 0.8913789139660457 0.04187795178972225 0.07039119367967778
2 0.6174702846147228 0.6558113123096586 0.04756281433614207 0.07617312077725778
2 0.4842766153316052 0.35830024861749005 0.036063782252438316 0.05905371102654205
2 0.44264459793845723 0.47732260961462736 0.036128435747870453 0.06183148880431983
2 0.40929510123126583 0.47526993591803596 0.03674206332302469 0.05838756302485074
2 0.05305032691432159 0.729249192800937 0.06571535013484575 0.08107549495550409
2 0.03898073775574122 0.5718803017151967 0.03641879584586423 0.044498674135961855
2 0.07880652169694492 0.583909865618788 0.04882239623416671 0.07067415810720819
2 0.22962562808064846 0.35694323190489374 0.034319299138672855 0.04371934036325816
2 0.21310559304160526 0.4221797466155363 0.0412475802092593 0.04330786034634428
2 0.41196554170654387 0.7688501572615174 0.04822493203287037 0.07481252833112187
2 0.5332826149927167 0.7349414422971676 0.050130468253765534 0.06725852877049224
2 0.47116705217660537 0.5700645411059104 0.03751732463675934 0.061888081689825944
2 0.700418019501266 0.7618714774467918 0.05447493203287037 0.07506719631589931
2 0.9830115410114894 0.6085347985108064 0.033976917977021355 0.06089534299948001
2 0.8424928349345379 0.9765739354786656 0.0560092912864816 0.04685212904266886
2 0.862153115246883 0.4673586241468971 0.044397115585771495 0.05939326833957889
2 0.5899003081712967 0.5443759737038816 0.0458344945962346 0.06153319455841818