3 0.7656368289981951 0.8390017316550819 0.05528185137041406 0.06799339345454061
3 0.7110615436450922 0.7798591699228831 0.04299143290018558 0.03932104416886407
3 0.7629340786404117 0.405300045347908 0.04318537806605478 0.050432155279975334
0 0.44298791810914984 0.042226945678363 0.025884874819277728 0.05258883116705283
0 0.3355930378773566 0.1838745318498109 0.03144043037483328 0.0530098059942991
0 0.3522632193350591 0.14297565218133287 0.02430204076451964 0.04137247634913016
0 0.32306685714034644 0.3426711015136272 0.027943965006877392 0.05135780783838126
0 0.3015183510078709 0.3032775348935786 0.027943965006877392 0.05135780783838126
0 0.8662502976151246 0.5080339214173296 0.06026066341915737 0.11483690235275282
0 0.6374773340540257 0.06990655968925914 0.027895478715410132 0.04858003006060352
0 0.6215708116869327 0.1545554393577372 0.0327081035350539 0.04617060525666624
0 0.5886253686853375 0.17930351054343727 0.03515508405439189 0.06716180415021696
0 0.5621930854957765 0.2584917180130021 0.03238942784948083 0.06764576118103822
0 0.5548068120458143 0.43289215692520006 0.027358614718234264 0.05755518598497547
0 0.9282322243813701 0.712641463509021 0.09120762409748692 0.09984377464490232