2 0.5207715459372865 0.1716068519487339 0.036520580217519374 0.06322037769320872
2 0.46896366910079257 0.14042404826463334 0.048697279903757995 0.05261860255165271
2 0.4323750387967413 0.18214494462281733 0.0415507727632129 0.045391193679677616
2 0.44764396709866267 0.8016200487040036 0.07134917750199873 0.1159674958342445
2 0.01856580639907611 0.820282734296643 0.03713161279815222 0.09265467896903487
2 0.5403743843878999 0.2845619582267717 0.05624791243650502 0.0737349003125167
2 0.8487425369353085 0.7714041123465976 0.09721804709523225 0.14684727888446597
2 0.8130813074698261 0.7097376758108185 0.08386938377160884 0.11717127624824412
2 0.8328948084814586 0.6485853016325721 0.08731396844651916 0.14020112868592302
2 0.7451172644211242 0.6140128018605198 0.1540465976362226 0.19286099430471101
2 0.4402442972943831 0.9129009384716331 0.11513959004121893 0.11913906061657636
2 0.4071037574268919 0.3593544303515451 0.05283630902311292 0.07567675143208466
2 0.43085096871106693 0.4013913139679903 0.05013935632377553 0.07834134343885021
2 0.3646639088008356 0.4353011795867782 0.054265610451222 0.07712223320647967
2 0.286860581039241 0.48702489940072624 0.049593787044303325 0.05959134343885021
2 0.1526435155572708 0.4751532981837094 0.06446000815217777 0.0699077909588867
2 0.4769980835169648 0.2933869345173004 0.04955337450508321 0.05820245454996132
2 0.44206636732094007 0.27816338643103994 0.04318213688742263 0.05378111989851707
2 0.26824459364880987 0.45934497757558984 0.04767210386785068 0.06506200966614667
2 0.33394995923911097 0.32279881639278946 0.05402313521590108 0.06878889987314633