2 0.6506944444444445 0.7048611111111112 0.06388888888888888 0.09791666666666667
2 0.5277777777777778 0.5319444444444444 0.04583333333333333 0.07708333333333334
2 0.6673611111111111 0.6131944444444445 0.06111111111111111 0.08888888888888889
2 0.5020833333333333 0.7958333333333333 0.049305555555555554 0.07708333333333334
2 0.225 0.48055555555555557 0.034722222222222224 0.059027777777777776
2 0.29097222222222224 0.3215277777777778 0.03611111111111111 0.05277777777777778
2 0.38055555555555554 0.04236111111111111 0.02638888888888889 0.04027777777777778
2 0.6715277777777777 0.1638888888888889 0.05694444444444444 0.06805555555555555
2 0.5701388888888889 0.16180555555555556 0.07847222222222222 0.09791666666666667
2 0.8590277777777777 0.3888888888888889 0.06944444444444445 0.09027777777777778
2 0.7041666666666667 0.7631944444444444 0.06041666666666667 0.09513888888888888
2 0.38055555555555554 0.12708333333333333 0.04583333333333333 0.06736111111111111
2 0.425 0.4097222222222222 0.0375 0.05416666666666667
2 0.4777777777777778 0.4479166666666667 0.02361111111111111 0.03680555555555556
2 0.9395833333333333 0.7409722222222223 0.050694444444444445 0.09930555555555555
2 0.7125 0.4756944444444444 0.043055555555555555 0.05486111111111111
2 0.7722222222222223 0.20902777777777778 0.06111111111111111 0.07222222222222222