2 0.46204611311022226 0.41176333031919826 0.04060503070464405 0.058360868887789116
0 0.22557046162553154 0.7254534896231342 0.04141663977722574 0.07853615206784702
0 0.3505229057208351 0.48841975023953615 0.043564615664014164 0.08975644605246423
0 0.24620052485091154 0.05053609628650176 0.05759895029817691 0.10107219257300352
0 0.6373652857179065 0.34773085783355495 0.050529260906413416 0.09359261118637427
0 0.7406521236041429 0.2548445027405757 0.06728481108408081 0.10974385195220278
0 0.7943743727158061 0.32839463691829984 0.06310198377905023 0.10674770842741231
0 0.8012456312824162 0.45993874415988767 0.07580399175859738 0.14212502789067244
0 0.7271927537603001 0.8977151339280498 0.0701878338091777 0.13141720689465552
3 0.27581240819579056 0.8005744841455912 0.03791613643786699 0.07349306950089177
3 0.6194264317852909 0.4479462706683299 0.04489694231862984 0.08010701241257957
3 0.648918499358034 0.8677999110523438 0.036503006591432394 0.06925361425188738