3 0.4726916378258126 0.4742016510707552 0.04289946572607401 0.06053309082620725
3 0.37252226448472064 0.6867662734794499 0.056802325795660615 0.12093939714270477
3 0.20816510610738695 0.5273734231380709 0.058219730103517976 0.07066592752550649
0 0.8277095264354927 0.7074861620803734 0.057978667074703734 0.10998615159181102
0 0.4308687667181498 0.3862711359958996 0.039937426534389905 0.06651998155917829
0 0.4854884709659032 0.24134191441807398 0.04797312444703058 0.07195993305775311
0 0.2737107431602287 0.10486655084592142 0.03758485858781787 0.05460918229681116
0 0.00786575151397596 0.10059956108780206 0.01573150302795192 0.07935643337995144
0 0.019090551813538373 0.2781979325024643 0.038181103627076746 0.07148633637710099
0 0.003289336146490683 0.8826803302895657 0.006578672292981366 0.16797267275420197
0 0.11594622825657422 0.6848138251686254 0.06281149198987579 0.09309863716135187
0 0.2932273357384534 0.4829695999917433 0.06091242007044879 0.0867433934545403