0 0.23472222222222222 0.8375 0.027083333333333334 0.04513888888888889
0 0.46805555555555556 0.5618055555555556 0.03819444444444445 0.07152777777777777
0 0.5736111111111111 0.18888888888888888 0.01875 0.035416666666666666
0 0.5875 0.21597222222222223 0.022222222222222223 0.04097222222222222
0 0.8493055555555555 0.10208333333333333 0.020833333333333332 0.04097222222222222
0 0.825 0.11875 0.025694444444444443 0.04722222222222222
0 0.7833333333333333 0.1736111111111111 0.025 0.06319444444444444
0 0.9069444444444444 0.7152777777777778 0.05763888888888889 0.08125
0 0.5506944444444445 0.5541666666666667 0.03680555555555556 0.06805555555555555
0 0.4930555555555556 0.6770833333333334 0.034722222222222224 0.08611111111111111
0 0.3680555555555556 0.7888888888888889 0.035416666666666666 0.07708333333333334