1 0.9180555555555555 0.2902777777777778 0.10208333333333333 0.11736111111111111
2 0.24305555555555555 0.30625 0.05416666666666667 0.08263888888888889
2 0.3013888888888889 0.09236111111111112 0.04027777777777778 0.03888888888888889
2 0.49027777777777776 0.24583333333333332 0.04583333333333333 0.06180555555555556
2 0.5319444444444444 0.09861111111111111 0.04027777777777778 0.05416666666666667
2 0.8194444444444444 0.05625 0.04791666666666667 0.06597222222222222
2 0.7090277777777778 0.4097222222222222 0.06458333333333334 0.08263888888888889
2 0.6416666666666667 0.6229166666666667 0.07569444444444444 0.11458333333333333
2 0.5833333333333334 0.6409722222222223 0.07361111111111111 0.12152777777777778
2 0.7583333333333333 0.7013888888888888 0.06666666666666667 0.11597222222222223
2 0.7243055555555555 0.8131944444444444 0.0875 0.13819444444444445
2 0.5694444444444444 0.9291666666666667 0.07222222222222222 0.1326388888888889
2 0.4951388888888889 0.9173611111111111 0.0625 0.125
2 0.5930555555555556 0.3326388888888889 0.04652777777777778 0.06875
2 0.5284722222222222 0.3451388888888889 0.05277777777777778 0.05694444444444444
2 0.28958333333333336 0.4701388888888889 0.050694444444444445 0.06736111111111111
2 0.23958333333333334 0.46111111111111114 0.04791666666666667 0.06736111111111111
3 0.8277777777777777 0.275 0.13194444444444445 0.1625
2 0.6770833333333334 0.17916666666666667 0.05416666666666667 0.04513888888888889