2 0.2790673930319039 0.4913719228764956 0.054451064649257336 0.04945234315703273
2 0.9198786236909436 0.894519426586802 0.10054675805323604 0.1576293700476921
2 0.8855378015887893 0.8448757081620815 0.12307541616999439 0.14718506583371385
2 0.9061088042889083 0.7325852021358841 0.11159393861350332 0.1759880196473988
2 0.8131436424409894 0.6929721436917439 0.18969800701276981 0.2670591856541765
2 0.4508310677235338 0.4398936090442481 0.05903881145246604 0.08149781894952765
2 0.4248235789547127 0.3900074153842069 0.05186068271659315 0.09446999442826119
2 0.3786970265865244 0.4593359659251975 0.05945107053674342 0.0933033745050832
2 0.29052462005402535 0.5208693211346253 0.05781085525189759 0.06619983490213978
2 0.1559567220902831 0.5005039881530354 0.06763007961159688 0.06926050045445858
2 0.8283597611652094 0.17777519099240646 0.05390212341102875 0.05359880355408938
2 0.5619466040794927 0.31733739907985126 0.06718696156310955 0.09630342124857189
2 0.49587737971979334 0.3220347724705867 0.06509480717751172 0.07612411982046281
2 0.4635140677612307 0.2952268956340928 0.04729718644775384 0.0631189630802108
2 0.45297175261530104 0.19979768769296108 0.03560406251178026 0.04612899609978282
2 0.5461000597739644 0.19500671423187693 0.030533517643610095 0.059856234831791096
2 0.34792764146649297 0.34715183496125707 0.059063061986835266 0.08219226339397209