1 0.8977573559775087 0.34910945094951223 0.11029002167948142 0.12390290835486677
2 0.22164046939785548 0.3218257077232277 0.059945340709220654 0.08611004661006534
2 0.29493037084132856 0.11167498868791349 0.04299715379780322 0.041470006168738076
2 0.4730874365083314 0.277251760912187 0.05015519879373092 0.06474268901193561
2 0.5250488838222371 0.13269966001394667 0.0440654800913846 0.05674778394651581
2 0.8155110612726221 0.10876238603831065 0.05252989384349544 0.06904286174480143
2 0.6803772089953672 0.45515878675198085 0.07036200737588716 0.08677757694106086
2 0.5981080900601883 0.6640365350559878 0.08370689164630501 0.11943405373856705
2 0.538512189288986 0.6783539207579687 0.08210916117369038 0.12624499211681253
2 0.7092874444007323 0.7499850969853594 0.07477623444067091 0.12024441634059334
2 0.6674414605653815 0.8596100534596631 0.09716349692830464 0.1438016992248063
2 0.5044707816802659 0.9485123875845952 0.08149723686195184 0.1029752248308095
2 0.4309907509879325 0.9422942309257214 0.0712408514929387 0.11541153814855723
2 0.569795178527124 0.3706436157335646 0.05133524609889422 0.07173163547844644
2 0.5043377600444967 0.3790049276813926 0.056759721235672106 0.06032659812148814
2 0.2567080196626691 0.48869623209056307 0.055404792193417055 0.07060975872195582
2 0.20733930338160353 0.476464308724007 0.05262701441563927 0.07043175063369031
3 0.8085479044933124 0.32804641030310705 0.14330755138526508 0.1709553841926093
2 0.6645547795267878 0.2225561381813725 0.057323085261339043 0.04861004661006534