2 0.7730037544355922 0.1664242650685268 0.04359369355732604 0.04482836487199234
2 0.84449178903949 0.8784059540452575 0.11096549209685046 0.14442324902109552
2 0.8291290110562819 0.7392606861905071 0.09100102835675064 0.17307095664324854
2 0.7418970362754196 0.6874934299656169 0.159559653089063 0.2658022899138378
2 0.3026925279614093 0.2950338388930399 0.05436664179927249 0.08150573094461716
2 0.3760154075837726 0.34830447522168 0.05371260989404807 0.08285417305054084
2 0.40150244561790954 0.40158816179714574 0.05955105322414482 0.09289996953648512
2 0.33106046268486944 0.4160899535433043 0.05791968909993494 0.0844857426372212
2 0.23841112008501056 0.4790273710006431 0.06005086625019018 0.062425307546860154
2 0.09523967062600117 0.4436903018574185 0.06780356147903785 0.09060755315429057
2 0.45485668637318294 0.2833982156458688 0.057555976246953515 0.07198574263722127
2 0.42090230239614373 0.25903166590524324 0.04316193061781253 0.05381569586680486
2 0.4095519722004233 0.14876993723640272 0.03603562974687754 0.04716122803715221
2 0.5001200690304439 0.15736029755684172 0.03774781894952765 0.058353232714193834
2 0.5202557017686211 0.2754295513804671 0.05065194434172927 0.07297016369645751
2 0.4706969835493313 0.38230615250580663 0.06406865775188461 0.0813775414616864
2 0.228782497933137 0.4525507394117887 0.056214931174986466 0.04972307363203375
2 0.21770436808354438 0.42823833472219824 0.043512868478885657 0.0420505870942146