2 0.6502588570891044 0.24045821600611383 0.04671045804576074 0.07972501093804725
2 0.2182953684393796 0.20782700800586476 0.047258395919204256 0.061709867921711806
2 0.5732023297458715 0.6613224430374706 0.059275146585410554 0.08147761267991756
2 0.529857693405977 0.9400424842092203 0.1028805547279881 0.09453595695129814
2 0.4091936373455764 0.8128209631393282 0.07337906001210731 0.16094737339073567
2 0.07590584541610662 0.5248936249377429 0.04864728480809314 0.06175028046093192
2 0.09225098409810364 0.5473657536729878 0.05045664920470476 0.0708184707779299
2 0.10793402260548104 0.5705525331222873 0.05898404815698706 0.07522761267991755
2 0.6798003549291244 0.29244794926909845 0.05392887142692694 0.07091950212598029
2 0.7580176524199053 0.34441213254826636 0.05683602628400403 0.07377810498219846
2 0.7602588776752056 0.2880206886609958 0.0587576382682133 0.07036650156880644
2 0.826994062308679 0.34727282296797946 0.06681700266482488 0.07961654831229513
2 0.9816073773990156 0.866438554764873 0.0367852452019687 0.15009894378455518
2 0.6625516972666223 0.7880643573509275 0.11678848782215741 0.14001835242355834
2 0.7915565396536591 0.5270180401756368 0.06268268026798296 0.08018975513907915
2 0.7329282784647452 0.46266231952222103 0.06856167852178664 0.08729584974040405
2 0.5989424185246853 0.6167641922530673 0.051959700394769784 0.0881997881586511
2 0.5271177981777483 0.5228908670719119 0.10929610550426945 0.15783143274379308
2 0.32114549361112144 0.3258314635937868 0.04732308445885391 0.0630987568106007
2 0.1016725343240094 0.39132524764679033 0.05352552541090599 0.07714929585637027
2 0.20656790441852396 0.4188700690304439 0.0447393723000251 0.06718459839882705
2 0.24161548405257302 0.4547057236447156 0.056061678521786874 0.08693213688742263
2 0.18294540795644693 0.4939636691007926 0.057659847807747786 0.07657608902958625