0 0.9027777777777778 0.5652777777777778 0.02638888888888889 0.059027777777777776
0 0.7916666666666666 0.42430555555555555 0.052083333333333336 0.0798611111111111
0 0.7722222222222223 0.07152777777777777 0.03333333333333333 0.04236111111111111
0 0.5027777777777778 0.6305555555555555 0.0375 0.059027777777777776
0 0.25277777777777777 0.5590277777777778 0.03888888888888889 0.06666666666666667
0 0.2611111111111111 0.6451388888888889 0.04375 0.08402777777777778
0 0.6229166666666667 0.38055555555555554 0.02361111111111111 0.0375
0 0.6888888888888889 0.10694444444444444 0.029166666666666667 0.0625
0 0.7 0.2076388888888889 0.03611111111111111 0.06041666666666667
0 0.8826388888888889 0.7673611111111112 0.034027777777777775 0.06319444444444444
0 0.8729166666666667 0.9743055555555555 0.043055555555555555 0.05138888888888889
0 0.8034722222222223 0.8694444444444445 0.043055555555555555 0.07569444444444444
0 0.6097222222222223 0.8756944444444444 0.044444444444444446 0.06458333333333334
0 0.14722222222222223 0.7909722222222222 0.043055555555555555 0.075