2 0.9801590671359438 0.6842220081689351 0.03968186572811242 0.05552371971143404
2 0.24802929129651655 0.41136774397058723 0.07067710797823565 0.09032674786052487
2 0.08126856137576734 0.4487560752528488 0.06627841309504758 0.059746950526908746
2 0.3248478751577013 0.31525110336658774 0.06449009018181061 0.08192876978569659
2 0.22331774089613438 0.06690713834076904 0.0449085008774871 0.06157978548694925
2 0.5592614461994188 0.11582239281422566 0.0656262301538397 0.06945301156375719
2 0.5207450107971694 0.35050469859963945 0.07743260581195509 0.1153833120093329
2 0.6102119199709622 0.31123553532784204 0.07402336579330782 0.10701765630525209
2 0.7065706517357936 0.27119112168473153 0.08480838543381503 0.1119999763066662
2 0.7257399863579204 0.18478102864420645 0.07741106500905694 0.08762977600961569
2 0.60185324630504 0.6595562316288519 0.09426831849156814 0.15443381275195914
2 0.8609042050908358 0.7760916627060253 0.1477836223195867 0.21056309038828197
2 0.7537522526598988 0.352658811160651 0.057776853851327636 0.06658634726642394
2 0.3068839225485489 0.14239100084872913 0.05499907607354986 0.06655402489567644
2 0.6639903330660097 0.36968959102485244 0.07119296616212425 0.10629088949006019