2 0.5055555555555555 0.4375 0.06666666666666667 0.08125
2 0.5506944444444445 0.33194444444444443 0.04722222222222222 0.07361111111111111
2 0.9 0.8909722222222223 0.08819444444444445 0.1284722222222222
2 0.9104166666666667 0.7923611111111111 0.09722222222222222 0.17430555555555555
2 0.8097222222222222 0.74375 0.16041666666666668 0.27152777777777776
2 0.4111111111111111 0.39444444444444443 0.04861111111111111 0.0798611111111111
2 0.4375 0.4513888888888889 0.052083333333333336 0.06736111111111111
2 0.3659722222222222 0.4722222222222222 0.05277777777777778 0.07361111111111111
2 0.1375 0.5020833333333333 0.06875 0.07361111111111111
2 0.2777777777777778 0.5305555555555556 0.05486111111111111 0.05416666666666667
2 0.9416666666666667 0.9347222222222222 0.11527777777777778 0.13055555555555556
2 0.4777777777777778 0.34375 0.052083333333333336 0.07569444444444444
2 0.4479166666666667 0.31180555555555556 0.04236111111111111 0.06875
2 0.33194444444444443 0.3506944444444444 0.04722222222222222 0.06944444444444445
2 0.43472222222222223 0.2076388888888889 0.03333333333333333 0.04513888888888889
2 0.5305555555555556 0.21180555555555555 0.03194444444444444 0.06319444444444444
2 0.2611111111111111 0.5034722222222222 0.052083333333333336 0.05277777777777778
2 0.8055555555555556 0.21805555555555556 0.044444444444444446 0.04236111111111111
2 0.17083333333333334 0.6604166666666667 0.07152777777777777 0.09236111111111112