2 0.32284210427871146 0.24423075071945324 0.03242196363738464 0.04282869293046853
2 0.6514896706260012 0.5042494622472223 0.07443748060162944 0.10583876134949213
2 0.9601326103049089 0.27954606616428385 0.07052072044798542 0.09027754855474868
2 0.4948676075190396 0.2172035313319402 0.03772761267991756 0.05850327973199809
2 0.4794641673856731 0.5312766816347353 0.061965118148941185 0.08195841562514217
2 0.6875986941736173 0.4354993476357078 0.06559899052804402 0.08779740619766348
2 0.5650436527964371 0.34126790924716716 0.05491964235644641 0.07791932336898874
2 0.6617646437944591 0.9337857978568473 0.134501121843728 0.13242840428630542
2 0.4744019125547396 0.8009478740927525 0.07949322313113956 0.13673443892540654
2 0.26743634286440665 0.5216260344887206 0.05787927656071482 0.08439607138256125
2 0.05278587842081983 0.7456488426963979 0.0651066087797004 0.09468516363871483
2 0.3405529846636791 0.4489358866125973 0.0589650714054525 0.07409277872268091
2 0.8037269732275752 0.9419898376069489 0.049351311808982244 0.05321695878968108
2 0.5851154105750724 0.5844509246017213 0.06263935632377553 0.08132065818409097
2 0.5624061503187132 0.5276057683718509 0.06235646854923434 0.07159843596186874
2 0.6280018846960456 0.5698532762531465 0.03238155109816445 0.04143980404157964
2 0.6600952043054623 0.5912675654126235 0.03595480466843715 0.045195461280767464