2 0.9243851638627736 0.8547071002341811 0.13691662949480682 0.19747730514559533
2 0.4806992951967795 0.5723542998326184 0.04390519879373092 0.06411102218457579
2 0.4972504524926026 0.250644835542119 0.041044900883247394 0.05287857072456888
2 0.5193657126710005 0.287706770063536 0.05393338317182257 0.059162168373499135
2 0.579068575486027 0.2640085642737037 0.04728030044380931 0.06292436721051316
2 0.6426077009007323 0.29517146959498247 0.05060684180781594 0.06104326779200622
2 0.9534020377757977 0.621522503785883 0.06086798614458644 0.09898818240462409
2 0.8051661026584847 0.2466562463603602 0.05057764092893977 0.08040681867052007
2 0.8426708616262423 0.2744545715402428 0.03800972123567211 0.05892633680974247
2 0.8144801596487709 0.32002467677367974 0.05177228867354099 0.07770993445867282
2 0.5847939302747515 0.31597055725814127 0.040627217715796055 0.06668656604752717
2 0.5774606800055668 0.41052949291744656 0.05921693641814253 0.07537707129351298
2 0.8105362879329372 0.5029398440092906 0.07383422959810938 0.08660267361948494
2 0.8032468389820667 0.5682107726530334 0.06700150616524701 0.07790531923946434
2 0.7819859810096018 0.6231390790620053 0.06196551331704414 0.09490240930388785
2 0.5379541372286857 0.6931341361361609 0.07966654643065836 0.10077468998913083
2 0.4705584191986102 0.8860204074045762 0.0958425277326831 0.16396228529954032
2 0.1461179948650153 0.5639505310952032 0.06177127217275648 0.09212463152611008
2 0.08139849860898155 0.6255936514976534 0.06241715633112904 0.09147063386463102
2 0.4158004817720616 0.5217469500668952 0.09633797206508253 0.13148518354251246