2 0.8702294821860799 0.27318082188745907 0.04399361187077173 0.07260614264977015
2 0.08839353630703657 0.5524281030204045 0.062275454660339555 0.0833799812290893
2 0.15454413627314773 0.5111261054216695 0.04995325177277784 0.09029082802460332
2 0.009050402525385559 0.6052792772088336 0.018100805050771118 0.054516989445284186
2 0.020581180725354687 0.6372710175702783 0.041162361450709374 0.0740286291875893
2 0.4250542021293206 0.5092407489541044 0.10415282581861113 0.12465523031292886
2 0.41947493499104854 0.8979274039281671 0.1146670533598767 0.15924926305222048
2 0.8084319611640736 0.6935754417209651 0.07727903571398163 0.10228491922691553
2 0.8355972726295982 0.6288844663068058 0.0704956443766668 0.07900423151356142
2 0.848841368458518 0.5663913154408406 0.08501490484601865 0.1068965005061999
2 0.8739424131218206 0.3520239142904036 0.06303455260021609 0.0861982057898323
2 0.9096182744016663 0.309029352919918 0.047191056737407346 0.06100282100904085
2 0.5236571844001227 0.9209866063670786 0.08553155217802476 0.09929805840027622
2 0.6081791534968515 0.4181285830446144 0.05860927195182105 0.07484441398092956
2 0.6292081892108331 0.31911985323788555 0.0492097365753087 0.05834638358015888
2 0.6869925484644441 0.3095127702517685 0.04594763821324079 0.06717192744311042
2 0.6756730553875306 0.229725703572553 0.04150619419098784 0.055123691189763235
2 0.6264315726959565 0.259640311713455 0.05303755302240742 0.07382639527276307
2 0.47844444621935134 0.5692398975442928 0.05793099088123452 0.0754984116424088
2 0.11504220044055515 0.48013868550032157 0.047304200354413614 0.06586393212015196
2 0.5665956262252775 0.29780051048772477 0.03972938432950615 0.03837613095716597