0 0.049305555555555554 0.16875 0.06111111111111111 0.0625
0 0.049305555555555554 0.11527777777777778 0.058333333333333334 0.06041666666666667
0 0.15763888888888888 0.08611111111111111 0.04583333333333333 0.052083333333333336
0 0.10069444444444445 0.9666666666666667 0.06805555555555555 0.058333333333333334
0 0.08958333333333333 0.8916666666666667 0.06666666666666667 0.0875
0 0.06805555555555555 0.7555555555555555 0.075 0.08958333333333333
0 0.03819444444444445 0.6638888888888889 0.05625 0.07708333333333334
0 0.6416666666666667 0.7194444444444444 0.06111111111111111 0.07708333333333334
0 0.36875 0.8472222222222222 0.04791666666666667 0.06875
0 0.3472222222222222 0.8041666666666667 0.059722222222222225 0.075
0 0.4409722222222222 0.6611111111111111 0.07361111111111111 0.08541666666666667
0 0.45555555555555555 0.47291666666666665 0.06458333333333334 0.0875
0 0.34652777777777777 0.7402777777777778 0.07847222222222222 0.08958333333333333
0 0.37569444444444444 0.6083333333333333 0.06111111111111111 0.10833333333333334
0 0.2513888888888889 0.4263888888888889 0.05625 0.08125
0 0.20902777777777778 0.4166666666666667 0.05277777777777778 0.041666666666666664
0 0.26180555555555557 0.49722222222222223 0.07361111111111111 0.07708333333333334
0 0.3215277777777778 0.5125 0.07708333333333334 0.075
0 0.3736111111111111 0.4513888888888889 0.07152777777777777 0.08541666666666667
0 0.2881944444444444 0.4083333333333333 0.05138888888888889 0.06666666666666667
0 0.7041666666666667 0.6319444444444444 0.06666666666666667 0.08125
0 0.6493055555555556 0.5722222222222222 0.05625 0.07291666666666667
0 0.6555555555555556 0.3888888888888889 0.06111111111111111 0.09791666666666667
0 0.6270833333333333 0.3263888888888889 0.04583333333333333 0.07291666666666667
0 0.9770833333333333 0.6236111111111111 0.04583333333333333 0.07291666666666667
0 0.9256944444444445 0.5777777777777777 0.06319444444444444 0.08125
0 0.925 0.4305555555555556 0.06111111111111111 0.08541666666666667
0 0.7909722222222222 0.2222222222222222 0.04583333333333333 0.08125
0 0.8590277777777777 0.43472222222222223 0.05277777777777778 0.08541666666666667
0 0.4444444444444444 0.15833333333333333 0.059722222222222225 0.07083333333333333
0 0.3993055555555556 0.30625 0.05486111111111111 0.0875
0 0.32708333333333334 0.05 0.049305555555555554 0.041666666666666664
0 0.3659722222222222 0.10972222222222222 0.03611111111111111 0.08958333333333333
0 0.3770833333333333 0.19375 0.044444444444444446 0.08333333333333333
0 0.7597222222222222 0.5458333333333333 0.06111111111111111 0.09583333333333334