0 0.3138888888888889 0.4708333333333333 0.030555555555555555 0.03263888888888889
0 0.3236111111111111 0.3736111111111111 0.020833333333333332 0.034027777777777775
0 0.7125 0.23819444444444443 0.024305555555555556 0.044444444444444446
0 0.65625 0.3173611111111111 0.034722222222222224 0.05763888888888889
0 0.9291666666666667 0.40208333333333335 0.075 0.10486111111111111
0 0.7895833333333333 0.7041666666666667 0.034722222222222224 0.06875
0 0.73125 0.5805555555555556 0.05763888888888889 0.1
0 0.11527777777777778 0.6958333333333333 0.03888888888888889 0.049305555555555554
3 0.23958333333333334 0.5326388888888889 0.03194444444444444 0.034722222222222224
3 0.2798611111111111 0.5131944444444444 0.035416666666666666 0.034722222222222224
3 0.42291666666666666 0.6013888888888889 0.04375 0.06319444444444444