2 0.7692326132962088 0.31074457651905407 0.048548404738785834 0.0726979836112605
2 0.8293013486415759 0.628110770134088 0.08864966980427956 0.1170840262979526
2 0.7358140301465069 0.6256386309760144 0.08401825893658099 0.1008204423592992
2 0.6497807375740626 0.2955343948983785 0.052081245769838344 0.07502411837495325
2 0.5936136502159979 0.36807209721198536 0.05312662807535591 0.06331568339154153
2 0.6358205424479302 0.3942280261421953 0.0654373403711634 0.0815023193658746
2 0.718903969268241 0.37317157432186354 0.06547775291038344 0.08289120825476348
2 0.6646585650866288 0.45111915133281033 0.07052072044798542 0.08948113025726659
2 0.5729589171584438 0.48248054880822683 0.05571511814894103 0.08082247536086824
2 0.4756335760246761 0.42136911416095046 0.04967461212274363 0.06376732640562656
2 0.2701757956664593 0.5514723796300903 0.04223778592995554 0.07017760770328038
2 0.8901904403979142 0.1789267770617948 0.06953595695129813 0.1032728985740118