2 0.7061942298887233 0.22197692657726217 0.05933938437916816 0.05869737371078985
2 0.18347705654332103 0.5775308644519913 0.08738628215867005 0.106230317056639
2 0.26360705843312715 0.4586888263837704 0.05433649845381691 0.07353810891392053
2 0.3704806154704515 0.4436202137258836 0.05895666114762861 0.07938502618590759
2 0.3504690717690467 0.38425727291336026 0.05433649845381691 0.07353810891392053
2 0.34978859850530003 0.32492353297971305 0.05007065818409097 0.06357308526133905
2 0.29549550354326587 0.6601507174698499 0.07008174343943752 0.1395442909827766
2 0.6874319778807441 0.7901734040232758 0.10236630990424057 0.14594473080874984
2 0.5190643572777399 0.7211605961133901 0.050042257376637166 0.08014263135586172
2 0.4938796374177754 0.5813731801640888 0.06346344983465396 0.08384305456900544
2 0.6682840227418465 0.4580102765234252 0.06969924943092706 0.09256487019091379
2 0.9096389681956083 0.4618475097315998 0.04810069885754381 0.06481629329201219
2 0.15908618395388935 0.49568829954744825 0.057808720676039135 0.07378091034427996
2 0.06013472159939036 0.43908345356934164 0.060926620474175686 0.0781418181552343