3 0.9097222222222222 0.23541666666666666 0.04583333333333333 0.08125
0 0.8770833333333333 0.46111111111111114 0.0625 0.09930555555555555
0 0.27291666666666664 0.22708333333333333 0.03958333333333333 0.08125
0 0.3875 0.5076388888888889 0.04583333333333333 0.06319444444444444
0 0.37222222222222223 0.6458333333333334 0.05694444444444444 0.10138888888888889
0 0.2951388888888889 0.8381944444444445 0.04791666666666667 0.07847222222222222
0 0.2916666666666667 0.60625 0.049305555555555554 0.08125
0 0.18611111111111112 0.5236111111111111 0.04375 0.06944444444444445
0 0.1701388888888889 0.575 0.04236111111111111 0.08333333333333333
0 0.12569444444444444 0.5694444444444444 0.052083333333333336 0.07916666666666666
0 0.058333333333333334 0.5770833333333333 0.04375 0.07152777777777777