2 0.8605600713639158 0.16697126867042428 0.054367613832680364 0.06055105726238806
2 0.7742583734369601 0.23837020894402705 0.04607654200258367 0.06974747130606179
1 0.5115405051002986 0.6671167654492385 0.08479802508364587 0.12454758823210296
2 0.34511868730800194 0.5184838108935342 0.05866106500905685 0.0898390642779505
2 0.39584421280295395 0.5424931887215073 0.06302785873917745 0.1018468537483323
2 0.49425683705573076 0.4572526554760158 0.05991280903806676 0.06986196252092264
2 0.4599452293105856 0.444732108073911 0.05644058681584454 0.0696597286060964
2 0.5111882531945459 0.36154751162561316 0.05222129829577208 0.06872260346386033
2 0.5728135822844261 0.4333186181224268 0.06241711719864643 0.075538858425374
2 0.6240669665185556 0.3591213526689414 0.04607654200258367 0.06974747130606179
2 0.5732089157959752 0.6835749970882882 0.08145176726857355 0.10775958121654033
2 0.6542277076820137 0.6636458392695047 0.07013016874383943 0.10433465491131844
2 0.9225376523595485 0.5443116289908634 0.07202455546644791 0.12933465491131843
2 0.5137108217477845 0.5107385759663078 0.05998697169437087 0.09821284439424921
2 0.4279672435079542 0.5565239653613967 0.05686156164309087 0.07521528416165195
2 0.7784449407014052 0.3017332896543675 0.06789933020045788 0.09314265023427673
2 0.73263396827353 0.2311152404826861 0.059197643893284004 0.08779617772758247