3 0.9303185117606166 0.25129592712219795 0.0529417872448145 0.08205002380920992
0 0.9174253281813983 0.476420657641902 0.07118811033625497 0.1003964971135692
0 0.2927838840090119 0.23184711146999273 0.04669178724481466 0.0819409296534086
0 0.4319126479426739 0.5144027265485732 0.05136213082004101 0.06399446825365437
0 0.42872531741604814 0.6523304963899477 0.06581482282971175 0.10238285786396785
0 0.36847140060818767 0.8433461129128419 0.054782096512798265 0.07930861075003261
0 0.3447066689292581 0.6113410606040635 0.05641400946703688 0.08211063167354414
0 0.2319211474295463 0.5268596926394183 0.04982560163374469 0.0702081035350539
0 0.22044487041629518 0.5779697853523703 0.04965183307160478 0.0840727492782092
0 0.17551437784115115 0.5716384491333385 0.05900951919580232 0.08007578463167798
0 0.10882158290975198 0.578101545454146 0.05000786968275707 0.07229143686838724