0 0.05028731433615427 0.17219778031110364 0.061474725474295826 0.06677330517432567
0 0.0499762220476518 0.11872555808888142 0.05868482721774521 0.06449573069670475
0 0.1581398686781656 0.09713429604942839 0.04613634530265394 0.05528831221407755
0 0.10631834659503461 0.9710808937314505 0.0683949289611946 0.05783821253709915
0 0.09477089824810185 0.8979309435699393 0.06717572677512527 0.09216178746290085
0 0.07245124919049958 0.7603144635906 0.07552118058723142 0.09482784422909656
0 0.042056837013384245 0.6665597046228424 0.05669845771459447 0.08101671650515575
0 0.6458522720028818 0.7643141487748636 0.06155956882570561 0.08135663850765885
0 0.37367899470094823 0.8730077341263917 0.04831664246616991 0.07210065973895989
0 0.35190072702853215 0.8284468097026076 0.06015855945804387 0.079176184602182
0 0.44481845415279825 0.6919468927667564 0.07410805074079686 0.0905640569902862
0 0.4583069042369865 0.5047722143298214 0.06509239344179195 0.09201610660468494
0 0.3508345879017211 0.7645093605276471 0.0789934028094536 0.09507064565945597
0 0.3792336242461089 0.6346044480982217 0.06174137600729795 0.11260663850765885
0 0.2538695468777268 0.44396771244691025 0.05672269867214012 0.08518338317182257
0 0.21145187353234252 0.4312833127743032 0.05302018735323423 0.04535724840812981
0 0.26469830982266945 0.5155294500713218 0.07405956882570561 0.08223072365695287
0 0.3245094155558924 0.5349834124512814 0.07751967056915497 0.08039019175397881
0 0.37623721484522293 0.47751432279556144 0.07202471740746354 0.09041837613207046
0 0.29057005828391785 0.4284858520531644 0.05177674420961927 0.07026012783598598
0 0.7078432118944232 0.6811845745213331 0.06713936533880688 0.0859117874629007
0 0.6526346470584912 0.6176260896994321 0.05667421675704879 0.07685004983848924
0 0.6578180449264827 0.43472979894074576 0.06168077361343383 0.10218997184099218
0 0.6289822083410758 0.37023882721179857 0.04625755009038212 0.07612164554741097
0 0.9787913108004037 0.6919354336142494 0.04241737839919261 0.0761216455474108
0 0.9290558572241076 0.6425086391115968 0.06366714311658465 0.08566898603254142
0 0.9275048989463834 0.4952378566033027 0.061608050740797025 0.08968997184099234
0 0.7922650732913235 0.27753238805809605 0.046306032005473535 0.0844549788807443
0 0.861556917681707 0.4947912960931406 0.053274717407463694 0.08910724840812981
0 0.445365600831179 0.18941191641933794 0.060134318500498316 0.07500951793551518
0 0.4010872659351606 0.33417216449133225 0.05537017121956972 0.09133626259967866
0 0.3273742248238811 0.07287189473985653 0.049547965131012006 0.04511444697777029
0 0.3666105674375909 0.13531349298210416 0.036632291698342576 0.09210846820907123
0 0.37821053785920594 0.22011823533703204 0.044929263595357344 0.0864411916419338
0 0.7628977876607022 0.5989582862959725 0.06166865313466082 0.10010663850765901