3 0.2785250602235156 0.559678704118925 0.0673809658380637 0.10521520431216769
3 0.6226343635567761 0.9164802276339837 0.09067021157253363 0.13758474397630335
3 0.7743914945809135 0.3598896471675666 0.07499560419258336 0.10514431690504769
3 0.6662918455390086 0.3642976060860764 0.07600530558382827 0.11422878168621856
3 0.6549382585216356 0.15096150143890646 0.04715168324153814 0.06132354410944214
3 0.6037962707838561 0.2394112093158918 0.07350971316621724 0.10225316512048357
3 0.5463337440653927 0.26954178426327075 0.03685626924671794 0.06394546128076747
3 0.47433638508233444 0.2970930432505052 0.05103616454803807 0.07341253468196329
3 0.19339060835444674 0.34519488822319466 0.05878748505650893 0.057426112056014174
3 0.058198804926944056 0.36758762990165444 0.05261023665961672 0.058999262358809305
3 0.21440472910305317 0.2619465280891937 0.09687831893363573 0.09723607879140543
0 0.845853129185424 0.4075084491905116 0.0925992206473871 0.11350593643432032
0 0.6886132825211316 0.3034415291844771 0.056197103123844586 0.1022248789245443
0 0.62833551063084 0.25464638588248883 0.07247576124060309 0.09247425589486827
0 0.5880158696515951 0.07307057887737153 0.04966270514125407 0.053911403234125764
0 0.19368158532944707 0.5562351119271857 0.08789904222459649 0.09788803663618369
0 0.22400124397115048 0.6053704918610473 0.0584656196798679 0.08786829360478347
0 0.2737168459885598 0.6574819967788055 0.06025133817092944 0.11917498060817656
0 0.3357737279400724 0.6353871197440671 0.08113317257300123 0.12226447959885939
0 0.5480885447173827 0.6380933224456375 0.07825839265774638 0.11925995380750894
0 0.488414794126468 0.8512029083022641 0.08175486541433799 0.12023783326891899
0 0.3589218368383126 0.9297747625736039 0.08316800483759611 0.12104565172014961
0 0.18665332616977567 0.8572129913885957 0.10190918378533177 0.10249399892626848
0 0.04090274539660376 0.5272248789245443 0.08180549079320752 0.09081601778122617
0 0.041199268646379086 0.438633625456348 0.08239853729275817 0.10782280646825153