0 0.3134169158591123 0.2880871071419447 0.08488217998371066 0.09349312791262353
0 0.3070748777908915 0.2172214470608953 0.04585745170828659 0.05098596580533952
0 0.5590702849514309 0.380469026678519 0.08699947316367766 0.10394212132700618
0 0.5941473531517597 0.2772883258171918 0.07640316579216172 0.09121583409299387
0 0.6379852793245536 0.12092634346308695 0.09120009967697816 0.11443960486296305
0 0.521275134875738 0.04818515138305599 0.0758836030848092 0.07387088635574081
0 0.4411858227737055 0.033148082318796665 0.06292720110296651 0.04722338348512351
0 0.10984660245625047 0.5793941151635803 0.13173527932455353 0.10914324392058651
0 0.2720691941069267 0.7675914627652779 0.08896124401374882 0.15182646124595686
0 0.9379135477533437 0.3776179802403094 0.12417290449331264 0.16536091717287052
0 0.6985952165270118 0.4225421002174388 0.13263348284880072 0.17156242705129646
0 0.7892513115855189 0.5688614960294143 0.12718964830482693 0.16311595010095692
0 0.9115071701182097 0.6812506749382106 0.11907975699465743 0.14628764969570984