0 0.861069656015076 0.3772892630915714 0.06880645778036391 0.07316898603254127
0 0.8946015657775572 0.4285226296505641 0.05804966909333871 0.06827391507479648
0 0.8107010185757488 0.3269737830001868 0.07867034020531176 0.09250170946540379
0 0.760729075548659 0.2375751728756258 0.06788515071083244 0.10417618460218184
0 0.6031208796975152 0.9277561536174251 0.08751385656918322 0.09933443289826648
0 0.7847111163293885 0.9554789606138665 0.10293329454968646 0.08904207877226705
0 0.8657060821198768 0.966838821865034 0.10552681091355806 0.06632235626993198
0 0.8954107595669626 0.8378465281125307 0.09353699394409634 0.13082723432862559
0 0.9203536141175112 0.7034010671673018 0.06496559811881468 0.11916260066352827
0 0.9270567663101125 0.5956164974201973 0.042743490508106816 0.08377513487573778
0 0.8780628173559472 0.5370162442815513 0.0838431725293276 0.11357784422909654
0 0.7271559399131717 0.5718603525232011 0.1308385321264628 0.147935702537697
0 0.5026527248205851 0.7810490586709632 0.08282280646825137 0.10107784422909655
0 0.5425475501437941 0.6944425032274527 0.07570830101362781 0.09850890803504453
0 0.7345960231498837 0.4550480049983188 0.10276323353950703 0.11697230528637084
0 0.49584799218311854 0.17994201356299036 0.08126385656918321 0.09889739032361954
0 0.44608916982344704 0.2504938266515729 0.05658977818581516 0.10960065973895988
0 0.4897689700854144 0.4511977890315325 0.0730863838423024 0.1086827732713516
0 0.4275664908945924 0.4175150157601808 0.06166355151828624 0.08716959593301207
0 0.29779126987493015 0.664057717513562 0.06064318545721 0.07466959593301208
0 0.31003646488844755 0.7536118499680191 0.08819410060990075 0.1076677662315998
0 0.9512049713095264 0.1628950883986027 0.07799009616459406 0.08416837613207054
0 0.8575967461237664 0.17171434812882014 0.0708755907099705 0.08159943993801835
0 0.8859274227547776 0.22677445935197638 0.07121571273032903 0.0857661066046851