0 0.1673611111111111 0.4 0.14583333333333334 0.23680555555555555
0 0.0798611111111111 0.5923611111111111 0.1597222222222222 0.34097222222222223
3 0.56875 0.37777777777777777 0.3236111111111111 0.3951388888888889
2 0.5076388888888889 0.07430555555555556 0.11527777777777778 0.14791666666666667
2 0.43472222222222223 0.07430555555555556 0.075 0.10347222222222222
2 0.6979166666666666 0.10138888888888889 0.13472222222222222 0.20277777777777778
2 0.8368055555555556 0.04583333333333333 0.14583333333333334 0.09166666666666666
2 0.4013888888888889 0.22083333333333333 0.1638888888888889 0.18541666666666667
2 0.2833333333333333 0.43333333333333335 0.14722222222222223 0.21458333333333332
2 0.8590277777777777 0.2986111111111111 0.22916666666666666 0.23680555555555555
2 0.6583333333333333 0.4527777777777778 0.15 0.225
2 0.5916666666666667 0.7875 0.2777777777777778 0.425
0 0.37777777777777777 0.6034722222222222 0.23333333333333334 0.35833333333333334
1 0.2048611111111111 0.8222222222222222 0.2013888888888889 0.3506944444444444
1 0.8333333333333334 0.8208333333333333 0.3194444444444444 0.35833333333333334