0 0.23560196763908017 0.8735892651983107 0.07001324040962578 0.10010552745170445
0 0.4244577849413354 0.8649049838890951 0.07237215067328545 0.12797230927361497
0 0.6011773308216988 0.6475758550920814 0.07876544125707723 0.07295077798285567
0 0.7747112945222854 0.755701072720563 0.09226853421848173 0.1223184234690949
0 0.7959084153085886 0.9643135327960307 0.07327602887478911 0.07137293440793857
0 0.7911002010736329 0.8877076070956913 0.04726632748354405 0.10349807183462537
0 0.5763558761771171 0.45266880251835584 0.06438493325096253 0.09766617794184008
0 0.6245767661158961 0.38508411679586724 0.06830909457393643 0.09098874562979391
0 0.5362610395621743 0.15769966001394667 0.07223325589691032 0.08431131331774762
0 0.45041007589928467 0.1993146274558069 0.06511905771188112 0.07900518198597284
0 0.43309967847933595 0.25917968194905977 0.06243828207158041 0.08160495167548518
0 0.4120040145127883 0.3693831647102262 0.06981923613467163 0.09454997189614874
0 0.2801389301012922 0.3235167845617496 0.07313052566857342 0.11000575776219203
0 0.15836203854998115 0.34827881554489193 0.10209436700802152 0.08622490026660125
0 0.05269847661969128 0.477314105147451 0.07629631199625944 0.12129487696156865