0 0.1736111111111111 0.9138888888888889 0.05694444444444444 0.07777777777777778
0 0.28680555555555554 0.6729166666666667 0.04861111111111111 0.08472222222222223
0 0.38958333333333334 0.6256944444444444 0.06388888888888888 0.06805555555555555
0 0.41875 0.5013888888888889 0.05694444444444444 0.0798611111111111
0 0.35833333333333334 0.5173611111111112 0.05277777777777778 0.0625
0 0.5770833333333333 0.40625 0.04097222222222222 0.0625
0 0.5618055555555556 0.48194444444444445 0.03819444444444445 0.06111111111111111
0 0.5451388888888888 0.5347222222222222 0.03125 0.06944444444444445
0 0.5055555555555555 0.6979166666666666 0.05138888888888889 0.0625
0 0.6472222222222223 0.5930555555555556 0.06388888888888888 0.08194444444444444
0 0.6666666666666666 0.8166666666666667 0.06666666666666667 0.07777777777777778
0 0.6166666666666667 0.8340277777777778 0.06527777777777778 0.09583333333333334
0 0.9138888888888889 0.81875 0.06666666666666667 0.09583333333333334
0 0.7861111111111111 0.7069444444444445 0.05277777777777778 0.06597222222222222
0 0.8694444444444445 0.6111111111111112 0.05138888888888889 0.06944444444444445
0 0.7291666666666666 0.48541666666666666 0.06666666666666667 0.09861111111111111
0 0.7722222222222223 0.37083333333333335 0.06111111111111111 0.08194444444444444
0 0.7923611111111111 0.49375 0.04513888888888889 0.08888888888888889
0 0.4263888888888889 0.16111111111111112 0.05694444444444444 0.07291666666666667
0 0.2986111111111111 0.10555555555555556 0.0625 0.059027777777777776
0 0.5104166666666666 0.1875 0.05 0.06944444444444445
0 0.5236111111111111 0.09722222222222222 0.04722222222222222 0.05555555555555555
0 0.2423611111111111 0.02847222222222222 0.075 0.05694444444444444
0 0.6888888888888889 0.9131944444444444 0.12777777777777777 0.09027777777777778
0 0.19791666666666666 0.7743055555555556 0.10625 0.11458333333333333