0 0.7018429810098038 0.39251630905790247 0.08960811844469087 0.10520738862716034
0 0.9075061930191554 0.33262283749000165 0.07240742751322765 0.0954159109017283
0 0.9512396696115837 0.26315289458494007 0.0646619466715887 0.08230835073835373
0 0.6324182534760684 0.30082288432238796 0.06479545273778785 0.08439168407168715
0 0.6244337391165259 0.2198159083877378 0.0541117739387229 0.0793136771599588
0 0.5399185680981096 0.11058760397897223 0.07534562547065364 0.08738635765008217
0 0.6827692014519507 0.10577150951868443 0.06287253958410241 0.07593683870567891
0 0.7769559599688285 0.07169273481967225 0.059266811295681364 0.07354972529065835
0 0.9671985619293715 0.03409601200081366 0.05357774967392667 0.06819202400162731
0 0.8952153732250527 0.10813501388543381 0.06826767496001006 0.08469546415337435
0 0.8570840832123379 0.0688724596075325 0.0871511810262092 0.08841920992781876