0 0.09097222222222222 0.21180555555555555 0.09930555555555555 0.1076388888888889
0 0.16666666666666666 0.34444444444444444 0.08680555555555555 0.10555555555555556
0 0.18472222222222223 0.7680555555555556 0.1076388888888889 0.10972222222222222
0 0.175 0.875 0.07083333333333333 0.09027777777777778
0 0.5263888888888889 0.6930555555555555 0.12361111111111112 0.11805555555555555
0 0.65625 0.7638888888888888 0.11388888888888889 0.10069444444444445
0 0.7229166666666667 0.6652777777777777 0.1076388888888889 0.14583333333333334
0 0.8229166666666666 0.7708333333333334 0.11805555555555555 0.1423611111111111
0 0.7847222222222222 0.8263888888888888 0.12916666666666668 0.1527777777777778
0 0.9555555555555556 0.9590277777777778 0.08888888888888889 0.07916666666666666
0 0.7347222222222223 0.5208333333333334 0.09375 0.13194444444444445
0 0.08402777777777778 0.9090277777777778 0.09652777777777778 0.09166666666666666
3 0.5236111111111111 0.41805555555555557 0.10625 0.1388888888888889