1 0.8557191916182583 0.1030583475068793 0.1531050499031832 0.07891105939958207
0 0.04219374855175692 0.163251016836323 0.07171237275933945 0.1137752856590735
1 0.08996007922026535 0.0896680773096366 0.08734785221876891 0.15240902572693601
0 0.15207194798236745 0.08643657428168469 0.11153924547314828 0.1370886467379775
0 0.09222992224873895 0.2275223997337223 0.128561699107888 0.14608802370830146
2 0.18521504512390904 0.14448635798653783 0.10678846723605614 0.09450078761329388
2 0.16730226964270306 0.3540244334063683 0.1449734410431133 0.2013884304428306
1 0.06149370406928471 0.429095664648032 0.09032735446981008 0.2757933888244745
0 0.2772336693314915 0.10011245711466973 0.10168956088520531 0.16326498801702083
2 0.36287674588693203 0.11194606964313546 0.1063375621720872 0.11452630249539651
0 0.4430308701400452 0.1544628121376699 0.13189315889984496 0.21761580148607923
0 0.7022850578065967 0.1804681755144173 0.19320025034348368 0.25651866155566594
0 0.5117409699464116 0.29289797577638466 0.15989734656639662 0.22474439273291533
1 0.5736834585050752 0.16720330210891107 0.1494654651216068 0.23842073401195868
1 0.6339365920395449 0.3914236552421051 0.23696737983518545 0.27531103354381753
2 0.603921418433624 0.5045048402912778 0.20987074643730763 0.3173746238457506
2 0.6655387554414722 0.8157304715243208 0.3009628751014418 0.36853905695135847
1 0.8625914945297501 0.48826246656370037 0.19916116955914479 0.533035124855068
1 0.8566555695211169 0.8191279124039477 0.23704164194272817 0.3617441751921048
0 0.9198211903313765 0.43865904636442316 0.16035761933724693 0.41094047704335895
0 0.8059040953913372 0.9266854928059505 0.33134330631282294 0.14662901438809905