0 0.27471084953497377 0.19077652042879378 0.0795208606784513 0.11164226091745451
0 0.2024886273127515 0.19456152671034677 0.06888935632377553 0.07988274084109166
0 0.20369983490213978 0.04838390534720717 0.05848546464901724 0.09676781069441434
0 0.02731628972745755 0.10219842203131499 0.04998513744459659 0.0497698226040367
0 0.10582149321119821 0.12312226142041176 0.058763008709351694 0.06548433187583985
0 0.10407957889774122 0.2066739605007578 0.06184388053128068 0.07604657570718164
0 0.18763309363329042 0.28158249510067734 0.05961167203297511 0.09465099854250651
0 0.19236344828554428 0.3724455344493932 0.07176816544960371 0.083500540227989
0 0.11399434497486749 0.30839335092240333 0.05947022814570452 0.0897898874313954
0 0.05662348130511632 0.36843131011619396 0.07243497234673636 0.10641720689465552
0 0.1178133299311727 0.43964335092240336 0.05655100648065614 0.08478319915560917
0 0.5930481242778538 0.009171676089898198 0.08401291522237433 0.018343352179796397
0 0.6240535614790379 0.054232664959498696 0.07207125949375492 0.09391720689465563
0 0.8213717209460418 0.4535431669952126 0.0763995763173022 0.09969112819722391
0 0.9018357639947437 0.35056474094384804 0.1031447467814707 0.13714882808157983
3 0.3073681067409158 0.7155611075940188 0.09968529955115701 0.16123601789012254