1 0.3958333333333333 0.15902777777777777 0.04027777777777778 0.04652777777777778
0 0.6645833333333333 0.19166666666666668 0.029861111111111113 0.04236111111111111
0 0.6194444444444445 0.1527777777777778 0.027777777777777776 0.04236111111111111
0 0.9305555555555556 0.24444444444444444 0.03819444444444445 0.04652777777777778
0 0.9604166666666667 0.32916666666666666 0.043055555555555555 0.06944444444444445
0 0.7145833333333333 0.2763888888888889 0.035416666666666666 0.04722222222222222
0 0.5555555555555556 0.1951388888888889 0.029861111111111113 0.04375
0 0.5854166666666667 0.28055555555555556 0.034722222222222224 0.06458333333333334
0 0.6298611111111111 0.40208333333333335 0.04861111111111111 0.08541666666666667
0 0.6791666666666667 0.6784722222222223 0.05555555555555555 0.10902777777777778
0 0.23194444444444445 0.3076388888888889 0.03611111111111111 0.04513888888888889
0 0.11597222222222223 0.27569444444444446 0.058333333333333334 0.05277777777777778
3 0.05625 0.29375 0.06180555555555556 0.052083333333333336
3 0.36041666666666666 0.2423611111111111 0.06944444444444445 0.04375
3 0.8805555555555555 0.35833333333333334 0.06388888888888888 0.05
1 0.8430555555555556 0.23680555555555555 0.09930555555555555 0.09652777777777778