3 0.8889955273965477 0.07140578619417629 0.09563876865288042 0.09756209364169642
0 0.46213023004629006 0.2183983461347851 0.028268139606254294 0.03710453748496955
0 0.44855682124878576 0.2723629979842802 0.02657328856149598 0.04263585126246454
0 0.43252619726881125 0.3110337108706237 0.028768342906411074 0.03433484029987868
0 0.5065889513940074 0.308426112065896 0.02896258405069874 0.03711261807765638
0 0.2562331348074049 0.7072691277317967 0.022018139606254216 0.0370318121507877
0 0.3678450962910035 0.5073428261192302 0.02398975192800571 0.045381306669494845
0 0.45845803710352684 0.4834175449465832 0.038946967110475975 0.06082069630100983
0 0.9543266244281551 0.10269667568423652 0.05129144478057981 0.09843382459862597
0 0.7950496685714339 0.5636608765471064 0.04826610660468494 0.06509241067260582
1 0.8701029878252633 0.5950648943347827 0.13265316579216158 0.09105400120234258
1 0.581869177494097 0.7499154922200775 0.12600008306414862 0.0951398619421408
3 0.6677870180694165 0.45046545904941016 0.05981901925820081 0.1013085694886461