2 0.575 0.9465277777777777 0.06597222222222222 0.10625
2 0.38472222222222224 0.4270833333333333 0.041666666666666664 0.06597222222222222
2 0.4222222222222222 0.43680555555555556 0.03194444444444444 0.04722222222222222
2 0.8569444444444444 0.8576388888888888 0.05 0.09375
0 0.8854166666666666 0.7152777777777778 0.05694444444444444 0.10069444444444445
0 0.9027777777777778 0.6131944444444445 0.07708333333333334 0.12222222222222222
0 0.89375 0.3326388888888889 0.06180555555555556 0.08263888888888889
0 0.7666666666666667 0.26805555555555555 0.052083333333333336 0.07291666666666667
0 0.5791666666666667 0.8256944444444444 0.10138888888888889 0.16944444444444445
0 0.46805555555555556 0.9138888888888889 0.09722222222222222 0.17222222222222222
0 0.3680555555555556 0.9152777777777777 0.09583333333333334 0.16944444444444445
0 0.25277777777777777 0.9444444444444444 0.125 0.1111111111111111
0 0.4305555555555556 0.7777777777777778 0.09236111111111112 0.16111111111111112
0 0.34444444444444444 0.7173611111111111 0.07777777777777778 0.1326388888888889
0 0.2652777777777778 0.7868055555555555 0.09166666666666666 0.16944444444444445
0 0.18333333333333332 0.7611111111111111 0.07152777777777777 0.15763888888888888
0 0.07708333333333334 0.8236111111111111 0.10833333333333334 0.15486111111111112
0 0.18958333333333333 0.6298611111111111 0.07222222222222222 0.11388888888888889
0 0.41041666666666665 0.5368055555555555 0.08472222222222223 0.1361111111111111
0 0.2965277777777778 0.5534722222222223 0.1111111111111111 0.1673611111111111
0 0.3298611111111111 0.42430555555555555 0.075 0.13055555555555556
0 0.41388888888888886 0.3055555555555556 0.06944444444444445 0.14444444444444443
0 0.45 0.24513888888888888 0.05277777777777778 0.09097222222222222
0 0.4409722222222222 0.16458333333333333 0.06597222222222222 0.09097222222222222
0 0.3819444444444444 0.2298611111111111 0.06597222222222222 0.10347222222222222