2 0.8386154362686936 0.6844717499986176 0.03356923024718539 0.04876155093708437
0 0.820742821875973 0.9663047396022847 0.05089948239408702 0.06739052079543058
0 0.5720567465393304 0.9994527261731956 0.05353836539548951 0.0010945476536088942
0 0.5414945825539342 0.9735021504849343 0.0348456875164923 0.0529956990301315
0 0.49333983578842255 0.8636006684593889 0.03407849146894017 0.0633448842704177
0 0.4044729848114791 0.9165584104781813 0.051642427907269764 0.0902047755805872
0 0.06912470337793444 0.5721879388394231 0.0408531821727997 0.058969376020025444
0 0.02598978778943054 0.5315800805308227 0.043606709416208214 0.058469172719868505
0 0.02419306506111172 0.42355270935335876 0.03305336059559029 0.07366443036494054
0 0.2311000421115058 0.3593572112362699 0.03172840225754483 0.05556031452331322
0 0.28225303408654256 0.4095755707555107 0.03620150481874763 0.044789125414705214
0 0.42001978996460454 0.4115516185088546 0.029232809839933795 0.04360907810954207
0 0.48668424400884736 0.4760813090521931 0.03339947650660062 0.043900439825973255