0 0.6888850137063359 0.33793852485187476 0.030552040764519638 0.040452202926566844
0 0.8289321212081269 0.6071565252036183 0.025141944083365945 0.04862388610301941
0 0.5590708116869327 0.21755390457695328 0.023046489177165893 0.047868822849744835
2 0.4704533290003918 0.5883967567514833 0.018697998917496902 0.037330918565417745
2 0.033341219332129954 0.5978890291193549 0.047093976911482385 0.07355583601648763
0 0.1524337777719195 0.8595563969383515 0.12816373051823943 0.1848871285298145
0 0.09677142604335628 0.41441216433525596 0.08141267243806377 0.09121260989404807
0 0.07174015331555098 0.4914221038678507 0.04877378354917489 0.09026291522237434
0 0.5621512683948637 0.5133266191014564 0.046496505049972506 0.0790911853024331
0 0.7066942626220021 0.6424689043715228 0.029405583332967132 0.05430067927623554
0 0.682941207427525 0.5938854308077236 0.0380055912693706 0.06982093228933416
0 0.4559188423500429 0.3124194245324978 0.027079818542297414 0.040351171578516365
0 0.1473223492046754 0.248606935984121 0.049835389970659706 0.07155332776159452
0 0.017492510821369597 0.16709099832847835 0.030330337661881174 0.06751532999029004
1 0.3817134137769405 0.5545805605110031 0.11889352128312539 0.17073555813599467
1 0.507151007208388 0.9731528792115025 0.09005255988410346 0.05369424157699491