3 0.0375 0.9201388888888888 0.07430555555555556 0.12569444444444444
0 0.7361111111111112 0.7673611111111112 0.02361111111111111 0.030555555555555555
0 0.8145833333333333 0.8298611111111112 0.029166666666666667 0.052083333333333336
0 0.47291666666666665 0.34652777777777777 0.022222222222222223 0.03958333333333333
0 0.4777777777777778 0.4076388888888889 0.022222222222222223 0.052083333333333336
0 0.41805555555555557 0.5229166666666667 0.030555555555555555 0.044444444444444446
0 0.3770833333333333 0.5513888888888889 0.03263888888888889 0.06944444444444445
0 0.3013888888888889 0.5777777777777777 0.027083333333333334 0.04236111111111111
0 0.29791666666666666 0.625 0.03125 0.04097222222222222
0 0.08888888888888889 0.3416666666666667 0.02361111111111111 0.04236111111111111
0 0.13125 0.46597222222222223 0.04861111111111111 0.05763888888888889
0 0.058333333333333334 0.7868055555555555 0.04652777777777778 0.05625
0 0.2534722222222222 0.7826388888888889 0.050694444444444445 0.07430555555555556
3 0.5284722222222222 0.9659722222222222 0.05138888888888889 0.06736111111111111
3 0.15902777777777777 0.6881944444444444 0.052083333333333336 0.07430555555555556
3 0.22083333333333333 0.6826388888888889 0.06180555555555556 0.08125