3 0.6180555555555556 0.6729166666666667 0.043055555555555555 0.058333333333333334
3 0.6854166666666667 0.5319444444444444 0.04097222222222222 0.06041666666666667
3 0.7305555555555555 0.5409722222222222 0.052083333333333336 0.07222222222222222
3 0.34375 0.6916666666666667 0.04861111111111111 0.06875
0 0.23055555555555557 0.6201388888888889 0.03888888888888889 0.058333333333333334
0 0.15902777777777777 0.2465277777777778 0.030555555555555555 0.04236111111111111
0 0.16041666666666668 0.3090277777777778 0.03819444444444445 0.052083333333333336
0 0.6423611111111112 0.35694444444444445 0.03611111111111111 0.05277777777777778
0 0.44305555555555554 0.34375 0.03888888888888889 0.04791666666666667
0 0.48680555555555555 0.47708333333333336 0.04583333333333333 0.04791666666666667
0 0.9166666666666666 0.4284722222222222 0.03611111111111111 0.04652777777777778
0 0.8645833333333334 0.45208333333333334 0.043055555555555555 0.06597222222222222
0 0.79375 0.5069444444444444 0.027083333333333334 0.05277777777777778
0 0.78125 0.6159722222222223 0.03819444444444445 0.07708333333333334
0 0.6270833333333333 0.5847222222222223 0.030555555555555555 0.04722222222222222
0 0.4013888888888889 0.8798611111111111 0.03611111111111111 0.06319444444444444