2 0.44236885531228154 0.9231508542077591 0.04901108691061419 0.07243352973840539
2 0.43167653178303605 0.6377238271909231 0.08467824347191927 0.118172799817656
1 0.4567487916504755 0.5288323741704646 0.1249645645740764 0.24200557879511927
1 0.6318295948422944 0.5294605560010949 0.05724791941896241 0.17579014790364655
0 0.3030395890279801 0.8579807804444723 0.05813582851857464 0.08978428049934703
0 0.5468169441347217 0.6053774884144513 0.03519492089436243 0.08388109267028941
0 0.8094614638696009 0.3714922952313628 0.039942907536927114 0.0648050011996855
0 0.9018907946885605 0.2568020779860982 0.040621191343007644 0.06207984527531352
0 0.91328425396584 0.18507417314486646 0.06376006678717595 0.102010810882149
0 0.8473807144566639 0.2018788047739719 0.04479997848844732 0.0644789097290816
0 0.6087503957815952 0.2644251667900076 0.04207472278535186 0.07329620009323622
0 0.5618024414063595 0.19572860874597317 0.02876311371277009 0.05215749598963736
0 0.34224533549856617 0.31240973627560814 0.035045434989497595 0.05818664822584496
0 0.07953305906103604 0.7734835064988416 0.042809568825705586 0.08029326639108629