3 0.1676818246395011 0.8176124080696373 0.033540739743640795 0.05597663569209759
0 0.09339463740099872 0.29504628255882853 0.04930346799206049 0.0731768141148881
0 0.14124208539391686 0.46264768639120846 0.05026059394143603 0.08222884242703511
0 0.3380155945577272 0.3281282600587739 0.04191448561619432 0.05765653099341764
0 0.48243657658184996 0.44310178512700843 0.028315915779548263 0.043306881951512666
0 0.5867170495884755 0.4117106777282095 0.033932090143934106 0.04558421955980015
0 0.5473027976897243 0.4311242632084442 0.04448276942016965 0.07439594926319223
0 0.47264839183659085 0.49339279153943966 0.027702296413544207 0.04606040919492121
0 0.44266278695710765 0.6179254229565829 0.04047775291038344 0.07980600161253208
0 0.2861554491663832 0.5845414053695183 0.036972549426642826 0.05470899947505501
3 0.2695387138801335 0.6787764160569036 0.0542858167208321 0.0775132345221397
3 0.3630346322401208 0.5173390143243038 0.04354584974040405 0.06603836539548935
3 0.4108300612891269 0.519832394119491 0.05448787941693291 0.08445767896658399
3 0.6731990552193315 0.8728019341123681 0.07310177924386904 0.12811949788137125