3 0.22511378915549018 0.09803290528440907 0.061893495098642545 0.0558949289611946
1 0.8701911440055805 0.9605750320139222 0.10583909109552551 0.07003430774472198
1 0.28403553087240313 0.9632904822642322 0.15935581533981397 0.07103984447766878
1 0.5749584371764906 0.2995456501050248 0.09375719720274008 0.08731865582360507
0 0.39496381999918045 0.29850871810574525 0.03378661525778281 0.03976514051492567
0 0.40548201041794874 0.11574054410994625 0.03695558502932638 0.06755099861188536
0 0.6530685105204876 0.15250881221878845 0.03788186578893418 0.049507563535102626
3 0.7359744115417748 0.15619469989413312 0.06452844060538956 0.07534745372482092
3 0.9976574593843577 0.8464271099060158 0.0046850812312846475 0.1385095768925377
3 0.27873685104794865 0.5770662466845747 0.07876401946597787 0.10250350993079123
0 0.2988634745334489 0.29489959346262845 0.05287397902465061 0.0884691752966284
0 0.721059847143268 0.24867701579297247 0.04858313249661642 0.06484190354715354
0 0.6657214791928154 0.5234067881055768 0.057263155801649014 0.09196563847639633
0 0.5236511008244142 0.6805415830559929 0.05811802042574167 0.0836403854622448
0 0.3598045849555002 0.7905632400931423 0.053951353759074845 0.0836161445046994
0 0.32208927204790844 0.8741470633211139 0.06040627596078936 0.07601765721171981
0 0.4019772972724685 0.8632617381418981 0.06017443964562593 0.09406513244809325
0 0.6112451730691955 0.876633023597949 0.054129361847340365 0.08639392228247686