2 0.29690399554019736 0.7350088622646678 0.0390669077818118 0.09082011058616596
0 0.7520020816237263 0.6938757662289867 0.04169023672144224 0.0701080299246791
0 0.8360404628318975 0.6453484403956717 0.03463260650598525 0.0670877468032087
0 0.8937335814123036 0.6118960670129159 0.032338231448998535 0.0448170235122477
0 0.5763418106644507 0.5674317384040879 0.04544542337119487 0.07717372704096985
0 0.5258430781252889 0.5267240594375038 0.043022532724824855 0.06876764210452867
0 0.5142827377785556 0.3837566849671609 0.0528992037851945 0.08991623238466262
0 0.538313569142985 0.3060119787760168 0.03466090294873854 0.06778219124765307
0 0.5047338080612787 0.2255600337877789 0.04018816206154112 0.0672817510781627
0 0.574805500634268 0.28085986713996064 0.024797198512750956 0.06397046154426107
0 0.676300609482428 0.98559087508953 0.06187275187145502 0.02881824982093993
3 0.4575152234577086 0.8894401016244033 0.09852737243729008 0.18859348666904086
3 0.9280101501324434 0.7264485413820394 0.09709013089929941 0.272451510706234
3 0.2867973153191511 0.09555339003302123 0.0481253451963315 0.05785053526837179