1 0.9475089211395296 0.8282798282202047 0.09516977729052958 0.18607682772831202
0 0.29429675805323596 0.1750621901170141 0.03337522597223139 0.04320599538152881
0 0.43404984512715417 0.18968391872857357 0.03104938729520528 0.0361158700788687
0 0.92776016511068 0.24291172183960993 0.06048280983993411 0.04579429098277667
0 0.15424387295205302 0.3502326364225136 0.03984348078155477 0.04989303795617575
0 0.11056662455516085 0.34925667173331837 0.04202381625236518 0.05281649659216912
0 0.04189819721053303 0.3666228653483524 0.03773589691385215 0.04905291265351555
0 0.1503792463725058 0.43794147800623917 0.035458559305564644 0.043351676239744404
0 0.20438276772842812 0.3973818564475454 0.029038805564979793 0.038053522553986356
0 0.1877579937006595 0.43709151123189866 0.042096567855473034 0.05489982992550245
0 0.13120598305097098 0.5633737616131286 0.03666226497176379 0.05798356985914965
0 0.15966720103593593 0.7039137002284614 0.042290572130427154 0.060455385481058166
0 0.3449119013395939 0.6524416441345363 0.03852734349577373 0.051879250717365405
0 0.39375230093471664 0.7417577341263917 0.04875882693975042 0.06714242805570494
0 0.45102082337822585 0.7748577839648808 0.04518960258005127 0.06412184884756773
1 0.3062919515137599 0.4987218615141971 0.08454807267422065 0.10012599791485476
3 0.24601636280846115 0.37951070056459685 0.04690917789784553 0.05385086303911682