0 0.5014557195811451 0.4865154396609458 0.03226361705212876 0.056162747477751886
0 0.5817607852420623 0.5328533825758568 0.031609574203593775 0.06307889547944336
0 0.3744850477111607 0.5813654870798884 0.0273782649834721 0.0517980057118139
0 0.7950463013363086 0.9866793412750485 0.0461727067389723 0.026641317449902936
0 0.5250537842030885 0.7285063338222784 0.026708061496573364 0.05593637593572743
0 0.1210864743719703 0.31959180370062545 0.02799190623609766 0.03793741326567807
0 0.17874960421840483 0.317773741782463 0.02524644973504743 0.043379783050221395
0 0.22565669399253369 0.373864566556338 0.02734190354715354 0.0455480057118139
0 0.20955426065300642 0.6343814523696347 0.03290149926230007 0.0464688216982828
0 0.3169502769612414 0.7999068085502237 0.033022704050028294 0.0673021550316163
0 0.13830883104139707 0.7023285485421557 0.038634821839857066 0.07725074879586297
0 0.06110429292033551 0.7200209767298991 0.04487674152067515 0.07611652789175151
0 0.12842811658473327 0.9646576037599209 0.05668633723582164 0.07068479248015806
0 0.5839518138687587 0.8726064945657085 0.03372522881365462 0.06871934036325816