1 0.7170560413239541 0.5877557921826356 0.07665445846359722 0.14135603738336172
0 0.13505569461586447 0.40703286495024776 0.023843139327632476 0.03068080050287468
0 0.1597001622998726 0.5305550925503582 0.03456517676456466 0.043931807181592335
0 0.7614628438974124 0.2477644027306172 0.02592647266096593 0.030692920981647533
0 0.5499427585143437 0.32611230601591507 0.03344975749287392 0.038372211466445885
0 0.47923620969072017 0.35570318943963064 0.024211492301472976 0.03554191161398579
0 0.36224181134832995 0.2695400192590347 0.034775664178187705 0.046709584959370117
0 0.33904213481685574 0.33011829230933903 0.038300508253815875 0.047424230201769293
0 0.3563626246298499 0.4119980942003284 0.025747886400410085 0.0466570628846878
0 0.3456517676456467 0.4356819281840765 0.030819484925144358 0.04946312177960219
0 0.3055533962309845 0.465789489030235 0.041720108622632306 0.04674998655527958
0 0.42440073989530636 0.6130799309603058 0.039268422315458275 0.04187675496539561
0 0.9882541669494715 0.5159402370635061 0.023491666101056945 0.04122675227645153
0 0.5771329757596083 0.4190506969433334 0.049190771601134504 0.05373483259563348
0 0.5526313936533978 0.63665017747031 0.04553996311835659 0.0696787737007191
1 0.771250508630889 0.3769310693972839 0.05546231240403283 0.08153685133095681
1 0.7293845350033281 0.41121741738888185 0.07428565495777693 0.06429290484798303
1 0.2624119784469445 0.9600081475427841 0.06839364758144831 0.07814139214096245
3 0.7383687120558581 0.9148593263139236 0.051368988291110265 0.06415957958148194
3 0.39268914376994307 0.6896869884671054 0.034081219733743257 0.04670554479977922
0 0.26953470816883635 0.33885968176135745 0.027725976026931835 0.045280294474571846
0 0.4367769348127274 0.16211479582326827 0.03141904601294638 0.039054535432117475