0 0.5674556043027159 0.3913234690199292 0.023859965324817267 0.03241461731740098
1 0.7350351560401265 0.8673169671861198 0.15100722850377507 0.07993781195000338
3 0.3879397592855497 0.47344789135229687 0.05799397306386361 0.04943932107128006
3 0.8945360596030983 0.8499548967306918 0.06325246846559354 0.07049102015162607
0 0.361084609780259 0.35158370621728713 0.027990237700315074 0.031938538619969134
0 0.34735015679275816 0.3890079647227119 0.028026631991483933 0.0326329830644135
0 0.39866921001154715 0.4008617262183868 0.028572546359015565 0.04304964973108017
0 0.043167766220586296 0.497749459772011 0.0457123388108764 0.05295089049690868
0 0.005386909644424465 0.6354589667823107 0.01077381928884893 0.043486381225105536
0 0.08926966480897236 0.7148676224938914 0.038000661339649966 0.05116166440516313
0 0.07470404894906492 0.7945802035280897 0.0454546258604573 0.06124782953907331
0 0.17922875270294408 0.7558605151017771 0.0421279808029102 0.06384363586100726
0 0.2699914679148666 0.7947336800851607 0.03774294838923085 0.05945860344732776
0 0.2509060199019516 0.6039011292031383 0.03730621689520556 0.051125270113994425
0 0.29789806472821057 0.5529607834572254 0.02608887582282572 0.035301577968685174
0 0.34622983315892203 0.6086009392440691 0.03412810191457112 0.043340804060430414
0 0.4019250600546774 0.5765955178662378 0.0339461304587273 0.03986858183820819
0 0.4732069365309867 0.6171821674467917 0.037306216895205406 0.051125270113994425
0 0.5309028900967079 0.7055733479082682 0.03620848233566676 0.05660803708721258
0 0.8634178315509021 0.6244335650053783 0.054446009347066136 0.061026510879822936
0 0.7970236423958429 0.7020146067661238 0.047610747776128115 0.06274590130146847
0 0.830841913163321 0.7438721036253475 0.03803705563081886 0.05185610884960789
0 0.7122591200579765 0.680833054426608 0.03924397306386362 0.04845667520972307
0 0.670212786574117 0.7827619518585532 0.05378795919379071 0.061684561033098675
0 0.59904799236371 0.9381571656882454 0.05985598773794673 0.058539887431395404