1 0.5959838569781668 0.18263888888888888 0.06157242524735472 0.06180555555555556
3 0.4500423749949309 0.5159722222222223 0.06773782501606654 0.11319444444444444
0 0.052988393890967954 0.7777777777777778 0.02634068294876951 0.052083333333333336
0 0.47738829287955487 0.21944444444444444 0.028026631991483933 0.03125
0 0.5015059711547912 0.19652777777777777 0.029779463792060628 0.03819444444444445
0 0.4764145057547108 0.2777777777777778 0.0317900085430564 0.03680555555555556
0 0.3767263304697246 0.3645833333333333 0.03054374390660494 0.05277777777777778
0 0.5036552279016698 0.3277777777777778 0.028132861952752504 0.04652777777777778
0 0.5674663817280629 0.14375 0.02839057490317174 0.03819444444444445
0 0.6288194818840879 0.24513888888888888 0.036905879692349056 0.041666666666666664
0 0.6664709648732382 0.26875 0.04278603095618586 0.06111111111111111
0 0.7159220975934689 0.2659722222222222 0.03555338509462887 0.04236111111111111
0 0.4282873727334274 0.48055555555555557 0.03851018141601293 0.059027777777777776
0 0.23226520277545792 0.6166666666666667 0.028314833408596484 0.05
0 0.22409221116798797 0.6798611111111111 0.03343365747012667 0.041666666666666664
0 0.16705925423570075 0.7743055555555556 0.025976740037081728 0.04513888888888889
0 0.36052791798738043 0.6604166666666667 0.03233592291058803 0.04722222222222222
0 0.20681769385608573 0.9034722222222222 0.05045836122400592 0.075
0 0.25982564902982674 0.9520833333333333 0.04198240363823508 0.059027777777777776
0 0.2974653203700266 0.9229166666666667 0.03514714206729697 0.06111111111111111
0 0.35575340067547817 0.8840277777777777 0.03931380873396364 0.06111111111111111
0 0.5516978355709518 0.5638888888888889 0.033066761646201336 0.04791666666666667