3 0.17602262338170557 0.29412480883156267 0.07451610685948194 0.15598381247219525
3 0.45496939629685773 0.8515486432517368 0.08153327417656331 0.16852421406810486
2 0.7859491686094621 0.9225421939531154 0.03374946977120032 0.07172170543814281
2 0.549446625023227 0.9760032217069597 0.029409076242123116 0.04183635336948631
2 0.5091809677242222 0.9783208842965676 0.021047461791653177 0.03692676034328378
0 0.6788224539782278 0.772465893926085 0.06314642553455074 0.1114747254742958
0 0.3313663655049285 0.8536566805478133 0.0588949155164741 0.09686715118341706
0 0.2696815517319037 0.7554011034807049 0.06754338129790093 0.15108229976517482
0 0.20171938285213725 0.8912177459468748 0.07712015777484922 0.12613886199944804
0 0.0718084008103425 0.5252944686449413 0.08859084308955414 0.1880090601084586
0 0.842644848292872 0.2826073667353702 0.0658676410780553 0.1017686638904374
0 0.7881630491781118 0.2287558325167969 0.04619290753692711 0.062072206088557715