3 0.5791666666666667 0.8395833333333333 0.07430555555555556 0.10277777777777777
0 0.46944444444444444 0.4354166666666667 0.022916666666666665 0.03819444444444445
0 0.20416666666666666 0.4708333333333333 0.043055555555555555 0.08819444444444445
0 0.8597222222222223 0.4409722222222222 0.030555555555555555 0.05763888888888889
0 0.8486111111111111 0.5020833333333333 0.03611111111111111 0.05625
0 0.6618055555555555 0.36319444444444443 0.029861111111111113 0.059027777777777776
0 0.6645833333333333 0.4340277777777778 0.03194444444444444 0.06319444444444444
0 0.6208333333333333 0.5194444444444445 0.03611111111111111 0.06319444444444444
0 0.4652777777777778 0.5444444444444444 0.0375 0.04791666666666667
0 0.4048611111111111 0.5965277777777778 0.043055555555555555 0.06180555555555556
0 0.48680555555555555 0.69375 0.049305555555555554 0.07708333333333334
0 0.21944444444444444 0.7215277777777778 0.05625 0.07847222222222222
0 0.7819444444444444 0.6701388888888888 0.05 0.06041666666666667
0 0.7854166666666667 0.9701388888888889 0.07847222222222222 0.059027777777777776