1 0.2855673627144447 0.297788175364037 0.06355294182657427 0.16945841562514224
0 0.05415340645006186 0.15274926235880934 0.036290069486450666 0.07019546128076747
0 0.4460977536295682 0.3455484083666784 0.03651635672046293 0.0799176835029897
0 0.5333507522768527 0.937668341837461 0.07413008096891992 0.11764431690504769
3 0.476445507850772 0.45823255516907013 0.048030971546574125 0.06838136256067284
3 0.41696922002512393 0.6426006841902357 0.06154868346817908 0.08334730451403105
2 0.35901625945552496 0.26704812917154597 0.033786488432808584 0.051969844715032486
2 0.6252390611259264 0.716437855645832 0.04396128512305558 0.07220790720698081
2 0.5229958359483647 0.790573694025752 0.04399361187077173 0.0735967960958697
2 0.4417129285691982 0.7527480016321492 0.041683991303426 0.06370451286346805
2 0.2077122518560806 0.46679355340809253 0.038033971968765456 0.05578218895761356