3 0.34097222222222223 0.4578379845463052 0.10972222222222222 0.17419340031119124
2 0.5395833333333333 0.8478880461489731 0.034722222222222224 0.07957069630100982
0 0.8930555555555556 0.8673861355824701 0.10833333333333334 0.15681612801470615
0 0.8548611111111111 0.6601916792913588 0.0875 0.1267125991229894
0 0.7590277777777777 0.3939456899710351 0.07083333333333333 0.12929644267628235
0 0.6215277777777778 0.32610120287858974 0.06805555555555555 0.109125231416646
0 0.5958333333333333 0.5451501848080037 0.07777777777777778 0.11201613749204001
0 0.4979166666666667 0.5136506594879627 0.06805555555555555 0.13690300919442377
0 0.45902777777777776 0.6849365060117604 0.05138888888888889 0.1117090749699391
0 0.36944444444444446 0.9276455691350326 0.08055555555555556 0.11204845986278732
0 0.2465277777777778 0.1651869451517187 0.059722222222222225 0.09930604208218144
0 0.76875 0.04938811722897451 0.06527777777777778 0.08200957571256524
0 0.11041666666666666 0.09385407465167746 0.07361111111111111 0.1265509872692521
0 0.027083333333333334 0.18996263466299004 0.0375 0.12404746311620174
3 0.6861111111111111 0.9142385966476003 0.08333333333333333 0.15652522667797938