3 0.3659722222222222 0.6729166666666667 0.0875 0.18541666666666667
2 0.2611111111111111 0.5048611111111111 0.025 0.03194444444444444
0 0.7923611111111111 0.6840277777777778 0.06527777777777778 0.11388888888888889
0 0.6493055555555556 0.5888888888888889 0.059722222222222225 0.10625
0 0.8166666666666667 0.32708333333333334 0.05 0.11597222222222223
0 0.6208333333333333 0.8194444444444444 0.06666666666666667 0.11388888888888889
0 0.5256944444444445 0.7479166666666667 0.07083333333333333 0.1284722222222222
0 0.4513888888888889 0.91875 0.07777777777777778 0.10833333333333334
0 0.2972222222222222 0.35833333333333334 0.058333333333333334 0.10833333333333334
0 0.06111111111111111 0.31875 0.07222222222222222 0.09861111111111111
0 0.17777777777777778 0.2604166666666667 0.07777777777777778 0.08611111111111111
0 0.0763888888888889 0.1284722222222222 0.05555555555555555 0.08888888888888889
0 0.15208333333333332 0.13333333333333333 0.07083333333333333 0.10833333333333334
3 0.6277777777777778 0.4 0.11388888888888889 0.1527777777777778
3 0.5069444444444444 0.41875 0.06666666666666667 0.15555555555555556