0 0.4840277777777778 0.6951388888888889 0.0763888888888889 0.175
0 0.8048611111111111 0.3111111111111111 0.11527777777777778 0.1284722222222222
0 0.6708333333333333 0.2861111111111111 0.08611111111111111 0.17291666666666666
0 0.38680555555555557 0.7840277777777778 0.09027777777777778 0.15555555555555556
0 0.30486111111111114 0.6618055555555555 0.10694444444444444 0.17291666666666666
0 0.2361111111111111 0.5916666666666667 0.10555555555555556 0.1361111111111111
0 0.08888888888888889 0.5159722222222223 0.12777777777777777 0.11875
0 0.18680555555555556 0.38125 0.1597222222222222 0.23958333333333334
0 0.09444444444444444 0.058333333333333334 0.1111111111111111 0.09166666666666666
0 0.2708333333333333 0.19236111111111112 0.06388888888888888 0.11875
0 0.34791666666666665 0.30833333333333335 0.07916666666666666 0.1284722222222222
0 0.49166666666666664 0.16041666666666668 0.07777777777777778 0.11875
0 0.6715277777777777 0.5 0.07916666666666666 0.10625
2 0.4222222222222222 0.5381944444444444 0.058333333333333334 0.07916666666666666