3 0.8729853904944851 0.6124201964902968 0.09325728002881925 0.1281967917983773
3 0.7660923345251458 0.6525396261101317 0.10540149306074606 0.1212130001505263
3 0.5506548530423282 0.9204270154267148 0.1219406973616919 0.14909700788957264
0 0.9173193991344046 0.4041478400903503 0.08757234739396406 0.1251278596912493
0 0.9603887848981524 0.9697389751987258 0.07922243020369517 0.060522049602548436
0 0.7976525800893554 0.93846193803625 0.0920967157422824 0.12307612392749989
0 0.7273820906160713 0.16350811296880544 0.0758790394260062 0.11204555103254875
0 0.6552360452149703 0.33984193074878266 0.07865681720378398 0.11219112819722384
0 0.5516781755342395 0.25821226393158964 0.05365681720378398 0.11088093371514782
0 0.42794141384048046 0.055679428110963394 0.0862119733477428 0.06617287049580899
2 0.33224149287461524 0.6187184773097029 0.036309006157217286 0.06563581486499036
2 0.41669166087369436 0.6619382868476764 0.04164006653757768 0.09085418061200289