3 0.34097222222222223 0.4618055555555556 0.10972222222222222 0.17291666666666666
2 0.5395833333333333 0.8541666666666666 0.034722222222222224 0.07916666666666666
0 0.8930555555555556 0.8777777777777778 0.10833333333333334 0.15555555555555556
0 0.8548611111111111 0.6701388888888888 0.0875 0.12569444444444444
0 0.7590277777777777 0.4027777777777778 0.07083333333333333 0.1284722222222222
0 0.6215277777777778 0.3333333333333333 0.06805555555555555 0.10833333333333334
0 0.5958333333333333 0.5520833333333334 0.07777777777777778 0.1111111111111111
0 0.4979166666666667 0.5194444444444445 0.06805555555555555 0.1361111111111111
0 0.45902777777777776 0.6902777777777778 0.05138888888888889 0.1111111111111111
0 0.36944444444444446 0.9319444444444445 0.08055555555555556 0.1111111111111111
0 0.2465277777777778 0.16805555555555557 0.059722222222222225 0.09861111111111111
0 0.76875 0.058333333333333334 0.06527777777777778 0.08125
0 0.11041666666666666 0.09513888888888888 0.07361111111111111 0.12569444444444444
0 0.027083333333333334 0.19027777777777777 0.0375 0.12361111111111112
3 0.6861111111111111 0.9222222222222223 0.08333333333333333 0.15555555555555556