1 0.6369312629096805 0.30526456199792706 0.08982144286960932 0.11126540108769305
2 0.6351477864784737 0.5530934859646283 0.031494717966116546 0.06836543155120786
0 0.07619060655624173 0.9662827462391187 0.07857143698212311 0.06694914612617929
0 0.5378219831263648 0.8148373993138696 0.09042770622884101 0.12862651219880408
0 0.987882550587426 0.8225816172982592 0.024234898825147864 0.12644238591867982
0 0.7267262720599277 0.5651560685072895 0.06482144286960931 0.10980931690094341
0 0.46714288573921864 0.18572422967699373 0.07861332962102112 0.10784047478247093
0 0.5086111228860835 0.058054742001286165 0.06725971316621723 0.1002488818105823
3 0.1650573986583233 0.5818648469210024 0.08538141189504012 0.14288627126841535
3 0.4341711861112933 0.795823523192729 0.0961530155249815 0.13381119757363724
3 0.48688945858307525 0.9305326951681255 0.07939595515067831 0.0905602572372904
3 0.8431394291456443 0.6905885808943262 0.11887789053911761 0.189191267729262
3 0.9196848254780061 0.5511340850651677 0.10316360314269307 0.17580143850402613
3 0.7604409760758977 0.3947950463227138 0.0837257671280895 0.13516648881359603
3 0.5436398104402728 0.26407575957156443 0.07888008549908312 0.11547936367135982
3 0.3972266769045008 0.3157464798987216 0.06628308336160589 0.11197354380020733