1 0.2791666666666667 0.275 0.059722222222222225 0.16458333333333333
0 0.050694444444444445 0.1486111111111111 0.034722222222222224 0.06736111111111111
0 0.4388888888888889 0.30972222222222223 0.034722222222222224 0.07708333333333334
0 0.5125 0.8958333333333334 0.07152777777777777 0.11180555555555556
3 0.4666666666666667 0.4201388888888889 0.04652777777777778 0.06458333333333334
3 0.4027777777777778 0.6097222222222223 0.059722222222222225 0.07847222222222222
2 0.35347222222222224 0.23819444444444443 0.03263888888888889 0.049305555555555554
2 0.6097222222222223 0.6666666666666666 0.04236111111111111 0.06875
2 0.5055555555555555 0.7493055555555556 0.04236111111111111 0.07013888888888889
2 0.425 0.7180555555555556 0.04027777777777778 0.06041666666666667
2 0.19722222222222222 0.45069444444444445 0.03680555555555556 0.05277777777777778