0 0.9653718257302647 0.3838537459794999 0.04020553897022189 0.054854502681270546
0 0.7880394536035162 0.21995821922333955 0.03175907733927248 0.04484127404661709
0 0.27720162306388096 0.3577381330862207 0.03037018845038359 0.044792772977878634
0 0.321855676391558 0.40098108448688985 0.0311696805997572 0.05384480129002564
0 0.11768852319826544 0.4535979001389162 0.043798970082747087 0.06539242201978368
0 0.10559109325273099 0.5976785865678216 0.038816650081333 0.05480600161253209
0 0.4868092574086095 0.5540234349577366 0.02630856948864625 0.05367504754944087
0 0.5204577338567304 0.5281041272741283 0.03811412504420165 0.05408730663371841
0 0.6769834470613356 0.39045644088291975 0.027640894228726943 0.048862437507068215
0 0.7158081777353554 0.33762355360656293 0.03520705778343414 0.04287919338513006
0 0.760438475811598 0.323203365583974 0.03452069393167676 0.04354938729520528
0 0.9079658144494172 0.5409414810077361 0.031210083563191424 0.057317023512247864
0 0.8729345835985907 0.8051037342045275 0.038994423120444016 0.07008377939030987
0 0.5357962641629961 0.991050520100105 0.05180907970860586 0.017898959799789952
1 0.4824139015135811 0.872054739978923 0.14645651202347365 0.17796077781547473
3 0.34095927636327644 0.6100661843856706 0.04849846934012092 0.05167328687147956
3 0.1925668277813366 0.5263800972740554 0.055596445045615735 0.06511023665961678