3 0.4722627604261408 0.5677376511370316 0.09481250882619874 0.12755711202973982
3 0.4806518638707508 0.8413012032001947 0.10337247556159007 0.16462142174389416
0 0.8308670475454313 0.05052858487664583 0.058446478117090486 0.07190260895113118
0 0.9136474820255311 0.09965146016421832 0.05887157333678172 0.09406014263370376
0 0.46945772795605484 0.24302683485187643 0.06465376229439512 0.13099507526855866
0 0.5366345776532597 0.24617178494869318 0.04498268444789283 0.09341325723720723
0 0.6779752080917799 0.26119836449168105 0.07080458869133584 0.12159629574458464
0 0.7425435387407845 0.5056561090006699 0.05408134963279028 0.08622718812586593
0 0.8171176412404914 0.7189761010972565 0.07414923650304482 0.1286701172683283
0 0.7316297433321608 0.833097144015655 0.09982936593224787 0.1720662450138339
0 0.6415783697334119 0.9425511414418912 0.06065738586093706 0.06508754158598624
0 0.9568436662801812 0.925621788258963 0.08631266743963756 0.07074204466459454
1 0.6071973010351795 0.6409206278861055 0.1930266963020434 0.16118728793223244
1 0.8725027919513237 0.8167766907491684 0.15011303017224248 0.11007045326648653
1 0.31034394547531363 0.53972782226025 0.16553223892971672 0.19726414005994003