3 0.8677941327233339 0.6898731699075854 0.1132296743494136 0.15260965295740161
0 0.8235245822340745 0.5474913304417766 0.04292740982759256 0.05489396103867566
0 0.08213095102864236 0.4568040775608378 0.06474670896626551 0.09761871933579143
0 0.1598452365738893 0.5150818950206322 0.06831649206308654 0.13169498340503638
0 0.2795471337371609 0.4685799375883474 0.053231513508703816 0.08006366305881127
0 0.5964620573262044 0.7830139368647259 0.06479519908783955 0.09970205266912475
1 0.5028505601135188 0.42943965006877394 0.15814169537283962 0.11382634343327835
1 0.7867219298357722 0.6960938347710566 0.05987117637564836 0.18638639249601205
1 0.2839793819629637 0.8379516525955909 0.1507446764603704 0.09426068326016548
1 0.06488878984904384 0.7598520447327215 0.10013395204246933 0.24609297835433178
1 0.2308523025995064 0.31501425757422646 0.11284059211391985 0.07624500721424639