0 0.25416666666666665 0.24444444444444444 0.11388888888888889 0.17777777777777778
0 0.7041666666666667 0.3076388888888889 0.041666666666666664 0.07152777777777777
0 0.6604166666666667 0.3034722222222222 0.04027777777777778 0.07430555555555556
2 0.7111111111111111 0.7986111111111112 0.022222222222222223 0.041666666666666664
2 0.03125 0.4583333333333333 0.029166666666666667 0.06666666666666667
0 0.09861111111111111 0.28888888888888886 0.09444444444444444 0.1527777777777778
0 0.2569444444444444 0.46041666666666664 0.08333333333333333 0.13055555555555556
0 0.07916666666666666 0.5965277777777778 0.08333333333333333 0.1111111111111111
0 0.05625 0.7347222222222223 0.0763888888888889 0.14097222222222222
0 0.17430555555555555 0.6208333333333333 0.08194444444444444 0.13055555555555556
0 0.22430555555555556 0.71875 0.07083333333333333 0.1284722222222222
0 0.21180555555555555 0.3458333333333333 0.10138888888888889 0.16805555555555557
0 0.40625 0.3368055555555556 0.059722222222222225 0.08611111111111111
0 0.33194444444444443 0.12986111111111112 0.058333333333333334 0.09166666666666666
0 0.2423611111111111 0.10277777777777777 0.10138888888888889 0.09166666666666666
3 0.45555555555555555 0.6638888888888889 0.08333333333333333 0.20277777777777778
3 0.5298611111111111 0.5319444444444444 0.05694444444444444 0.13055555555555556
3 0.33819444444444446 0.5333333333333333 0.0625 0.14305555555555555
3 0.38958333333333334 0.4583333333333333 0.07083333333333333 0.12083333333333333