0 0.23421284147228605 0.22815670436815488 0.12840076175752937 0.18507610939666164
0 0.6790543241635115 0.26251383851359483 0.047505428016158806 0.07419789910175972
0 0.6356444461838703 0.26115079923710915 0.04634328714084227 0.07688667283540475
2 0.6459210572090153 0.7530410405151533 0.025623442425809786 0.04309073137279016
2 0.00557044362836986 0.45633074234034693 0.01114088725673972 0.06853575159345394
0 0.07502931769957036 0.282569601755465 0.10691558519093235 0.1588300527788034
0 0.21936096119480133 0.44395091850211166 0.09399048997124121 0.13589579820351944
0 0.03833707884504377 0.5914545472622121 0.07667415769008754 0.116451353759075
0 0.02011166284945932 0.7311175584348466 0.04022332569891864 0.14586744464952234
0 0.12362737452210018 0.6096633257946757 0.09260160108235228 0.13580679415938668
0 0.16563450704366928 0.704375846872564 0.08132042896106179 0.13301142847299147
0 0.1835754278657784 0.332260216603092 0.11510714371002556 0.17455285077724483
0 0.3787568033543335 0.31077187264673206 0.06675141064297002 0.08993828500881844
0 0.3213439748099297 0.10858914456338867 0.06581601778122609 0.09540483652024132
0 0.23397143460892833 0.08724657207661642 0.10887157333678164 0.09816396188835595
3 0.40136278031172623 0.6346955624133535 0.09988593832412644 0.20811802042574168
3 0.48643886651197593 0.49798940160780797 0.06760160108235233 0.13420472136499753
3 0.29465882583852304 0.5116608485870136 0.07417752269898412 0.1470607375415284
3 0.35216991109386964 0.43336769895410254 0.08069687192373733 0.12537253958410258