3 0.8520833333333333 0.675 0.10972222222222222 0.15069444444444444
0 0.8111111111111111 0.5333333333333333 0.041666666666666664 0.05416666666666667
0 0.07152777777777777 0.45555555555555555 0.0625 0.09652777777777778
0 0.14791666666666667 0.5125 0.06527777777777778 0.13055555555555556
0 0.26875 0.4638888888888889 0.05138888888888889 0.07916666666666666
0 0.5784722222222223 0.7729166666666667 0.0625 0.09861111111111111
1 0.4930555555555556 0.42083333333333334 0.15555555555555556 0.1111111111111111
1 0.7708333333333334 0.6826388888888889 0.05555555555555555 0.18541666666666667
1 0.26458333333333334 0.8333333333333334 0.1486111111111111 0.09166666666666666
1 0.04722222222222222 0.7590277777777777 0.09444444444444444 0.24444444444444444
1 0.22361111111111112 0.3111111111111111 0.1111111111111111 0.07430555555555556