3 0.7496718895875681 0.5203109435641904 0.07534967475737314 0.10381394232581584
3 0.521780916637418 0.35572758079342615 0.12695384780791413 0.1569003686205535
1 0.5497684254853012 0.27700624479767066 0.09037107356928971 0.12374339745764568
1 0.058694762295043765 0.29381614317326726 0.08952039508453057 0.25192461326743665
1 0.38938276438258806 0.5694092191102489 0.11202704082999825 0.11479719233524008
1 0.2895184510207979 0.4730555908804727 0.11878165358519763 0.2307694145574623
1 0.17871036677130414 0.510074976000504 0.14529317886547075 0.09100971905370349
1 0.9452644862868427 0.6581416594305267 0.10947102742631469 0.15078044234466417
0 0.8485361395583194 0.8612699489267316 0.10732086771671322 0.12918652139361925
0 0.7605651244520503 0.7549361636489355 0.0712097566056021 0.1279254936064174
0 0.7479962641901087 0.1702712635477162 0.06195984553213742 0.08809965492939122
0 0.2489470876004146 0.1334391859605057 0.03749935197875579 0.07269180342750271
2 0.6729669235902364 0.42892424963526676 0.04081663620315194 0.05825397330038492
2 0.37144040399940487 0.7254078927142918 0.05265578940763776 0.0711419818502934