3 0.12937978733408506 0.1532270070133999 0.10569687192373742 0.12473824243325606
3 0.015548158506162126 0.7329961392142853 0.03109631701232425 0.15900772157142928
3 0.048314822375714675 0.8545286433800408 0.09662964475142935 0.14232572508639185
3 0.3545784783747474 0.22641488402276574 0.07967650586266109 0.11121957049414577
3 0.4941054685392313 0.32316551949414113 0.1035709373792233 0.14956846377673763
3 0.405854795537452 0.4631119801952867 0.12060612687370262 0.1378041712883173
3 0.4987550635441279 0.6392815871241175 0.09540766505606939 0.15131223979703412
3 0.7170375963362852 0.6954479103354091 0.1035709373792233 0.1495684637767375
3 0.7093140780826076 0.8155019098960387 0.06539080795002027 0.10579253052797337
3 0.7367236768671164 0.9036704210917189 0.08387145872526705 0.12869386737626895
0 0.09373820643807892 0.7000813754798323 0.08509028660397655 0.1266671269284419
0 0.8025516028217782 0.1396400499890647 0.05765274545807226 0.09578734387822053
0 0.8806705341235458 0.4375355097949447 0.06377528565907369 0.06904356785792393
0 0.30039818436192667 0.38988992970075204 0.054704906670114975 0.09359082477387486
0 0.7901092067172878 0.4107716775682996 0.06519246074390171 0.08640467896903503
0 0.6408745385688522 0.4244660052063439 0.06519246074390171 0.0864046789690352
0 0.5360987444916172 0.5124835814123035 0.07293052323585003 0.09640986561878782
0 0.8109150561352837 0.6646294465586714 0.061054080273174174 0.10353941853812153
0 0.3925056366017008 0.8131839028991639 0.0753680643817543 0.12627097672989926
0 0.49100337370602554 0.8105546969171178 0.0783159031697115 0.1284674958342445
0 0.6593286223208781 0.9275880666851362 0.08191581441396147 0.08777823803955301
0 0.05569767420433935 0.1147012454923232 0.10510160108235228 0.1344038717699721
2 0.3825841502812434 0.5616511686025207 0.03302138289739926 0.04841067281785077
2 0.2159028247647915 0.4244789099456135 0.040532697375774994 0.055638081689825945