3 0.10972222222222222 0.8604166666666667 0.06666666666666667 0.12083333333333333
3 0.24097222222222223 0.8076388888888889 0.06805555555555555 0.08402777777777778
3 0.27847222222222223 0.8923611111111112 0.08194444444444444 0.12569444444444444
1 0.7847222222222222 0.41458333333333336 0.11388888888888889 0.11875
1 0.3972222222222222 0.8159722222222222 0.17777777777777778 0.12083333333333333
1 0.7090277777777778 0.8875 0.14583333333333334 0.225
0 0.7840277777777778 0.2826388888888889 0.04027777777777778 0.08125
0 0.6576388888888889 0.48125 0.04027777777777778 0.08402777777777778
0 0.3763888888888889 0.24444444444444444 0.03333333333333333 0.05416666666666667
0 0.4173611111111111 0.3875 0.02638888888888889 0.06388888888888888
2 0.5458333333333333 0.7298611111111111 0.041666666666666664 0.052083333333333336
2 0.4548611111111111 0.5319444444444444 0.05416666666666667 0.06180555555555556
2 0.9361111111111111 0.2986111111111111 0.044444444444444446 0.034722222222222224