2 0.40430957136050394 0.5857098268266598 0.034863461951978536 0.039334219559800154
2 0.15860766761632256 0.2261816383168227 0.05474597187500597 0.05943342843221476
2 0.2991884722557177 0.26232800419956037 0.05926981045432511 0.0776102366596167
0 0.7717404698544528 0.3112366712780814 0.06591058001590808 0.10833554595575719
2 0.5739477356216589 0.03353828297068289 0.028195295854255974 0.0557341303484048
2 0.5339181916332191 0.17062823650882916 0.040135890026777254 0.03466711272364312
2 0.7849430594754208 0.15559954306715365 0.03799841164240863 0.057462526718463476
2 0.5330401166123203 0.34671068950318185 0.03214603033802648 0.07597002137477078
2 0.7257085116341068 0.6559015831542732 0.03512604203063082 0.07953924573447008
2 0.6053928413027985 0.8243253219702152 0.042778629187589304 0.05624339157015944
2 0.7158238542587793 0.7251365938416585 0.03378444905874194 0.06840388408898958