0 0.94692421334606 0.0772404177553942 0.06360704119810047 0.09622983044690249
0 0.8582279894617314 0.9310450144358157 0.07348279468137282 0.1095939769114826
0 0.6318391005728426 0.9349966471903981 0.06514946134803981 0.10944851803708072
0 0.5713330608599945 0.8686779913458335 0.04510753957139318 0.11743032575727612
0 0.5122729607114692 0.8669305472617351 0.07819894165074635 0.15688892857090575
0 0.5386437423084809 0.6261436634235511 0.06019138312468628 0.10103033369367943
0 0.6107685108918348 0.5568153427169796 0.07067269453284773 0.10676771284223731
0 0.6137392498408456 0.4539648355020009 0.05794643793761559 0.08710508008619008
0 0.7503841665959156 0.557156684348527 0.05721159052973677 0.08362073629110114
0 0.7846619562203603 0.5183561612607417 0.05399794727349432 0.10578235064898915
0 0.729873083916805 0.46582942172213126 0.05399794727349432 0.10578235064898915
0 0.8300665316146639 0.4210162381008871 0.04487320238347429 0.09729143686838723
3 0.7504678916825397 0.9225071915635057 0.08552268742484759 0.12993893253910724
3 0.5644736107220985 0.39856334560267825 0.08065349572104973 0.129159637084595
3 0.16752145374492397 0.8465539585147879 0.061071681200928575 0.11701467748876869
2 0.10146647948932956 0.601823688312335 0.04066564622674728 0.03403638455960889
2 0.2358189405544596 0.8064650339120841 0.031266647711999614 0.06164446031725106
2 0.15611895477045987 0.762013559885568 0.01705453511563617 0.033624251082137055
2 0.4186760054458938 0.8220270602481109 0.017086857486383642 0.03640202885991484
2 0.339918043319876 0.4406851796559716 0.021851001485252337 0.028153546536649147
0 0.7257030115637573 0.04776174459370892 0.057348960605413724 0.0954262918466567