3 0.07967581013869761 0.8648875046216506 0.07088625964691951 0.12354979183762743
3 0.21276885075076207 0.8174577545242017 0.07098987021423714 0.08680082916757784
3 0.24731028555771123 0.9037079846550894 0.0863337911652822 0.12903342468930595
1 0.7702446532037684 0.4465583136442944 0.11803573026603387 0.12339061661150229
1 0.36872784433833083 0.8321577874769742 0.1819973707580306 0.12807722267811716
1 0.6780355948538517 0.9004597707809028 0.1536905064689765 0.19908045843819447
0 0.7741578102894854 0.31458557275709687 0.04311509029898212 0.08289119367967762
0 0.6408332685709853 0.5080467312871505 0.043212092436459355 0.08566897145745556
0 0.36785270079090615 0.25978111641660456 0.03522487501413644 0.05552489591881372
0 0.40382931293305885 0.4045061620945908 0.028619938050861687 0.06496415371350521
2 0.5203460217112313 0.7521021151150185 0.043485456744361765 0.05378111989851707
2 0.43628520178425084 0.5504786144477006 0.05632496422553162 0.06401267809029447
2 0.9256833813323254 0.3367547159422399 0.045656971162907845 0.03653319455841826