2 0.685349690645432 0.13824012571552527 0.016247580209259302 0.04202226089154324
2 0.7720760769192895 0.8899701873497847 0.04686778926024683 0.04551122711907409
0 0.8353195921167585 0.8594804465525625 0.12637504804083335 0.12162708054672874
0 0.09667141194138813 0.9214977735558642 0.045478900371358065 0.04547890037135795
0 0.1584919696079004 0.9796365657714508 0.044090011482469216 0.040726868457098435
0 0.2680601063004007 0.6030901075641361 0.06855778140805566 0.08280168389037057
0 0.22575958426456724 0.8084672853758027 0.06272744849691365 0.07086682134395074
0 0.3602560998842277 0.7914479276415126 0.05715689083040129 0.1297329653831481
0 0.40292257320428937 0.8688712724573151 0.041425377321697474 0.05024303123932125
0 0.4607704246904313 0.9209396036796917 0.046222415568827085 0.07742334481580239
3 0.2552148691348758 0.9161552450177163 0.03985869132037041 0.042571815602716216
3 0.3123705987023758 0.8486983149263583 0.0401011419282408 0.05298848226938288
3 0.32628891118172754 0.992751935240957 0.03523945018567897 0.014496129518086162
3 0.3134229598974994 0.713927602582562 0.05878706906425937 0.08049206332302485
3 0.22291889488570932 0.7215485862032409 0.06422948100280873 0.075760259202778
3 0.37776790704311686 0.516706541623241 0.05594463779104946 0.07764963204981477
3 0.47295412479067855 0.5765921394783954 0.05184262461981493 0.08033042958444443
3 0.5714261524830244 0.25648731923157453 0.11403784304231503 0.18797047973623468
3 0.8222504845497838 0.226889467153797 0.05878706906425937 0.08049206332302469
0 0.5426889293331167 0.5955857513491671 0.07382355749706795 0.13012088635574076
0 0.6673979886036724 0.6109951586436118 0.08759930276895066 0.1255830427217903
0 0.8641411159246603 0.33764614530293285 0.08963356534925929 0.09370325177277784
0 0.9160010651812344 0.19919424813966127 0.145932636102284 0.12694076612586433