3 0.4700287245667184 0.2449259592879689 0.08371450696502242 0.138050547672368
0 0.49347324997256264 0.14529130166933135 0.059881727987559294 0.09713215367704374
0 0.4689596673110633 0.02899291658258423 0.07319177648898448 0.05798583316516846
0 0.1971891999834866 0.6535572225667522 0.1356088936876309 0.16625469326114625
2 0.506229798419113 0.5059046288339266 0.02799944564412979 0.04118540612772234
2 0.26264802432949963 0.5284247810015988 0.03502841309504758 0.06098586674869782
2 0.2236849727843067 0.5592556103933384 0.03385001161978186 0.06367464048234284
2 0.6497030483916757 0.673624949624706 0.033555001199685505 0.041541422304253374
2 0.6511420988262908 0.8096739708051334 0.023622291563840117 0.03814061621754629
2 0.5974171276872089 0.8255561244821771 0.03589108344987848 0.054130426348386135
2 0.5546876636022573 0.8331318589393364 0.035753938589999576 0.034080541503630005
0 0.6086902048713365 0.5947066426807743 0.07377061687644818 0.09802219411837111
0 0.7592785855064095 0.6320494160042636 0.09840226390260765 0.09476315580164901
0 0.9147065364496955 0.6967249468848669 0.06286999317896023 0.10008793954308683
3 0.7961272226677614 0.5744022654115889 0.11610064693705151 0.12768664473155347
3 0.8838687911318923 0.5929670601205833 0.09416225468219687 0.11176825073622926
3 0.37200025337276166 0.6174762190722273 0.09695121291270349 0.1485738062917848
3 0.4704933001192126 0.7403950147409856 0.08174677768866997 0.1303226547393466
3 0.15572810011508423 0.9271145054509653 0.09277336579330786 0.11167924669209665