0 0.3159722222222222 0.68125 0.04583333333333333 0.049305555555555554
3 0.41875 0.41388888888888886 0.03194444444444444 0.05694444444444444
3 0.49444444444444446 0.3854166666666667 0.041666666666666664 0.06944444444444445
3 0.5076388888888889 0.2972222222222222 0.05138888888888889 0.08125
3 0.6368055555555555 0.3076388888888889 0.05694444444444444 0.10138888888888889
3 0.7534722222222222 0.13333333333333333 0.07916666666666666 0.12361111111111112
3 0.5868055555555556 0.049305555555555554 0.059722222222222225 0.09861111111111111
0 0.7902777777777777 0.4777777777777778 0.08888888888888889 0.10625
0 0.027083333333333334 0.4222222222222222 0.05138888888888889 0.11388888888888889
0 0.025694444444444443 0.5680555555555555 0.05138888888888889 0.06944444444444445
0 0.25069444444444444 0.5631944444444444 0.08472222222222223 0.09375
0 0.3763888888888889 0.6284722222222222 0.05 0.06666666666666667
0 0.5305555555555556 0.6444444444444445 0.06666666666666667 0.08402777777777778
0 0.4777777777777778 0.7875 0.05277777777777778 0.05416666666666667
0 0.4965277777777778 0.9319444444444445 0.034722222222222224 0.041666666666666664
0 0.46111111111111114 0.9715277777777778 0.022222222222222223 0.03194444444444444
0 0.5395833333333333 0.9430555555555555 0.02638888888888889 0.034722222222222224
0 0.6333333333333333 0.9076388888888889 0.041666666666666664 0.052083333333333336
0 0.6826388888888889 0.9305555555555556 0.029166666666666667 0.034722222222222224
0 0.7638888888888888 0.8416666666666667 0.03888888888888889 0.05416666666666667
0 0.7388888888888889 0.6888888888888889 0.06111111111111111 0.06388888888888888
0 0.6583333333333333 0.6368055555555555 0.06666666666666667 0.07916666666666666
0 0.93125 0.6888888888888889 0.043055555555555555 0.044444444444444446
2 0.6006944444444444 0.7159722222222222 0.02638888888888889 0.025
2 0.8930555555555556 0.5458333333333333 0.030555555555555555 0.029861111111111113