0 0.7090277777777778 0.15416666666666667 0.059722222222222225 0.08611111111111111
3 0.9291666666666667 0.030555555555555555 0.1111111111111111 0.06111111111111111
3 0.6215277777777778 0.18263888888888888 0.0875 0.13333333333333333
3 0.44305555555555554 0.07777777777777778 0.04722222222222222 0.08611111111111111
0 0.33611111111111114 0.19375 0.022222222222222223 0.10625
0 0.3770833333333333 0.23819444444444443 0.04861111111111111 0.08611111111111111
0 0.5625 0.0875 0.058333333333333334 0.09652777777777778
0 0.9409722222222222 0.2638888888888889 0.11805555555555555 0.16319444444444445
3 0.6229166666666667 0.8284722222222223 0.02638888888888889 0.06666666666666667
0 0.5125 0.4305555555555556 0.06666666666666667 0.12569444444444444
0 0.6486111111111111 0.47291666666666665 0.075 0.11597222222222223
0 0.5618055555555556 0.7027777777777777 0.0625 0.13055555555555556
0 0.6611111111111111 0.9729166666666667 0.06666666666666667 0.05416666666666667
0 0.5902777777777778 0.9479166666666666 0.06944444444444445 0.10347222222222222
3 0.7722222222222223 0.38125 0.06944444444444445 0.0763888888888889
3 0.8666666666666667 0.8951388888888889 0.1638888888888889 0.20972222222222223
3 0.3402777777777778 0.9638888888888889 0.08333333333333333 0.07152777777777777