2 0.7316869406218113 0.20420797377038039 0.02761250870250996 0.03160928140969885
2 0.8924766428733749 0.1729487793710304 0.03498224526131695 0.036955995381528814
2 0.9235887616710705 0.2591182922398939 0.032204467483539174 0.036761754237241304
2 0.5027919455016883 0.44590795321135024 0.020668064258065832 0.03112367854898
2 0.4733469972139515 0.40379440249835613 0.02344584203584361 0.031317919693267665
2 0.497073010283211 0.5822764661922588 0.021813929081604833 0.028443021343346055
2 0.4755282335316885 0.6155320383606442 0.02127562442144024 0.03806812299342444
3 0.557532804188355 0.5538918466066652 0.06586707935917673 0.09019017514114927
3 0.3513690586653097 0.5199945021753344 0.0615181446434978 0.0878154800913846
0 0.30928622917526866 0.5671097623537324 0.05905264643427965 0.1069685628193977
0 0.3533582678389313 0.6392593059149294 0.07264625472835368 0.12034264796869157
0 0.5961081539004537 0.4600885273528357 0.1063526236465841 0.14271531001688706
0 0.7784980384535817 0.6868325857559964 0.10233422708144026 0.08100687503347533
0 0.6512853234048164 0.7681987421991705 0.0732975719343208 0.09623133355742336