2 0.685349690645432 0.11020974351120581 0.016247580209259302 0.04193334126973664
2 0.7720760769192895 0.8576970631367387 0.04686778926024683 0.045244468253654684
0 0.8353195921167585 0.8246616771342807 0.12637504804083335 0.12090763997029354
0 0.09667141194138813 0.916689332612641 0.045478900371358065 0.04522022510792093
0 0.1584919696079004 0.9746140472595384 0.044090011482469216 0.04519598196218719
0 0.2680601063004007 0.5916064191938498 0.06855778140805566 0.08241367099521457
0 0.22575958426456724 0.7985109841286578 0.06272744849691365 0.07051114285672434
0 0.3602560998842277 0.7760326316764733 0.05715689083040129 0.129417704905834
0 0.40292257320428937 0.8516457399018859 0.041425377321697474 0.0500086067818308
0 0.4607704246904313 0.9013098506526508 0.046222415568827085 0.07716466955236506
3 0.2552148691348758 0.9048978362212288 0.03985869132037041 0.04234547474720848
3 0.3123705987023758 0.8351781103918834 0.0401011419282408 0.05276214141387514
3 0.32628891118172754 0.9827917377368797 0.03523945018567897 0.022828300865563103
3 0.3134229598974994 0.7004922528882616 0.05878706906425937 0.08016063564174579
3 0.22291889488570932 0.7117902795831701 0.06422948100280873 0.0753964971135692
3 0.37776790704311686 0.5008386865106041 0.05594463779104946 0.07733437157250067
3 0.47295412479067855 0.5567926767710053 0.05184262461981493 0.08003941991307752
3 0.5714261524830244 0.23298252850322995 0.11403784304231503 0.18733187517962382
3 0.8222504845497838 0.19320209560450893 0.05878706906425937 0.0801606356417457
0 0.5426889293331167 0.5729295090225678 0.07382355749706795 0.12970862265463773
0 0.6673979886036724 0.5832476259065407 0.08759930276895066 0.12508994300086285
0 0.8641411159246603 0.30214853716325485 0.08963356534925929 0.09319398484788574
0 0.9160010651812344 0.16171669372924424 0.145932636102284 0.12610815512167556