2 0.5731178755230049 0.8569172490730241 0.027963625118961014 0.032590979398765464
2 0.5397562610725349 0.8528319799070984 0.030741402896738792 0.032655632894197754
2 0.93234580925954 0.40544057573743747 0.048869681324931157 0.04557588061450622
2 0.8980796620658967 0.36526035883425845 0.03635352068656756 0.042507162107283926
2 0.7549554237972951 0.3567844582934562 0.03913129846434534 0.04257181560271606
2 0.6222523553601486 0.46822115940753034 0.02799190623609762 0.03745209050987657
2 0.6558608825508634 0.6341281475028698 0.023784837973521652 0.030410665822284008
2 0.8369421218584387 0.8396640558958635 0.07829491820541819 0.090699186760988
2 0.964817578560105 0.5664702893478079 0.07036484287979003 0.06351887318450622
3 0.30285281567640193 0.6027558080894134 0.03225957689253786 0.05491018186413581
0 0.11769783337275158 0.41328910216179005 0.027963625118961093 0.032590979398765464
0 0.18948868452913797 0.5762237713616047 0.04192523688048687 0.04541424687592597
0 0.2863553727073574 0.5128497879103702 0.02524240957545645 0.04224854812555571
0 0.19811602350221513 0.387803039683148 0.036656532655888203 0.09459049544061726
0 0.1597074505994508 0.3518864696897838 0.012673726862410462 0.03015205184055555
0 0.1793776809757905 0.27086217629234555 0.03083028640773959 0.047933410671975374
0 0.09994840393571265 0.22756591202327153 0.027951504640188238 0.030507646065432128
0 0.026135284845054483 0.19455700743 0.02520200797954706 0.03530410368111111
0 0.04615296894621513 0.17325493625478391 0.029324232890713377 0.02776219503537042
0 0.018758543324379328 0.12041308561302466 0.022395949084632695 0.03037833907456794
0 0.07721261844024345 0.02157568726790121 0.0433141257693758 0.04315137453580242
0 0.14606362243001697 0.03618902482314802 0.03078584465223923 0.04029452178308644
0 0.10799846309248266 0.059300232607561634 0.048954524676341135 0.06015921394783956
0 0.09817165972609342 0.1609315721043209 0.06981613912681103 0.0655052262746914
0 0.14660096365561218 0.12855013593425915 0.036385841963295106 0.04806271766283956
0 0.16567417642288745 0.18366928039564803 0.037758570213820244 0.045317266632777846
0 0.18618429698894548 0.1276288236243517 0.0489989664318415 0.06779810283672845
0 0.21867416297816702 0.22063530842688253 0.043471691993422545 0.07252990695697537
0 0.2687994079254862 0.2409993232868825 0.03228785800967447 0.059771292975246915
0 0.5068569499490361 0.3313047827607712 0.046322192643837135 0.08509456045240743
0 0.5954257402198457 0.03909739243586396 0.0629888593105038 0.07819478487172792
0 0.7418605943270319 0.02520315628274662 0.08649896643184149 0.05040631256549324
0 0.3545280928910502 0.5314046661611725 0.017026240870260445 0.06219347652814804
0 0.46012358703731765 0.4164316699608947 0.046322192643837135 0.08509456045240743
0 0.5231043660286397 0.4976158552025613 0.06598076554660158 0.12235269047598775
0 0.7235537497536291 0.8089653525013883 0.09945954462520869 0.14812853242117272
1 0.769263563273247 0.18976219740191297 0.061999946221118304 0.154200154677284
3 0.21966042492355414 0.5095403606896295 0.02524240957545645 0.04224854812555555
3 0.22067218995489313 0.08654287715367265 0.051821185965119636 0.07550164522104943
3 0.3225988830745746 0.29600474349981454 0.04478785800967447 0.06006223370469144
3 0.34633881628739843 0.19821680319256144 0.05753430774472182 0.10271428554524699
3 0.5042317722253191 0.11883710950848723 0.043370688003648974 0.05516879584586426
3 0.47635749362255625 0.22227758561444408 0.06731309220121726 0.11266279500148152
3 0.6938231858778343 0.11581339733413522 0.08950703330630302 0.10831891185382723
3 0.596751375570872 0.3826919297553082 0.050533301066004316 0.09283042958444443
3 0.7129660073685506 0.4216593129876846 0.08817470665168704 0.1180088073283334
3 0.8451407409096786 0.4581716052879931 0.13577266371586694 0.18369125008401252
3 0.4724597925148789 0.8655109382824377 0.0800272206595371 0.14975929128648127
3 0.5646265129604274 0.7105672684076847 0.07707975617893983 0.12052797112438264
3 0.6922112890882349 0.9131810899210797 0.12443530366766298 0.1445437472133954