2 0.9430555555555555 0.3076388888888889 0.058333333333333334 0.041666666666666664
2 0.6819444444444445 0.2861111111111111 0.025 0.03958333333333333
2 0.7833333333333333 0.40347222222222223 0.041666666666666664 0.06666666666666667
2 0.8319444444444445 0.8333333333333334 0.06666666666666667 0.09166666666666666
3 0.2152777777777778 0.23472222222222222 0.10555555555555556 0.16319444444444445
3 0.21875 0.06319444444444444 0.09027777777777778 0.12083333333333333
3 0.0798611111111111 0.3194444444444444 0.0875 0.09652777777777778
3 0.7298611111111111 0.09375 0.059722222222222225 0.09861111111111111
3 0.5444444444444444 0.24166666666666667 0.044444444444444446 0.08402777777777778
3 0.35 0.41388888888888886 0.08888888888888889 0.15069444444444444
3 0.49444444444444446 0.5861111111111111 0.04722222222222222 0.08125
3 0.5875 0.9680555555555556 0.06111111111111111 0.06388888888888888
0 0.11666666666666667 0.17777777777777778 0.08333333333333333 0.10347222222222222
0 0.2638888888888889 0.3298611111111111 0.07222222222222222 0.10625
0 0.6069444444444444 0.03958333333333333 0.06666666666666667 0.07430555555555556
0 0.4326388888888889 0.3729166666666667 0.04027777777777778 0.049305555555555554
0 0.7055555555555556 0.45555555555555555 0.08611111111111111 0.10625
0 0.8493055555555555 0.5638888888888889 0.09305555555555556 0.09652777777777778
0 0.7493055555555556 0.5618055555555556 0.09583333333333334 0.10625
0 0.5979166666666667 0.4826388888888889 0.07916666666666666 0.12083333333333333
0 0.010416666666666666 0.5527777777777778 0.020833333333333332 0.09375
0 0.24375 0.7270833333333333 0.09027777777777778 0.12083333333333333
0 0.34097222222222223 0.9680555555555556 0.07916666666666666 0.06388888888888888