0 0.41049284348778803 0.21337733052017602 0.04096083687125637 0.07736665373878443
0 0.9192127021369578 0.9560041261435941 0.0959075954408762 0.08799174771281174
0 0.44369126146209764 0.629094403921372 0.06803087014004505 0.12385183030538151
0 0.5198459786773927 0.2589693716016662 0.05204151842612122 0.10732693845295481
0 0.643089814538959 0.08293434669080474 0.05562407352236234 0.06541932336898873
0 0.8847431811410811 0.14693580730587794 0.06676944361687699 0.09676849697204809
0 0.26774743056593614 0.25291863569990136 0.05391365664880388 0.08810924202208288
0 0.263510331218884 0.16194641347767916 0.04512750353792304 0.07770677575914316
0 0.19829925962484027 0.440263004316478 0.06421807572787294 0.10140286006958661
3 0.8426906067416123 0.922474620366899 0.07449015053711731 0.11400203367264604
3 0.8298100314275233 0.7796033262252497 0.06928846723605615 0.09143968943006497
3 0.2167335787114122 0.8063486005454864 0.06282727212540548 0.07154174895847581