1 0.5701132475731916 0.29817212731947246 0.09094278137683413 0.12448011375648207
0 0.44799790926290056 0.19608435855454678 0.09687787035895938 0.16634102156743624
0 0.3212949294586966 0.09926078362874542 0.08260944804350095 0.1238973903236195
0 0.15689562212072936 0.3893544852700815 0.07091949654492614 0.11548153685758046
0 0.10982008500599545 0.42096884918370325 0.07406562729654445 0.12053688911297923
0 0.02882857464077392 0.21517081573395352 0.05765714928154784 0.11825931463535831
0 0.16557330731732553 0.5512279605189045 0.08721781023775231 0.11178587261219455
0 0.06964639602696665 0.749713073715161 0.1392927920539333 0.18185175930389302
1 0.6488946400953701 0.6681018510884704 0.10307442840299375 0.12049308779466483
1 0.44450086582754095 0.4080695548149518 0.11038722582127873 0.12583980176649479
1 0.6317737582263785 0.1754252598859747 0.0975188728474382 0.12010460550608981