0 0.046565892793569603 0.32569444444444445 0.05801969017677726 0.10347222222222222
0 0.07798776818014076 0.1875 0.05770817602231271 0.09861111111111111
3 0.4778332263976068 0.8027777777777778 0.10947893070013572 0.14791666666666667
0 0.5655671917148617 0.6763888888888889 0.07583408321233788 0.14305555555555555
0 0.5094237836676118 0.6888888888888889 0.07674277606332838 0.11388888888888889
0 0.508971566244208 0.5951388888888889 0.0705196901767773 0.10347222222222222
0 0.48657240043476613 0.5381944444444444 0.07097403660227239 0.08888888888888889
0 0.48098273356302157 0.4618055555555556 0.05476171636110097 0.07430555555555556
0 0.522248882031091 0.45555555555555555 0.05371951744391149 0.10138888888888889
0 0.5113261697141226 0.38263888888888886 0.05583909109552536 0.06944444444444445
0 0.45940219205939165 0.4284722222222222 0.05551825073622925 0.08611111111111111
0 0.4674074878306887 0.35833333333333334 0.048538630474550044 0.06388888888888888
0 0.561986502842378 0.30625 0.053995855781141223 0.08402777777777778
0 0.6073489663426446 0.25555555555555554 0.05319481938394672 0.07152777777777777
0 0.5669470087034991 0.23194444444444445 0.03948393858332319 0.07430555555555556
0 0.7259603920757968 0.058333333333333334 0.0425380546983307 0.05694444444444444
1 0.8896587531684516 0.23958333333333334 0.11819625882449461 0.08888888888888889
0 0.4548195482876018 0.30277777777777776 0.04146067996390646 0.06180555555555556
0 0.46754312289897937 0.2520833333333333 0.04204853245560085 0.049305555555555554