1 0.648560519038246 0.759237115929011 0.061075725086391544 0.10637088222855956
0 0.3245897325226369 0.24374622117530798 0.04149216162217068 0.06729122580378591
0 0.2437972019946635 0.2938252357736209 0.054416608263466615 0.0788015007645266
0 0.5103530460843066 0.3540826136354311 0.04905912780718261 0.08317656374493818
0 0.5524724558350225 0.34661686350456683 0.05192179491321948 0.08550292114362132
0 0.5012604351846183 0.44040212106028714 0.05798668643833006 0.09848896927432078
0 0.5786856890249772 0.47296199535086303 0.05432935574121858 0.1106244331762961
0 0.5453311488308573 0.5731880204424681 0.04826446421610784 0.09763838504559665
3 0.5964347100982267 0.5504791202854309 0.05838519983086188 0.07430492575144017
0 0.5319197856203436 0.7141863709294227 0.08471276944626709 0.14303729697358025
0 0.49302265649505017 0.7965044807628797 0.09534047783658714 0.16611010342452662
0 0.4238246397989788 0.8698993258774887 0.09672936672547618 0.16623161545720172
0 0.40455942678700796 0.9790602641953906 0.10172371981394801 0.04187947160921889