1 0.6643678861305901 0.6476090434150351 0.09284643319894884 0.10512401933229319
1 0.5850457420963694 0.9028049854512052 0.1625736983874336 0.13225921916315492
1 0.40146999098243014 0.9311085796713472 0.10675956386589829 0.1077732815206875
0 0.16561132435111542 0.6804258893117343 0.14173325751466515 0.25010373299505695
0 0.2346779270457808 0.47145943080744024 0.08788884150222126 0.15628653667915762
0 0.18584250544594103 0.25410892312672245 0.07910299497842356 0.1170580904772319
0 0.5484237978994355 0.17269980978571003 0.0522535123063834 0.0763994923192822
0 0.6922455501803656 0.27998029769476435 0.04275754667939332 0.09544778656518381
0 0.9502950897164067 0.4131474281051188 0.09055349098238265 0.14667750022794762
0 0.40635680345147956 0.749745393900335 0.10273124032816017 0.23879690997866304
0 0.4154031750477605 0.44951902235831054 0.06254945660937304 0.12610119807338074