0 0.7541666666666667 0.1076388888888889 0.075 0.11597222222222223
0 0.7159722222222222 0.1840277777777778 0.07361111111111111 0.12083333333333333
0 0.66875 0.11597222222222223 0.07361111111111111 0.09861111111111111
0 0.6069444444444444 0.11597222222222223 0.06111111111111111 0.10347222222222222
0 0.5201388888888889 0.11597222222222223 0.07361111111111111 0.12361111111111112
3 0.4548611111111111 0.8368055555555556 0.0763888888888889 0.14305555555555555
1 0.8979166666666667 0.26319444444444445 0.1486111111111111 0.09166666666666666
1 0.9402777777777778 0.3951388888888889 0.11666666666666667 0.16805555555555557
1 0.7222222222222222 0.32083333333333336 0.09444444444444444 0.10833333333333334
0 0.027777777777777776 0.4791666666666667 0.05277777777777778 0.18263888888888888
0 0.06666666666666667 0.7298611111111111 0.13055555555555556 0.18541666666666667
0 0.24166666666666667 0.6583333333333333 0.11666666666666667 0.18541666666666667
0 0.5027777777777778 0.9444444444444444 0.12777777777777777 0.1111111111111111