1 0.3141707203271573 0.13902590803823126 0.09321669466617237 0.07689195806564583
0 0.08166492599150128 0.3391738642269251 0.134531742511733 0.1910967159905943
0 0.16578239053297722 0.11134498648151378 0.09804356010710893 0.1359601483826438
0 0.41756861901783215 0.89911393067693 0.1202383857931914 0.18374814615394824
0 0.4461977233016132 0.6979419670395454 0.10574279515982363 0.17292735409507998
0 0.5961510754058572 0.6330597147890509 0.07664397181226185 0.12563173807211916
0 0.6151375549908582 0.5768575586059727 0.0620270408299981 0.11272761267991756
0 0.6351495504393049 0.44271597448823613 0.06146078586848442 0.10300539045769533
0 0.6209781820909034 0.36660997337388834 0.051954495829158356 0.08262402633348545
0 0.5541640745816897 0.2704714584329088 0.051550027999505706 0.075679581889041
0 0.47247665712435094 0.18172192586779545 0.03677130988538092 0.059997678719061615
0 0.4721400326138032 0.12816887856713288 0.04027712975653357 0.07257850379750196