3 0.5513888888888889 0.4444444444444444 0.041666666666666664 0.06388888888888888
3 0.4388888888888889 0.36180555555555555 0.06388888888888888 0.08125
3 0.1486111111111111 0.28055555555555556 0.05277777777777778 0.041666666666666664
3 0.20972222222222223 0.2861111111111111 0.058333333333333334 0.05416666666666667
3 0.1597222222222222 0.41944444444444445 0.08055555555555556 0.06944444444444445
0 0.7256944444444444 0.4826388888888889 0.034722222222222224 0.06180555555555556
0 0.6208333333333333 0.6256944444444444 0.058333333333333334 0.1111111111111111
0 0.5291666666666667 0.26319444444444445 0.03333333333333333 0.05694444444444444
0 0.5270833333333333 0.36666666666666664 0.04861111111111111 0.09652777777777778
0 0.3861111111111111 0.15208333333333332 0.05 0.06666666666666667
0 0.3111111111111111 0.42569444444444443 0.07222222222222222 0.09652777777777778
0 0.2701388888888889 0.5409722222222222 0.07916666666666666 0.10833333333333334
0 0.10277777777777777 0.8986111111111111 0.1361111111111111 0.1875