3 0.5125050384329226 0.44123655772923714 0.0472562201697119 0.06413129846434534
3 0.4072350043770789 0.3592521746940807 0.07099734280037022 0.08162169468236663
3 0.12406568051078243 0.27969096140309413 0.05642313875802461 0.04197371879557821
3 0.184690743491194 0.2848909829146469 0.06307230260765419 0.054506040072305716
3 0.1230255883544041 0.41851520773852796 0.08663115718930028 0.06991310295699359
0 0.6834690130899186 0.47841692211635534 0.040129507676255116 0.0620075635351027
0 0.5660921626132934 0.622082541770143 0.06805429594732494 0.11145048451675024
0 0.5061401364747742 0.26011584283614725 0.038315326673004 0.05713837210480964
0 0.4950041567071612 0.3636001855371423 0.05705619738201635 0.09681058894914353
0 0.37280554353321016 0.14983700460077 0.055832577568394964 0.06695755815721441
0 0.273867673096256 0.4238844529477028 0.08066730849312738 0.09694795437523566
0 0.22280995216201746 0.539400600141346 0.08864460521530838 0.10879391152670052
0 0.050208555199115996 0.8980131674916518 0.10041711039823199 0.18829187127982436