0 0.5259553111373384 0.42950025793310803 0.07372726755428528 0.12197276118281417
0 0.45633122598804454 0.4158002222192931 0.07131861265788694 0.10736518470374724
3 0.9046366984794515 0.32998985244705875 0.10604083488010917 0.10797126334708812
0 0.39064149461906894 0.160797167024816 0.04459964323817537 0.06250860678183096
0 0.29025236525816334 0.3518647846302134 0.06403424621093924 0.10238285786396802
0 0.4005909472237167 0.4717022113971912 0.07409639043566471 0.10741367099521458
0 0.6640580410497272 0.2619796287834518 0.07060956777400425 0.11706316378023587
0 0.7893928805483076 0.33838221644496685 0.060557265020959344 0.07249750360712315
0 0.9697133393134294 0.4771080725042748 0.0605733213731412 0.15222176262566336
0 0.6760613025726668 0.6915255790000256 0.07480543531954709 0.09771569191872595
3 0.7822716131497796 0.9440734072848511 0.09475484203190629 0.11185318543029786
0 0.6634244925776358 0.9455827233025285 0.06749186799372353 0.10883455339494313
0 0.5510216131497796 0.9420612261889593 0.0933659531430174 0.11587754762208154
0 0.45577576221706645 0.9793707958141261 0.09496876611955479 0.041258408371747796
0 0.442882844496899 0.8483698964620168 0.10894461057274153 0.18917277705562077
0 0.33540391336949865 0.9380486251785255 0.06729762684943587 0.1093757885998798
0 0.18343230104774713 0.9270727889602259 0.09424003829231112 0.13758994300086286