3 0.5120989996432542 0.8763888888888889 0.05143839219242857 0.10347222222222222
0 0.9095913434388502 0.04791666666666667 0.07473824243325598 0.09583333333333334
0 0.7594250786307586 0.19722222222222222 0.050448016696071185 0.07916666666666666
0 0.7868538463195446 0.325 0.06504431665378674 0.09652777777777778
3 0.6846089745660974 0.40625 0.053735130443404305 0.09166666666666666
3 0.8136353096734368 0.5902777777777778 0.06393839219242857 0.10347222222222222
3 0.8981028639108815 0.5840277777777778 0.0813124699279219 0.12083333333333333
3 0.7904863325372173 0.8743055555555556 0.08797158675084675 0.14791666666666667
3 0.7075715688027642 0.7652777777777777 0.06356817524264989 0.1284722222222222
0 0.6327260176409116 0.7861111111111111 0.052544316653786734 0.09652777777777778
0 0.5797831875945931 0.7138888888888889 0.04707365042649043 0.09861111111111111
0 0.12975016476386242 0.78125 0.0696071335189964 0.10625