3 0.8041704454913586 0.318787445893152 0.0376470104932922 0.049887391053162845
3 0.8184943855897129 0.4086773333391916 0.047924536349424014 0.07225507214978677
0 0.27988629753835526 0.684338207073037 0.04387088222855955 0.057623252524986256
0 0.27167573584592747 0.7940361861495255 0.06183042421205742 0.10439346176010025
0 0.8302945906789726 0.7017727684043835 0.07318455938851842 0.10736518470374724
0 0.8181839954334992 0.5945096482743659 0.06599709087872409 0.10446619119730119
0 0.5322271346943219 0.423381522009676 0.04375786968275703 0.07218234271258583
0 0.4076184288611944 0.4844942103205464 0.06624011494407397 0.10724396897507897
0 0.24277507248876645 0.5220407590207371 0.047924536349423695 0.07225507214978677
0 0.15808810782226448 0.5706690836955102 0.07831482282971175 0.10260104617557064
0 0.07580525554452788 0.5838928632764835 0.09124011494407386 0.10768034559828456
3 0.73430637716959 0.8240970552003353 0.07179567049962954 0.10734094155801333
3 0.5680467440353101 0.743099670639262 0.05663090526765428 0.09251517676734378
3 0.32929825556518694 0.8803967583000447 0.08177791576094624 0.14218437950890397
3 0.3228902263685611 0.723803839468738 0.045442039166460786 0.05973082900405302
3 0.15335952744716197 0.7752998849221518 0.10405239451263348 0.1273187352085977
3 0.014056126819187999 0.8294524924246752 0.028112253638375998 0.08243791414094832