0 0.5041941273418358 0.5471914221328742 0.03697276245021107 0.07060847009416939
3 0.9584807543073557 0.8430975659441772 0.08019847781266 0.12826500108758693
3 0.8851637504378324 0.832912370946515 0.07855482888558957 0.12335538890773737
3 0.6397435253006232 0.9380225663937286 0.06920245539953053 0.10361993805086185
0 0.053464247950539494 0.6894951522481206 0.03912593145364443 0.08524030449624118
0 0.16551570480756356 0.7377711811229097 0.05978319915560917 0.05615521048494669
0 0.23415356902181955 0.7512588446022092 0.04958194532371749 0.07312831304614949
0 0.8475556017879298 0.49887577211647294 0.05590178099381736 0.08790565065443698
0 0.9257327574242472 0.35049394948937346 0.08513533041834635 0.11665344980698562
0 0.9618552005121503 0.5047752603980459 0.07628959897569922 0.20056879596518135
0 0.7757513593627032 0.9143519499766215 0.0888534539420372 0.16114639532016845
0 0.6108218005911081 0.8226389654262093 0.06185767375222958 0.09573854381828002
0 0.4262569671825116 0.7662853254214608 0.059079895974451804 0.0956415416808031
0 0.3795698070231874 0.9805329792067197 0.04563955022853874 0.03893404158656071
0 0.08764838031833927 0.9703125 0.0767046258604573 0.059375