3 0.8178080838174171 0.40135773740508557 0.035629776490895895 0.052026531718425736
3 0.835825550962412 0.49344949929144327 0.04499812645862373 0.07492899798136535
0 0.30812757357190124 0.7180544094404098 0.04154111901452463 0.060118916634459334
0 0.3044060678284677 0.8278900056694184 0.05759707398167677 0.10778043448009984
0 0.8596439248265109 0.7902605974746721 0.0688375621720872 0.11146520431216768
0 0.8431295088715809 0.6808644114805964 0.06176374064834344 0.1081205565004587
0 0.5499560645181977 0.47987336311909046 0.040831459791957056 0.07458887596100665
0 0.42776235713864313 0.5291509763132505 0.06189311772764275 0.11089833427823648
0 0.2643395880918463 0.5506651267448741 0.04499812645862373 0.07492899798136535
0 0.18158462218820265 0.5913116565734936 0.07416670783886896 0.1070575892282016
0 0.0997847696011806 0.5964848327320533 0.08689311772764276 0.11293906640038895
3 0.7685993552103244 0.904121429390651 0.06744867328319831 0.11135183030538151
3 0.5989019007480173 0.8059219007645914 0.052880554727988104 0.09563475690418576
3 0.36560846760831744 0.9207185839883724 0.076010331218884 0.14664092256153494
3 0.35277938369983913 0.7621302164455273 0.04302704071288793 0.06231562397457916
3 0.18523750703432357 0.7972498207490741 0.09890986839384897 0.13329050289912345
3 0.030215307648241603 0.83571407286433 0.060430615296483206 0.08680532633252622