1 0.22430555555555556 0.7083333333333334 0.05138888888888889 0.09861111111111111
0 0.1423611111111111 0.9284722222222223 0.1125 0.14305555555555555
0 0.7680555555555556 0.17916666666666667 0.10277777777777777 0.1701388888888889
0 0.78125 0.47430555555555554 0.07361111111111111 0.14791666666666667
0 0.6104166666666667 0.3111111111111111 0.059722222222222225 0.12361111111111112
0 0.5916666666666667 0.1875 0.05555555555555555 0.10833333333333334
0 0.21666666666666667 0.052083333333333336 0.05555555555555555 0.10347222222222222
0 0.025694444444444443 0.16944444444444445 0.05138888888888889 0.16527777777777777
3 0.3527777777777778 0.075 0.058333333333333334 0.08125
3 0.8784722222222222 0.16180555555555556 0.0625 0.09652777777777778
3 0.030555555555555555 0.8138888888888889 0.06111111111111111 0.1951388888888889
3 0.3368055555555556 0.4777777777777778 0.05694444444444444 0.10625
3 0.5430555555555555 0.4840277777777778 0.05 0.11388888888888889
3 0.4215277777777778 0.8680555555555556 0.06527777777777778 0.13055555555555556
3 0.35625 0.6743055555555556 0.05416666666666667 0.08888888888888889