0 0.6840710422162961 0.31493559102211766 0.04906484684203715 0.08246876611955464
0 0.5148713709055245 0.1730315289651797 0.04922648058061725 0.08941321056399908
0 0.9619590604538268 0.4790469513256743 0.059643727878734704 0.11995416568011655
0 0.9449927435859561 0.9386117805570501 0.07220838137416699 0.12277643888589991
0 0.6844514149800304 0.6870946525188298 0.1109044710396606 0.1776171729439587
0 0.3930924330481168 0.6235952165270119 0.08966705335987671 0.1587992532506912
0 0.09590195694215997 0.6313321965965404 0.08407800979370378 0.09739678042314874
0 0.010087592874999737 0.6803806738184637 0.020175185749999474 0.11076134763692744
3 0.5537359675802465 0.5951807489902115 0.06006281433614207 0.07838461958559372
3 0.5992927816636414 0.6999202976180603 0.07301538880416684 0.09870314917933204
3 0.7432165143559252 0.911701087726332 0.1131165307324074 0.1535058585326908
3 0.5303632426568512 0.7924807323773817 0.08950425835839503 0.09222970715616852