0 0.7284722222222222 0.6569444444444444 0.043055555555555555 0.06944444444444445
0 0.017361111111111112 0.6652777777777777 0.034722222222222224 0.11597222222222223
0 0.050694444444444445 0.5569444444444445 0.05694444444444444 0.07152777777777777
0 0.28194444444444444 0.5409722222222222 0.044444444444444446 0.06388888888888888
0 0.35 0.6444444444444445 0.05 0.06388888888888888
0 0.7354166666666667 0.7965277777777777 0.059722222222222225 0.10138888888888889
0 0.5131944444444444 0.6701388888888888 0.05138888888888889 0.06180555555555556
0 0.46875 0.6520833333333333 0.05416666666666667 0.07430555555555556
0 0.5770833333333333 0.875 0.06805555555555555 0.12083333333333333
3 0.3375 0.71875 0.05277777777777778 0.06944444444444445
3 0.1763888888888889 0.8145833333333333 0.05277777777777778 0.06944444444444445
3 0.14166666666666666 0.7743055555555556 0.05277777777777778 0.05694444444444444
3 0.1875 0.6916666666666667 0.07222222222222222 0.06944444444444445