1 0.7270833333333333 0.7729166666666667 0.06527777777777778 0.11875
0 0.8069444444444445 0.6951388888888889 0.10833333333333334 0.175
0 0.6444444444444445 0.8034722222222223 0.058333333333333334 0.10138888888888889
0 0.8902777777777777 0.38125 0.04722222222222222 0.08125
0 0.9055555555555556 0.2569444444444444 0.05555555555555555 0.08402777777777778
0 0.5798611111111112 0.5333333333333333 0.043055555555555555 0.06388888888888888
0 0.4097222222222222 0.5222222222222223 0.04722222222222222 0.08125
3 0.45694444444444443 0.41458333333333336 0.04722222222222222 0.049305555555555554
3 0.7041666666666667 0.6604166666666667 0.044444444444444446 0.07152777777777777
3 0.6923611111111111 0.5527777777777778 0.043055555555555555 0.059027777777777776
3 0.7944444444444444 0.45069444444444445 0.05277777777777778 0.07152777777777777