2 0.052083333333333336 0.3194444444444444 0.10416666666666667 0.14097222222222222
2 0.10138888888888889 0.9319444444444445 0.18055555555555555 0.1361111111111111
2 0.12291666666666666 0.7604166666666666 0.1986111111111111 0.28125
3 0.66875 0.8305555555555556 0.2625 0.33819444444444446
2 0.24027777777777778 0.7333333333333333 0.11944444444444445 0.24166666666666667
0 0.21597222222222223 0.9458333333333333 0.14305555555555555 0.10833333333333334
0 0.325 0.9333333333333333 0.14722222222222223 0.13333333333333333
0 0.49583333333333335 0.875 0.18888888888888888 0.24930555555555556
2 0.46041666666666664 0.7965277777777777 0.14305555555555555 0.23472222222222222
2 0.47291666666666665 0.6520833333333333 0.11805555555555555 0.17291666666666666
1 0.32430555555555557 0.7618055555555555 0.19027777777777777 0.3034722222222222
1 0.3506944444444444 0.8076388888888889 0.15138888888888888 0.23680555555555555
3 0.23333333333333334 0.49722222222222223 0.15555555555555556 0.23472222222222222
0 0.38819444444444445 0.41875 0.09861111111111111 0.15555555555555556
3 0.4284722222222222 0.25833333333333336 0.12083333333333333 0.12569444444444444
3 0.3993055555555556 0.1125 0.10138888888888889 0.12569444444444444
2 0.4638888888888889 0.4840277777777778 0.12222222222222222 0.17291666666666666
2 0.5861111111111111 0.6381944444444444 0.14166666666666666 0.2590277777777778
1 0.6277777777777778 0.5472222222222223 0.18611111111111112 0.21458333333333332
1 0.6368055555555555 0.50625 0.09305555555555556 0.21736111111111112
0 0.7402777777777778 0.4173611111111111 0.14722222222222223 0.26180555555555557
1 0.9729166666666667 0.9173611111111111 0.05416666666666667 0.16527777777777777
2 0.8402777777777778 0.71875 0.20277777777777778 0.27152777777777776
2 0.9375 0.6743055555555556 0.125 0.2520833333333333
2 0.8701388888888889 0.49236111111111114 0.1486111111111111 0.21458333333333332
2 0.9645833333333333 0.46041666666666664 0.06805555555555555 0.13055555555555556
1 0.5493055555555556 0.13472222222222222 0.10416666666666667 0.08611111111111111
0 0.5513888888888889 0.23194444444444445 0.10833333333333334 0.15833333333333333
2 0.8291666666666667 0.32222222222222224 0.09444444444444444 0.09166666666666666
2 0.6263888888888889 0.3159722222222222 0.11666666666666667 0.1527777777777778
2 0.7048611111111112 0.2861111111111111 0.0763888888888889 0.10833333333333334
2 0.7791666666666667 0.22708333333333333 0.08888888888888889 0.09375
2 0.7645833333333333 0.18263888888888888 0.07916666666666666 0.09375
0 0.6340277777777777 0.08888888888888889 0.09583333333333334 0.17777777777777778
0 0.6944444444444444 0.1638888888888889 0.09444444444444444 0.12569444444444444
0 0.7354166666666667 0.06666666666666667 0.09861111111111111 0.13333333333333333
0 0.8090277777777778 0.075 0.07916666666666666 0.14583333333333334
0 0.8875 0.034722222222222224 0.08888888888888889 0.06944444444444445
1 0.9194444444444444 0.33611111111111114 0.16111111111111112 0.12361111111111112
1 0.8701388888888889 0.19375 0.12361111111111112 0.20972222222222223
0 0.9805555555555555 0.11458333333333333 0.03888888888888889 0.19027777777777777
2 0.9284722222222223 0.21875 0.06527777777777778 0.09166666666666666
1 0.9576388888888889 0.030555555555555555 0.07083333333333333 0.06111111111111111