0 0.48765406249480964 0.12170944302989592 0.044189519713003104 0.054651502227878505
0 0.16115282308781748 0.3590130761722818 0.061664793125290315 0.07220654756347436
0 0.3932343034658756 0.2394251271659773 0.05691784431535546 0.08950301393309054
0 0.9438145856091438 0.2632022288704587 0.06734972576014495 0.0750489700827471
0 0.8373437140000943 0.6844143770068228 0.057146168917708136 0.1242090749699391
0 0.6635387431310459 0.17934171090597562 0.060955133902722815 0.08677371971143397
0 0.7373533904984932 0.2802548178795913 0.07981929620389899 0.10434492623240364
0 0.6769573739591682 0.9609443378244423 0.07206624501383392 0.07811132435111542
0 0.18436985295928338 0.9626944207511107 0.15633564745850856 0.07461115849777873
3 0.8405953734047844 0.34607448189401485 0.08007613564891913 0.08005553186222174
3 0.8235785609802747 0.5174972119668634 0.07694448561664696 0.10222927052832284
3 0.7329411668072667 0.5838401683994296 0.06292621964845845 0.09928988089680786
3 0.7508196833050693 0.8265406644033889 0.10020172447326338 0.12471007171652483
3 0.28728466667067487 0.8433812118961596 0.06893459498156168 0.10907674786052503
3 0.11452972135313229 0.8378969220949082 0.10191405606040055 0.13167067734634277
3 0.04073805054862826 0.8119918957139792 0.08147610109725652 0.11206462104816113