0 0.19236111111111112 0.5583333333333333 0.3375 0.5923611111111111
0 0.10902777777777778 0.1986111111111111 0.2152777777777778 0.3972222222222222
0 0.28402777777777777 0.15902777777777777 0.2263888888888889 0.2986111111111111
1 0.32013888888888886 0.2652777777777778 0.2013888888888889 0.20972222222222223
2 0.3875 0.49166666666666664 0.1527777777777778 0.26180555555555557
1 0.5319444444444444 0.21388888888888888 0.16111111111111112 0.4270833333333333
0 0.6069444444444444 0.11458333333333333 0.06666666666666667 0.225
2 0.48541666666666666 0.5381944444444444 0.1125 0.3506944444444444
2 0.6708333333333333 0.69375 0.30277777777777776 0.3506944444444444
2 0.8847222222222222 0.09861111111111111 0.21388888888888888 0.19722222222222222
1 0.7277777777777777 0.24791666666666667 0.37222222222222223 0.21944444444444444
1 0.8736111111111111 0.4861111111111111 0.25277777777777777 0.34097222222222223
1 0.9131944444444444 0.7097222222222223 0.1736111111111111 0.24930555555555556
2 0.8840277777777777 0.9013888888888889 0.23194444444444445 0.19722222222222222
1 0.70625 0.8798611111111111 0.18194444444444444 0.24027777777777778