0 0.09277956897474948 0.2650706410722636 0.06292621964845857 0.10371461648345673
0 0.16339979248385353 0.3079968149123872 0.0650266824734936 0.11911390629390936
0 0.20201279772244213 0.325367055314486 0.059566245013833924 0.09097159241810691
2 0.13858055803825797 0.2617551884384365 0.04176752890329835 0.06520789247045258
2 0.18428642900587064 0.23078347005950653 0.05543000790341353 0.06156190168609044
2 0.23080090671910394 0.1824506405694655 0.06838474239453961 0.10211733128082293
2 0.2542959408154602 0.22742489018720213 0.057724536347397444 0.08112785816320983
0 0.056649310727852294 0.565625944706173 0.05737066409290301 0.10322856835275711
2 0.1071668190450495 0.5501404004187657 0.06328200661653163 0.11135350537234545
1 0.14719722801519455 0.6261738825006177 0.1099239466954856 0.13272451356172832
1 0.162712801032712 0.6939779145039511 0.10320591213981495 0.13697806450946487
0 0.35272054223143107 0.35644517616469207 0.04477171656984993 0.07031202764691342
0 0.31281366326934373 0.6192920834848566 0.08421428747291802 0.14499911827423848
1 0.3391246664845442 0.3216706974130048 0.08007422093534033 0.0561102293853496
0 0.35080850381511486 0.20445722659930113 0.051036931347972984 0.05633625447695465
2 0.3429565051019967 0.2542488302855562 0.06838282768096104 0.07237773220238669
2 0.33181486150413364 0.47861514185744924 0.04984593750519035 0.11986060726781886
2 0.35317708850563007 0.539683125730083 0.039088698648573623 0.09678780081687234
1 0.37796206396782217 0.6163587957269143 0.062165274881291546 0.32496474244427986
2 0.4671210923662755 0.6770282455540338 0.1145453478532785 0.17255087096041138
2 0.44542403731556496 0.5489029306519762 0.08353314309301807 0.10067618586246899
2 0.4699446174089284 0.46791358349518614 0.07497339987091102 0.09508600255530852
0 0.5390465749498443 0.5137390471457625 0.08421428747291802 0.14499911827423848
0 0.5006010352011157 0.4036777872861326 0.06431510853734734 0.10383612851613166
2 0.47528142193002465 0.3533302501618528 0.06237445234785797 0.06216946184946484
0 0.4792255081350747 0.2983476270180668 0.057498126458623726 0.07626674705209864
3 0.4269234237672821 0.18880704304074156 0.07313169120447453 0.08524226830041136
3 0.5211148581938636 0.09688098313909567 0.06502476775991492 0.08937430721547313
0 0.45146868927615585 0.2260816477532519 0.056012204760260274 0.07406190168609043
0 0.5211376288957955 0.2448845340868323 0.0633790394260062 0.11343683870567886
0 0.5267844731200897 0.331533949858108 0.05678846723605615 0.0907285683527571
0 0.5726844097066514 0.2963955648125114 0.06825536531524044 0.09933955350304507
0 0.561632242994454 0.38519756942033034 0.051006501791726715 0.08538140911094637
0 0.6036699114073169 0.3884358968681906 0.06928846723605615 0.09182217664683114
1 0.618040134916421 0.4362833080316472 0.07232499917243256 0.09762075626773657
2 0.3192808083817417 0.020331545837119627 0.050327272125405484 0.04066309167423925
2 0.367713068652027 0.02591338710843654 0.062471485157332377 0.05182677421687308
1 0.6141226488404599 0.5797902839662975 0.08453964488474494 0.18168316179711927
1 0.6393947030636029 0.616309688218026 0.101010331218884 0.14923504044411498
1 0.6355133906846239 0.6996430215513594 0.07290528131570082 0.08038115718930025
1 0.7058654923282478 0.3919440064502483 0.12320212388485996 0.18022438760090517
2 0.7136336553659302 0.6409372824372442 0.11199397996427428 0.1771689580061726
2 0.7236868762102094 0.7666232273948164 0.12158682510719751 0.17524176445711911
2 0.7881656208102596 0.6295752775780262 0.09254762080625135 0.14572819047028784
2 0.8648456081275719 0.616642115780907 0.11092853377363383 0.1839918904179421
0 0.7031864562125116 0.8652428379927999 0.10504762080625135 0.1468217987643622
0 0.7963257445129971 0.8107560220748165 0.11196355040802801 0.20621411264016432
0 0.8990045747677218 0.8335870640686437 0.12449397996427428 0.17826256630024645
2 0.9338923477662253 0.7675978428726768 0.060475713996086394 0.16989523501942377
2 0.8691322841666562 0.25731905740831446 0.0894140560604007 0.13784627751604922