1 0.6454543174780252 0.25444669980684786 0.07360985150288034 0.11148280579347775
2 0.03475086970341608 0.22954193850342675 0.052334227081440185 0.07457220608855772
1 0.005295611959146538 0.5415171807618019 0.010591223918293076 0.15099341625417412
0 0.07401405378543272 0.320239429873465 0.07070206220555537 0.09411361436318467
2 0.07892805123012422 0.3910081206533432 0.040389530715349606 0.09671362511896102
0 0.11711147697123493 0.18464095602520597 0.06525951919580232 0.07950604007230579
2 0.13903904840275763 0.2275470256758967 0.060424536349423734 0.07184291022587119
0 0.060812999266461866 0.50286215812399 0.09125711391781866 0.13865502263781163
1 0.12679246136732583 0.3754596521829724 0.105570035312839 0.25465148581757957
2 0.18138567975658532 0.48133795750060576 0.09475546440477337 0.13104037470646845
2 0.17819897903407483 0.3987596710055811 0.07433042421205742 0.10385199722377066
2 0.19291169408284015 0.32579452242382306 0.06320231412720148 0.07185907086423494
0 0.19081797185028837 0.17518896149037935 0.07414815616304508 0.10176866389043736
0 0.2833528515235395 0.18853242883449117 0.08901764080020548 0.12892472009640762
0 0.21621839530814865 0.27360210478153435 0.06955619738201635 0.09688331182178066
1 0.2897249933603297 0.24263445294770278 0.0870564493036624 0.07477421406810471
0 0.3598553827623462 0.2581905387320581 0.07222096261399144 0.1114747254742958
0 0.26210839379975437 0.6772960727760609 0.1105362892869956 0.16861309757910542
0 0.34640532390761447 0.6816642844170772 0.11138687351571983 0.17833531980132764
0 0.3482267447895072 0.5497764022069059 0.10195993188831246 0.16578683788623638
0 0.4069586121683549 0.4814137945224388 0.11501523552222181 0.18807370266191362
1 0.2909942596288897 0.4105970848326667 0.1427930132999996 0.1882353090455513
2 0.3809487391347741 0.22336327236047135 0.06944318483621367 0.11145856483593203
2 0.31025580622020643 0.35704001925903467 0.07975596824806569 0.08653128770856901
2 0.3713669173313176 0.3566844852150319 0.11292403250613145 0.11657016584168155
2 0.3720796203577375 0.4358067101261982 0.08931292139502034 0.11643280041558958
2 0.44248640196847805 0.32920117608219535 0.0820561973820162 0.09695603469441755
2 0.5043435842493833 0.28858402489877855 0.08720345979695451 0.12405552866611463
1 0.4780579488111938 0.2082223970035881 0.09637037838526731 0.1018979489973475
0 0.4911510292172849 0.45524261124626325 0.10836607167259224 0.1755413813851861
2 0.554578738631976 0.3570067719719123 0.08683042421205743 0.10392472009640762
2 0.5240505709493836 0.4758739366000496 0.06886962262032878 0.16837068800364896
1 0.5925392883020584 0.39912547350756694 0.12427816768259245 0.11941258617291434
2 0.5794591160116471 0.5248320384307843 0.12079681616938243 0.15895551791033838
2 0.6231647291649391 0.4378163945764997 0.09612735431991742 0.09912017121956972
0 0.6324896769498778 0.6168376154978925 0.1475149836005757 0.2104736919061373
0 0.7205613497534166 0.5066588552418939 0.13003299026090517 0.15345652458905587
0 0.7031904795472024 0.41166945225786983 0.12163040142436203 0.1367494563264799
0 0.7197520033508236 0.3255058190720765 0.11377461673485591 0.12629238806390378
1 0.7994242363383961 0.5096704992707488 0.10540476623757135 0.28449643629032695
2 0.8213845461091778 0.37766545243244026 0.12651764080020547 0.12914288871431837
1 0.6545847189023871 0.11835174933410053 0.12622236020539063 0.14163480839513656
0 0.7672141006178189 0.045944953034987995 0.07625761776111074 0.09188990606997599
2 0.7187257611476136 0.1547654094093348 0.10683017229041114 0.12625198646799432
2 0.7542991974026753 0.2003684536459845 0.0926460028067077 0.1386631029569936
0 0.805531316703169 0.15426038946046716 0.06586707935917673 0.08645048451675019
1 0.8223292544976137 0.24786494371519327 0.10677791576094617 0.1415216839265902
1 0.8736051308407001 0.23299071889131215 0.08642213107144003 0.13099189279137718
1 0.9168083266936631 0.23898618883708286 0.08099658703543185 0.14831260230657892
1 0.961547421928807 0.1956922638656618 0.05011175293757175 0.09677018735323423
1 0.9222436298247743 0.35139730532608215 0.10405239451263368 0.12623582582963055
1 0.925005668237038 0.49436397737063703 0.07483347131650173 0.1413358365854069
1 0.1910946818297547 0.8463733257029271 0.1133493246204936 0.12143127695279267
1 0.4938796994861742 0.7175931253413984 0.23794103147987627 0.14922567837413175
1 0.6105397560783145 0.8994603437484177 0.14044052763658404 0.19308025951829866
1 0.4073883129115243 0.8652436044802604 0.13419839731934108 0.26453531442343964
2 0.41224879421852006 0.8096880489247048 0.1334960831921396 0.19303985792238904
2 0.9175093812126338 0.05929257628999012 0.12887012646362134 0.11858515257998024