0 0.15092764963193211 0.5594121120063765 0.04402638976816198 0.07316897145745556
0 0.4045188728086906 0.4479578678486892 0.040484331875839843 0.058472452353109834
3 0.4368990894028434 0.6002935059728114 0.040484331875839843 0.058472452353109834
0 0.5158562490592103 0.6473541897749198 0.03920462586045738 0.06049919280093705
0 0.428911022163455 0.6730403939829596 0.038070497009749876 0.06530371102654205
0 0.45568747726193287 0.7729531414607117 0.04669498467243329 0.07119882389513413
3 0.5734814076105147 0.9155465011562629 0.044535909844524865 0.08289119367967777
3 0.5956554238926175 0.8642554682200155 0.04124861199038416 0.07305578568644301
3 0.5906359646235638 0.9633429543550635 0.043692935323167606 0.073314091289873
3 0.4847174255006374 0.8165875924957107 0.050060976933386944 0.05609082477387485
0 0.6405188823576615 0.7783966618996929 0.059589416050814574 0.10567934475696114
0 0.5439487295849528 0.2573876728674256 0.05250530026617039 0.07628630654826994
0 0.8257102432292365 0.4317155859382058 0.07124644152945747 0.11654875450767671
0 0.8317163354956885 0.6490896636736991 0.07855482888558957 0.12377616337965189