0 0.08402777777777778 0.5520833333333334 0.16805555555555557 0.19027777777777777
0 0.06805555555555555 0.7159722222222222 0.1361111111111111 0.2125
0 0.07361111111111111 0.8284722222222223 0.14444444444444443 0.23958333333333334
0 0.02847222222222222 0.9284722222222223 0.05694444444444444 0.14305555555555555
1 0.034722222222222224 0.24305555555555555 0.06944444444444445 0.11597222222222223
0 0.21041666666666667 0.8583333333333333 0.16527777777777777 0.2743055555555556
0 0.21736111111111112 0.6347222222222222 0.1625 0.2520833333333333
0 0.18819444444444444 0.43194444444444446 0.13472222222222222 0.23194444444444445
2 0.4840277777777778 0.6111111111111112 0.1597222222222222 0.2590277777777778
0 0.3013888888888889 0.41388888888888886 0.125 0.2048611111111111
0 0.3590277777777778 0.5416666666666666 0.16527777777777777 0.2986111111111111
0 0.3645833333333333 0.8034722222222223 0.18194444444444444 0.38263888888888886
0 0.4930555555555556 0.8888888888888888 0.23333333333333334 0.2222222222222222
0 0.31805555555555554 0.23680555555555555 0.11666666666666667 0.18263888888888888
0 0.3875 0.26666666666666666 0.12222222222222222 0.1527777777777778
0 0.4388888888888889 0.38055555555555554 0.12777777777777777 0.2222222222222222
0 0.4354166666666667 0.11458333333333333 0.13194444444444445 0.19027777777777777
0 0.5111111111111111 0.1986111111111111 0.11388888888888889 0.2048611111111111
0 0.5659722222222222 0.3763888888888889 0.1625 0.24444444444444444
0 0.6111111111111112 0.23472222222222222 0.13055555555555556 0.2125
0 0.5576388888888889 0.03194444444444444 0.0763888888888889 0.06388888888888888
0 0.6027777777777777 0.08055555555555556 0.13333333333333333 0.16041666666666668
0 0.6361111111111111 0.6048611111111111 0.17777777777777778 0.3111111111111111
0 0.725 0.8527777777777777 0.2111111111111111 0.29375
0 0.8055555555555556 0.6284722222222222 0.2 0.3333333333333333
0 0.7548611111111111 0.4027777777777778 0.1486111111111111 0.22708333333333333
0 0.7576388888888889 0.23333333333333334 0.1486111111111111 0.1951388888888889
0 0.7263888888888889 0.1 0.12777777777777777 0.18541666666666667
0 0.9111111111111111 0.41597222222222224 0.17777777777777778 0.31875