0 0.7021954099941982 0.7566687792018254 0.09963172618996922 0.16654101818740358
0 0.8285317443413585 0.5409743170949224 0.10362059574419757 0.15904763250473036
0 0.7254248927719137 0.2318208908378815 0.06085481965518511 0.11037037822035198
3 0.7744227635927163 0.18701929680773854 0.0348850172237039 0.0678306923163916
0 0.5020221636266051 0.15900125574612284 0.0620820748054939 0.10347443484464604
0 0.368145662528056 0.4687852253341956 0.057850754643395105 0.10055115386065268
3 0.5797162213778395 0.014080651103988293 0.06776577608901246 0.028161302207976587
3 0.45079897289645093 0.3769377712522558 0.054264808172716054 0.06573192950095337
3 0.6940208072421918 0.6144774218312992 0.06080632953361121 0.10828704488701864
3 0.6024926433628397 0.2653041526222781 0.07799022416373462 0.13109127993410333
3 0.6393132010293521 0.2049425954541905 0.05368408797672844 0.10040565065443706
3 0.9907696229942363 0.3356788795501573 0.018460754011527393 0.05994929808380994
3 0.9311288218494449 0.3803195408919797 0.07312853242117272 0.10108466561677669
3 0.9396416941895684 0.47732350830487846 0.05166482750737676 0.07327381625236519
3 0.978124176206204 0.7848962540205002 0.043751647587592084 0.14796738035782905