0 0.08819444444444445 0.9541666666666667 0.13472222222222222 0.09166666666666666
0 0.33541666666666664 0.8826388888888889 0.2708333333333333 0.23472222222222222
2 0.3263888888888889 0.8583333333333333 0.2 0.26944444444444443
1 0.46944444444444444 0.4583333333333333 0.2861111111111111 0.16041666666666668
2 0.6756944444444445 0.8618055555555556 0.21805555555555556 0.2763888888888889
2 0.7388888888888889 0.6618055555555555 0.19444444444444445 0.33611111111111114
2 0.46944444444444444 0.19236111111111112 0.125 0.1527777777777778
2 0.8590277777777777 0.48055555555555557 0.19305555555555556 0.2986111111111111
2 0.9520833333333333 0.68125 0.09583333333333334 0.3013888888888889
2 0.9819444444444444 0.14444444444444443 0.03611111111111111 0.2
0 0.9645833333333333 0.1076388888888889 0.07083333333333333 0.21458333333333332
0 0.8451388888888889 0.05694444444444444 0.1597222222222222 0.11388888888888889