0 0.7388888888888889 0.2923611111111111 0.04722222222222222 0.07152777777777777
0 0.5402777777777777 0.33819444444444446 0.04722222222222222 0.09375
0 0.4361111111111111 0.46944444444444444 0.041666666666666664 0.08402777777777778
0 0.3173611111111111 0.40347222222222223 0.04861111111111111 0.07152777777777777
0 0.3625 0.3527777777777778 0.044444444444444446 0.06388888888888888
0 0.36527777777777776 0.5729166666666666 0.05555555555555555 0.11388888888888889
0 0.6409722222222223 0.44722222222222224 0.05138888888888889 0.09375
0 0.6784722222222223 0.6368055555555555 0.06527777777777778 0.10833333333333334
0 0.9777777777777777 0.6875 0.044444444444444446 0.09166666666666666
3 0.5388888888888889 0.9652777777777778 0.07222222222222222 0.06944444444444445
3 0.46875 0.9208333333333333 0.07916666666666666 0.1284722222222222
3 0.6034722222222222 0.7701388888888889 0.05416666666666667 0.08888888888888889
3 0.83125 0.5138888888888888 0.0625 0.08888888888888889
3 0.78125 0.45069444444444445 0.05694444444444444 0.08125