3 0.21540746364859437 0.750617330351827 0.07009707398167678 0.10803688911297891
0 0.3275761562350202 0.10737769865982966 0.043382827680961036 0.06948316325883587
0 0.3490640338191644 0.23964270569958157 0.055173168458393464 0.08484346116931932
0 0.4485845109820221 0.057810305802884265 0.05346083687125637 0.07780189615273107
0 0.5970339007440091 0.04394618236127924 0.047775904236401504 0.07463563608637824
0 0.4426085828492496 0.30346875739912577 0.04997339987091102 0.09209386776963319
0 0.5783030478797951 0.3448396269177688 0.05517316845839338 0.08484346116931923
0 0.7700268471623029 0.4672906972032429 0.04499812645862373 0.07444139494209073
0 0.6923861053181388 0.595340153754091 0.04490109364914916 0.07235806160875739
0 0.48306733204244334 0.8580045469471718 0.06131283558437449 0.1274959339968616
3 0.7062159468776081 0.42855700710808486 0.05320399742623623 0.10201033113614276
3 0.5257155062938091 0.29278041195938875 0.06941784431535546 0.09345355577964574
3 0.726415900740001 0.8772166785052679 0.062344022791611706 0.09019017514114927
0 0.7797073574078186 0.8247207445084062 0.08004570609267286 0.11357784422909654
1 0.9020437419312171 0.833583805556938 0.1374753145844895 0.12797645435365754