2 0.0688247072709715 0.3200504888959593 0.11155470777392872 0.14218431112525184
2 0.1502300276373898 0.9320090891859394 0.18768883662463615 0.13598182162812122
2 0.16276841549647925 0.7618469315722417 0.21335079903446644 0.2835610495084432
3 0.7122775722378591 0.8338563560364832 0.28022401979919526 0.3322872879270335
2 0.278710149252008 0.7361292184029884 0.13210965777117945 0.24305652860880717
0 0.2655412467940987 0.9466737149727673 0.148733064977885 0.10665257005446543
0 0.37391392733083845 0.9347959206096559 0.15420992612662776 0.13040815878068834
0 0.5416901402059944 0.8775089023976149 0.2019544394184804 0.24498219520477024
2 0.5021609186372558 0.8018852107291689 0.15535682597060274 0.2363868243157163
2 0.5070909060741497 0.6575862169530879 0.1271177340565815 0.17429036742343365
1 0.36423009296770564 0.7655791923403212 0.206182083018534 0.30568630461842317
1 0.393021005073734 0.8117195881957555 0.16379934217744235 0.23856712476129222
3 0.2593916458101788 0.49993730136500864 0.16785682597060275 0.23653227498407986
0 0.4101402020192179 0.42326705131195724 0.10676343233291763 0.1567029997170904
3 0.44201089853700787 0.2633190590211286 0.1274207000348822 0.12710046757195884
3 0.40520143072489767 0.117146340794947 0.10797625559043778 0.1268742109767266
2 0.48925570983352756 0.4894256136926032 0.131284400723248 0.1743388509795548
2 0.6195574646952187 0.645014464672158 0.15524173727262108 0.260676218685898
1 0.6564564792187754 0.5545270780111475 0.19735694708226376 0.21674893217341298
1 0.6633369938175953 0.5136599034938546 0.10444696869138315 0.21844391053115103
0 0.7621507467702137 0.42597502291530853 0.16094286999285176 0.26351864120517077
1 0.9947896356591026 0.9228639947308659 0.010420728681794836 0.15427201053826833
2 0.8779458691374636 0.7285275171511059 0.2170079456247701 0.2738873108423421
2 0.9518666464388753 0.6852143556828224 0.09626670712224931 0.2535378400169688
2 0.895942441327553 0.5024860937477521 0.15985694708226358 0.21631258016832236
2 0.9756319536152953 0.4716406099087212 0.04873609276940935 0.13134745363886838
1 0.5563660480422986 0.14111397103753195 0.10867955877159513 0.08732320001414075
0 0.563544582139261 0.23836043503781473 0.11663123171981482 0.15959390579248417
2 0.8460536177689799 0.33187044989033826 0.09924849087872316 0.09276562727208024
2 0.6429482913706832 0.32326091682577385 0.12467341072379791 0.15413531734917096
2 0.7198555590726479 0.2943129126882784 0.08206639831121834 0.10922219852888841
2 0.7910675998788573 0.23614975832799512 0.09380211819667403 0.09478431586391863
2 0.7741550319107221 0.19153562143712652 0.0840798959744518 0.09467118756630255
0 0.6386862470473814 0.09626647001199604 0.10515027187254068 0.17889289956856505
0 0.7030334971602762 0.17196948157575323 0.10103181114599333 0.12679340504985798
0 0.7389105186188695 0.07522401432205601 0.10559881501551666 0.1344807774948681
0 0.8129583612240058 0.08441389048019697 0.08680946781211042 0.14675452089963587
0 0.8893197145584388 0.04504921967603486 0.09252831800576662 0.07047876030836309
1 0.9266323169502784 0.3468098158285195 0.14673536609944335 0.12548580861446368
1 0.8802928961249781 0.20387498263664103 0.13460218704408236 0.21116056772048408
0 0.9810650756319185 0.1259931302071858 0.03786984873616303 0.19073029096824218
2 0.9399364239403876 0.22955375242233764 0.0700818242120565 0.09242624237923193
1 0.9592402377003152 0.041698692870741495 0.07403603095618602 0.061935331565171274