0 0.8652777777777778 0.049305555555555554 0.07777777777777778 0.09861111111111111
3 0.08958333333333333 0.7583333333333333 0.08472222222222223 0.13333333333333333
3 0.5590277777777778 0.13472222222222222 0.05138888888888889 0.09166666666666666
3 0.7215277777777778 0.08055555555555556 0.09027777777777778 0.10625
0 0.5388888888888889 0.9576388888888889 0.075 0.08472222222222223
0 0.9597222222222223 0.25833333333333336 0.08055555555555556 0.10625
0 0.6277777777777778 0.10277777777777777 0.07777777777777778 0.12083333333333333
0 0.5458333333333333 0.041666666666666664 0.05277777777777778 0.08333333333333333
0 0.36875 0.5493055555555556 0.05138888888888889 0.07152777777777777
3 0.9479166666666666 0.6652777777777777 0.0875 0.14583333333333334
3 0.5729166666666666 0.46944444444444444 0.05416666666666667 0.09861111111111111