1 0.30630432187563184 0.7295018229960579 0.06554638344294782 0.26362411982046263
0 0.3416078602446824 0.7208101205239498 0.0935656059480798 0.16586167203297494
1 0.3590588309286008 0.8427004425674924 0.08293222285874546 0.3145991148650151
1 0.42097654172852067 0.74047474637061 0.09021410608953459 0.11647529139897933
1 0.43994569078431783 0.8724254535055397 0.07115850314731158 0.2551490929889206
0 0.5134593482565607 0.8132808628480296 0.10255346728904915 0.2223541472682961
1 0.4862614270457336 0.6236645482531779 0.09316157631373648 0.13113944981075273
1 0.5896205209703396 0.6169530602028576 0.1647383241742615 0.19708937819986988
0 0.4127144741494915 0.5673762232774526 0.08939893928141313 0.1657404344153147
1 0.34003925221017894 0.4666838663965032 0.058141345215352185 0.22383872379102868
1 0.3184054536742202 0.3376256623555887 0.0507928711365645 0.18891443887270565
1 0.3881873369050094 0.13000489217281483 0.08112217009688784 0.17035907029110472
1 0.45646350109623973 0.4492451863576635 0.08190501453426198 0.11831614949699151
1 0.5133433007991892 0.4453465449101345 0.11638579202913 0.21789716154938646
1 0.42158677455971527 0.3156363965274907 0.11040196506117057 0.1809299558369503
1 0.441329227880322 0.2224925846157931 0.06340599943418049 0.1990003739479093
1 0.6182044119103003 0.4483976916212566 0.12958072300020027 0.27798309662459025
0 0.5880766412405227 0.4246121553613565 0.07938581572246382 0.1404575466407735
0 0.5141983840441192 0.33985160816340915 0.08636258253765573 0.1434373871146521
1 0.5437428924605648 0.13453109656547288 0.13140499084092816 0.1961194772585861
0 0.58711456418416 0.28227125051985547 0.08919692446424139 0.14837932330420342
0 0.6438156177947467 0.14369079938932444 0.07831206994836258 0.16750046743488664
0 0.5308065404554743 0.09666738371249142 0.07203734164367606 0.10553326172245044
1 0.6368527698917522 0.847281922054774 0.19956656715466464 0.3054361558904519
1 0.5543355764197924 0.9168550353945806 0.10904539854302915 0.16628992921083888
1 0.6263239479807213 0.9575497135564685 0.09840198875450439 0.0849005728870632
1 0.7523239953673889 0.8137811353622141 0.12106250908832092 0.3724377292755719
0 0.6859154211400761 0.7787288906476063 0.10921509098945327 0.1982506544088412
0 0.7020235538580973 0.6118931425463573 0.10059085631939284 0.17300817917352035
0 0.741514108458868 0.1277898834043458 0.10478984535680715 0.1759071945689586
0 0.7501958803309884 0.2772975016560022 0.11847671942852445 0.15895020885004907
0 0.7765947959190675 0.5175678481560783 0.11303429217058465 0.16851078091539068
1 0.7509074590140582 0.3981106287197254 0.1811464118749484 0.17535210644828964
1 0.8326080260980191 0.20055558734254517 0.15197974520828172 0.1745034431246663
1 0.8425151288987873 0.09740666543408424 0.11246057008981754 0.11920522535983512