3 0.2388888888888889 0.5604166666666667 0.14444444444444443 0.19236111111111112
3 0.27847222222222223 0.8034722222222223 0.09027777777777778 0.13055555555555556
0 0.9020833333333333 0.8111111111111111 0.05138888888888889 0.0763888888888889
0 0.6076388888888888 0.96875 0.04861111111111111 0.0625
0 0.3888888888888889 0.8680555555555556 0.06388888888888888 0.12569444444444444
0 0.5256944444444445 0.7145833333333333 0.04583333333333333 0.08125
0 0.59375 0.39652777777777776 0.043055555555555555 0.0763888888888889
0 0.5326388888888889 0.44305555555555554 0.043055555555555555 0.09652777777777778
0 0.5118055555555555 0.3701388888888889 0.0375 0.07430555555555556
0 0.16666666666666666 0.4222222222222222 0.05277777777777778 0.08888888888888889
0 0.25972222222222224 0.3875 0.05555555555555555 0.09861111111111111