0 0.03702507305431372 0.8282021449882909 0.07405014610862744 0.2744598455321374
2 0.04767968759164265 0.5106319508283186 0.0953593751832853 0.17126390165663724
2 0.2528136464711705 0.9597464484270536 0.07385863455924269 0.08050710314589272
0 0.13764108766664102 0.6371278337767892 0.1595677961744722 0.2389211904953309
0 0.1592834119825325 0.8309450290746498 0.17007282864224246 0.20484611680055279
0 0.24906226768149423 0.7054857681727179 0.13943242207661924 0.19820534723896988
0 0.4873399859362471 0.8316021272925244 0.1974365353512719 0.3367957454149512
1 0.34659649639873513 0.9196858290997476 0.13921423376501643 0.16062834180050473
1 0.33369806169388944 0.8348471715989317 0.13851627452953624 0.22520778700637278
0 0.24868965332214157 0.48788197636381514 0.13690919732904455 0.21262689344044233
0 0.19278924134400274 0.30527733314510086 0.13538697113862067 0.20490711098562286
1 0.23405747330582377 0.21105502199634327 0.15284856962370214 0.171930949564942
1 0.05046510335561317 0.23775573094461716 0.10093020671122634 0.104678128555901
1 0.381077503971863 0.549814425359813 0.18387686652106366 0.20079394134874695
0 0.3562089036821216 0.38152988737453564 0.11482031240835731 0.21897148527444268
0 0.33842669192019054 0.16569270376927905 0.11099304978196156 0.23817324902109543
2 0.44570035642331557 0.31236107325556894 0.09632838022959633 0.1929198689173456
1 0.44489488023179324 0.15938106156296478 0.19892942640516698 0.268269543674719
1 0.6441753362248902 0.8281392067394882 0.1538163578617711 0.3437215865210236
1 0.7629183066428185 0.7771235010166468 0.21422950973740204 0.42941425243476045
1 0.5876669080121341 0.5423826754560526 0.086197178929421 0.40738871103581825
0 0.5090508041152693 0.4265797375209706 0.11920516738662677 0.23171416597223415
0 0.6481078178245343 0.5445126566851418 0.07879405230731386 0.2217293636713598
1 0.6723625891058289 0.11076115725408606 0.15518997077827457 0.14709273669680303
2 0.6655377831902933 0.22297802977332917 0.13317890728558332 0.23738421274265065
1 0.5628726143593527 0.25036568601076836 0.08468901190314032 0.24149738237952648
0 0.74384030339238 0.2372707384706265 0.08248094805010327 0.27397448413655423
0 0.7024578852839625 0.4176850542964257 0.18188189898883392 0.1659908255605943
0 0.8245537997867214 0.5116901372197986 0.12753850071996012 0.2321995273678174
1 0.8816886746059991 0.4642718821955408 0.15644673917387056 0.5370469402108587
1 0.880779917032505 0.7951105652318533 0.21594252669417624 0.20959893780959393
1 0.9325101475529414 0.9210534527903745 0.10740312662210715 0.157893094419251
1 0.9109484386730473 0.14203596170524874 0.17810312265390532 0.18797036708502488
0 0.9321837215022621 0.2795222634371789 0.0982384967517583 0.22286187359438733
1 0.9665512637118282 0.5408150610610116 0.05576986868460507 0.3334677239290547