3 0.23626883075184127 0.4765541022156239 0.11301005039252424 0.169017531031449
0 0.15622283906218407 0.36882374792665457 0.043798970082747087 0.06614533494135312
0 0.23790111047458787 0.3362763244378461 0.050921187566302546 0.0817870556308187
0 0.46842483018602193 0.29137839037026736 0.03540907260060572 0.060847492336216724
0 0.48983899313955764 0.36198745213211275 0.04958886282622169 0.08657537815959225
0 0.49064461977511464 0.5913360902546232 0.0480302814909087 0.07191925624392152
0 0.3794840520546306 0.7091969033610673 0.0622585552726458 0.1018138087339638
0 0.5668057924888937 0.7940597562678063 0.049556540455474224 0.08379760038181448
0 0.5881704988330565 0.9717933152413061 0.06627977127094893 0.056413369517387776
0 0.821692604957943 0.6260572782532418 0.05508785423296937 0.08200542137783139
0 0.8842961930829947 0.7995808362208272 0.06497976890161554 0.0970982747875275
3 0.27921787902258993 0.6671141755860388 0.0774232047528075 0.09289226091745459