0 0.11748147042305435 0.6724508319820371 0.03444851803708057 0.06466473083407417
0 0.24526943218242245 0.5156380170542595 0.028771746752856903 0.05759097939876546
0 0.5408497896853118 0.41761401308509305 0.04130811147145721 0.059965253461543314
0 0.26557099350937513 0.4271855392595373 0.027382857863967935 0.057558652651049313
0 0.3771841810988209 0.3214060189957719 0.038493968975079125 0.05781726663277785
0 0.3574714848515471 0.4557241568715435 0.04296367496341623 0.07527535798703708
0 0.4632487435097412 0.48528048640515475 0.05268589718563829 0.07550164522104946
0 0.4140471901191919 0.557776324720062 0.05138185930681721 0.08033042958444443
0 0.4133961399754196 0.6348758214272534 0.041574786074527345 0.07524303123932094
0 0.5163420425735735 0.7470387131020375 0.043169741702152147 0.08708091354259263
0 0.5995244646501927 0.5586197233179326 0.0469121533184801 0.0628723382301852
0 0.903582037161058 0.5719492810677477 0.06735056673800335 0.12026935714265442
0 0.4888969996455121 0.9263341061281178 0.0586293430729321 0.09785317443413596