1 0.3632527543259848 0.46999596795950316 0.06322026478993747 0.1258217896319285
3 0.9479006699112469 0.39428537471558417 0.10280711291430672 0.08952630249539656
1 0.9540747860745272 0.15208012421092557 0.057967748556052356 0.14272940471589457
3 0.7132300883800105 0.6164517122150153 0.04985963311639333 0.07549586801529655
0 0.3875743066369602 0.15507239799429648 0.06900103823916734 0.059721992999193084
3 0.6240748852795689 0.31584258480444694 0.056888928570905425 0.08092384916033903
3 0.7117445872997042 0.3327073694542031 0.05697377958097308 0.08578496027145013
3 0.47564645417818496 0.9700177270111519 0.09187782539619778 0.059964545977696404
3 0.7586266846986212 0.8732684676374319 0.04954956421265137 0.13718804956406594
3 0.6483816576433665 0.7151764265559418 0.09265360605967411 0.14348042155221744
0 0.7399677088740356 0.1221205271658425 0.04843437950890398 0.07329916067517708
0 0.30311294624397844 0.6398374506507286 0.0916819426390521 0.24672589576086731
0 0.26457242856870866 0.4182531004810723 0.03991219300049672 0.14125554262767331
1 0.5506389285709055 0.12122830857285219 0.03601923051897179 0.07713990572521191