0 0.3027874542761766 0.38954897141942413 0.037471485157332375 0.060644991269019025
3 0.14751544122523574 0.5373629640663863 0.06990109364914925 0.07254949434762763
3 0.17714056887968005 0.3814820510990039 0.045934195569965024 0.06381090028469474
1 0.5205729732526734 0.7023266668527973 0.05772836577455457 0.13850458707814822
1 0.13943139141311375 0.6476997274152801 0.0626008622366317 0.06458716276049062
2 0.5968801470407167 0.9360918610448193 0.0327245363473976 0.07774734822153151
2 0.4898215402950961 0.9236794232169065 0.05032727212540541 0.06886607701475467
2 0.7327267598524935 0.8344194296513157 0.03446729749078056 0.0556545030786086
2 0.5713245503129588 0.8356733002506751 0.017218433967267306 0.04237824060281273
2 0.5329189107578637 0.8179754463767712 0.030654503078608602 0.03330290377708707
2 0.6745570625818628 0.870534370189584 0.03159248690352854 0.05344179266597596
2 0.38271154507437033 0.8653366192461859 0.024065845602237346 0.04061834996772783
3 0.6538035296357965 0.6042558347608151 0.12229648432976477 0.15606359323536545
0 0.7747299634209412 0.2868375910338631 0.05171807572787278 0.09872718812586594
0 0.6318971941880137 0.7465541720458553 0.06906397206086107 0.11408678393499498
0 0.4046368217969274 0.5142521288502648 0.04338282768096096 0.06854263431650653
0 0.31581080966461533 0.743877359435215 0.056109237569734835 0.0739859422844644
1 0.11783307802444475 0.30351403712943437 0.033080323315470554 0.0853862371104204
1 0.8816936579316775 0.8351366447976918 0.07962331587137138 0.07300231412517506
1 0.566663043100521 0.4217996261399094 0.061082596268443486 0.061744696443063025
1 0.07422787574287867 0.8017579759215064 0.06302516717151163 0.1332077856811913
1 0.25654513371659216 0.5622107133546494 0.07406776031581583 0.0727435599665766
1 0.3410904198115671 0.5694081678169566 0.06954530668107613 0.06491060545873874
3 0.9068439939298358 0.9119117502109001 0.0648953906806156 0.08409629574458487
0 0.5583200332687889 0.0320889333713611 0.05552895542646657 0.0641778667427222