0 0.30955006884740827 0.12833776770531072 0.04998228252657408 0.08103423188836882
0 0.7699657012904711 0.4776408981817648 0.03807049700974972 0.06530371102654205
0 0.1649462420214174 0.34419329030809376 0.08122342378986115 0.12180601581733078
0 0.32928367405328224 0.30653999212438443 0.07694166842521284 0.14588519983086187
0 0.5804955379664857 0.12829056571064718 0.07702626865650093 0.09460949671298521
0 0.3737536604842619 0.5203982213765315 0.04632513593627026 0.09058667545407262
0 0.4116668435596727 0.1463579372361468 0.035693056434828604 0.07282941414441864
3 0.2098775425886405 0.6197438893447841 0.10092262827248706 0.12745942732552765
3 0.3890825971143967 0.4558844475530864 0.0606930564348286 0.07384808608352891
3 0.8701860606054045 0.3140278841384401 0.05213545153000736 0.09567415810720818
0 0.9783445274877655 0.966624447781034 0.04331094502446907 0.06675110443793213