1 0.94375 0.7027777777777777 0.1125 0.23958333333333334
3 0.8423611111111111 0.375 0.06805555555555555 0.09861111111111111
0 0.3347222222222222 0.7222222222222222 0.11666666666666667 0.19027777777777777
0 0.84375 0.5097222222222222 0.06805555555555555 0.18541666666666667
0 0.7256944444444444 0.4652777777777778 0.0625 0.10138888888888889
0 0.7680555555555556 0.4097222222222222 0.06388888888888888 0.09375
0 0.6861111111111111 0.33611111111111114 0.05555555555555555 0.07430555555555556
0 0.5597222222222222 0.3125 0.03888888888888889 0.052083333333333336
0 0.4465277777777778 0.3159722222222222 0.05138888888888889 0.07430555555555556
0 0.20833333333333334 0.20972222222222223 0.05277777777777778 0.03958333333333333
0 0.06527777777777778 0.5583333333333333 0.1 0.14791666666666667