3 0.8498126630297482 0.44594154567901445 0.05327382213985143 0.09695414558877834
3 0.6770437710665829 0.9351368805217195 0.058489870214237134 0.08758793954308683
0 0.2670326961794914 0.5236151148107139 0.021948857914319653 0.0332795051064355
0 0.0645106700425183 0.6568367879906486 0.04355820834746967 0.05683678799064846
0 0.5316138463278318 0.6992421468192458 0.02966931945858088 0.05594674754932119
0 0.29192032343477126 0.970541675062549 0.04972002726225703 0.058916649874901986
0 0.19620160490601282 0.7969251024732377 0.03393298826272447 0.05899153745949724
0 0.3563206272929768 0.6201055877691654 0.0370502735216721 0.06889176776998499
0 0.3495084397576359 0.4845554150362996 0.03220459189266588 0.04918031119314226
0 0.5844467336041886 0.6645188600959778 0.02664903633711033 0.04882429501661123
0 0.7929983217468453 0.6841194667158874 0.04372796208805438 0.06169789910175957
0 0.8594003862830121 0.3038205325868526 0.05744048880651809 0.09722115772117645
0 0.6215322324600564 0.37726721981871286 0.03766314531074436 0.046758549591895515
0 0.5664815128814078 0.26911295907469074 0.03843916241056099 0.06898077181411766