0 0.0825126434696909 0.20650964502099833 0.09331063847892851 0.1251141861465965
0 0.3588065716029869 0.8932749606754005 0.0927711320323103 0.13967327633419618
0 0.2259645216783757 0.047043553028738604 0.10028247945951263 0.07806166594450975
0 0.6081617360608679 0.4193639646421375 0.04390428997658186 0.08678991919165292
0 0.5443175510040023 0.14296998376245346 0.04432245607430427 0.07014749567071984
0 0.6461657007948232 0.2323367059839434 0.029422397611283832 0.05254395310227235
0 0.5913169919092933 0.11181344155435216 0.03182245607430442 0.06992930735911718
0 0.6269427416248212 0.12077709667676004 0.025255730944617326 0.0524712236650715
3 0.3928216680555316 0.23764667568264394 0.08229411920181776 0.10272226190423885
3 0.6132873713143638 0.5939361948007631 0.07414932151524091 0.1296358932174368
1 0.6081594230755426 0.908749838018566 0.059316458350080994 0.1370081075032557