1 0.8319444444444445 0.6173611111111111 0.06111111111111111 0.06944444444444445
1 0.08680555555555555 0.4777777777777778 0.06805555555555555 0.16041666666666668
1 0.42986111111111114 0.6541666666666667 0.09305555555555556 0.10347222222222222
0 0.2548611111111111 0.4527777777777778 0.05416666666666667 0.09166666666666666
0 0.4618055555555556 0.22847222222222222 0.03194444444444444 0.07152777777777777
0 0.6541666666666667 0.12708333333333333 0.041666666666666664 0.08125
0 0.7576388888888889 0.6034722222222222 0.0875 0.15069444444444444
0 0.23958333333333334 0.8381944444444445 0.0625 0.11597222222222223
0 0.20972222222222223 0.9305555555555556 0.06666666666666667 0.11875
0 0.1 0.8305555555555556 0.075 0.12083333333333333
0 0.9555555555555556 0.13055555555555556 0.08888888888888889 0.13333333333333333