0 0.08967624915632698 0.20815918378533174 0.08898819165783962 0.12661817737290046
0 0.3897922016238264 0.9004431769233493 0.08793873361996923 0.14115300963749525
0 0.22747009304302462 0.05103398136304514 0.09761130445771612 0.07973546263184805
0 0.6224403806159255 0.4304013196093684 0.04089314724728407 0.0874691410357902
0 0.5489799655525925 0.1526125081569024 0.04189411516358032 0.07085097543786208
0 0.6538878248909258 0.24384709044976988 0.027601141928240876 0.05300485363936558
0 0.5948623696389506 0.12224434844646045 0.02939411516358032 0.07041446581921523
0 0.6307795202637654 0.13183870956699578 0.02343447526157421 0.05285935043314996
3 0.4008837598791356 0.24474211816157804 0.07874874147216057 0.10405644766950846
3 0.633661151555339 0.6052403869210478 0.06965689083040129 0.1308002735216721
1 0.639533587642098 0.9202844804073973 0.05455691016506184 0.13790565065443697