3 0.49251554701249917 0.02574381527546523 0.042746683752779464 0.05148763055093046
0 0.625214453490458 0.11220103685625063 0.0561929353231676 0.09406014263370376
0 0.6703021835269899 0.04498260288898332 0.03149590130146862 0.04580290377708711
3 0.34256781496774663 0.9054012871997343 0.041903709231422205 0.08577436834831834
0 0.8018974496209348 0.11159213693980902 0.034304167545939714 0.0729509256500701
0 0.7460930398516731 0.14536498998614542 0.04026006030435193 0.08084856869755758
0 0.62950706115974 0.34753588549156594 0.04519100708556291 0.09562596764983987
0 0.014711028067790047 0.9460730432866515 0.029422056135580094 0.10690071482365385
0 0.6899788738146051 0.7534414838744588 0.07680199708501302 0.1171880044110212
0 0.19697248354348587 0.669720225164239 0.10069835670099907 0.15016746548985982
0 0.14495699231233175 0.4857933096230929 0.08096866375167969 0.11738207002997
3 0.036801883135080184 0.24707380093764258 0.07360376627016037 0.07773404815698702
3 0.1566513714264603 0.3155250436549047 0.052838754711164726 0.05649545409405413
3 0.44374608774344537 0.12480955794719675 0.06273704256475554 0.0867446964430631
3 0.5765955178662378 0.405420228474509 0.042304046434278715 0.09341325723720723
2 0.5990420865392346 0.9156237853169462 0.058455287200107224 0.11079149784001996