1 0.08910269722539468 0.3708042902177929 0.1638035718550128 0.09408523476477626
3 0.7653350378387438 0.21937571320290591 0.059013348151021695 0.07977104256593258
3 0.7995471916419423 0.2620566001722674 0.050113144783757155 0.07229257385669183
0 0.8371743076063972 0.13462551236618894 0.05167209468282547 0.07446491123415784
0 0.48222799407292466 0.06161796695787829 0.06609956740970628 0.06502728905295123
0 0.5514601201305527 0.14563535402977873 0.06204616013831128 0.09999893549895424
0 0.616496720268002 0.07580691479430865 0.07250542801615881 0.07579997189614882
0 0.8090566370312899 0.2054236698822875 0.04509617306619336 0.06160889505762697
0 0.86363442773695 0.2466173377137958 0.05566870033931271 0.0726485900332227
0 0.8453665537945779 0.3250274700053343 0.05785120727570517 0.08245981629957769
0 0.9324844036206112 0.48069681471638 0.07335561845554127 0.12006640825232782
0 0.3404911276682253 0.250090878741644 0.1103452062019738 0.1839190568229362
0 0.2554856996520666 0.3165454260038562 0.08052681091355807 0.12328920625076924
0 0.2320875945968593 0.4406998875845953 0.09444398599838616 0.14145135375907486
0 0.032497515214949764 0.2866533970796933 0.06499503042989953 0.15802901638160882
3 0.5516309834213339 0.38299252175874804 0.11788492148780341 0.17473085886551035
2 0.15796664428975374 0.5448500308436902 0.06774349050810693 0.08516617794184009
3 0.23337788294026168 0.6215845452032328 0.1065470623631198 0.17124104873467066