0 0.09109310445078178 0.060955133902722815 0.05927867152588462 0.07676372006224229
0 0.09069079158057551 0.3251332065064565 0.07553704505193398 0.10449393879207207
0 0.17346567225942275 0.5835027135367719 0.08586682743753064 0.1118912030140641
0 0.09026235044563673 0.5969178237292543 0.061518144643497766 0.08655063082411421
0 0.19441799840896964 0.8071785131875325 0.10218595697991743 0.1403158661883386
0 0.15527632635962793 0.8973402139505556 0.09788927879370349 0.12282537799792786
0 0.2977328212386814 0.9129662227725978 0.05983397515979405 0.0989212537448149
0 0.25621568428176816 0.7388204738525878 0.056144857136954586 0.08837520999884892
0 0.3352444697461304 0.6539746186918021 0.060311523803621175 0.08856927561779789
0 0.38194790549839414 0.47633004742048085 0.038315326673004 0.05849696939603603
0 0.4396044231651432 0.4555005435143047 0.02888838504559664 0.0456088381581381
0 0.46236495004753003 0.44687802646612657 0.025260023039094727 0.03575723885661672
0 0.5029288791291349 0.47574029463982526 0.02387113415020568 0.03569255031696707
0 0.5253849961257192 0.5189747010362067 0.03166616282337442 0.04573821523743741
0 0.5011128087135379 0.6368019319894098 0.0556673084931273 0.09872718812586594
0 0.5364158330302868 0.7082992802109414 0.05264650664999995 0.09582003326878884
0 0.7128831067133732 0.693695090889255 0.041405384019341476 0.07800610238013014
0 0.7290467262755955 0.65710073044435 0.040980091904979254 0.07314499126901902
0 0.8387566701862533 0.9676309520706661 0.05040703353238661 0.06473809585866787