0 0.5763888888888888 0.02847222222222222 0.06111111111111111 0.05694444444444444
0 0.7159722222222222 0.034722222222222224 0.04861111111111111 0.06944444444444445
1 0.775 0.4618055555555556 0.08055555555555556 0.12361111111111112
1 0.8013888888888889 0.41458333333333336 0.11666666666666667 0.10833333333333334
0 0.05416666666666667 0.9319444444444445 0.10833333333333334 0.1361111111111111
3 0.3625 0.21944444444444444 0.08888888888888889 0.06944444444444445
0 0.41180555555555554 0.05416666666666667 0.07361111111111111 0.10833333333333334
0 0.48194444444444445 0.07430555555555556 0.06944444444444445 0.11388888888888889
0 0.2722222222222222 0.2972222222222222 0.08333333333333333 0.1361111111111111
0 0.5618055555555556 0.47291666666666665 0.04861111111111111 0.11597222222222223
0 0.5986111111111111 0.5694444444444444 0.075 0.11597222222222223
0 0.6986111111111111 0.7076388888888889 0.1111111111111111 0.15555555555555556