0 0.5747305707873129 0.0418878225243832 0.06442774731426305 0.058366821343950666
0 0.7139498830739588 0.051386660669846276 0.05265578940763792 0.0705758806145062
1 0.7481028893280979 0.47984388078111173 0.08775508292337311 0.12548606247864202
1 0.777242159458625 0.4332358667654945 0.12297636480924817 0.11104878014148167
0 0.029008767662271055 0.9319444444444445 0.05801753532454211 0.1361111111111111
3 0.3497188165829759 0.22788172559833367 0.09293356718541554 0.0715133562982716
0 0.4086507064842648 0.06375154736447566 0.07992080925369262 0.11004665096228401
0 0.477616638667161 0.0855229370130251 0.07607771685074817 0.11550522627469142
0 0.25491099911308823 0.30355826477456815 0.09126090279452552 0.13805071597407417
0 0.5342612963562092 0.48599283611780913 0.05536572386631065 0.117103658392284
0 0.5654447490795929 0.5833772727100623 0.08175461275519953 0.11771786659888903
0 0.6573958392695048 0.7238992429900623 0.12017119049533073 0.15814169537283962