0 0.43942931554565706 0.08316424569265468 0.0282060491901815 0.03745209050987657
3 0.21907030454771922 0.3357439985639817 0.132865632010747 0.08223770769969149
3 0.5535129213523292 0.9574339907117905 0.09140906075393881 0.08513201857641914
0 0.7425244787113987 0.7792943260699389 0.04840198875450438 0.10248799831123469
0 0.7519082890940244 0.6892105087784575 0.037088862826221695 0.08486827321839503
0 0.6757542239196804 0.6075552631691055 0.06095855290331258 0.10764005015179015
0 0.7637324384680831 0.3894044692647537 0.048111087417777296 0.07748799831123468
0 0.5778233421741437 0.3677115739596918 0.056622193790221646 0.0929597365753087
0 0.5468794316429928 0.46007210443935237 0.058205016903595364 0.10965872998969152
0 0.5783461480656603 0.6212646130512042 0.10021914905579715 0.14048964353228416
0 0.4890684176745502 0.7720058057228708 0.09194237987127186 0.1451567941570987
0 0.39153961945685306 0.7363934366755558 0.11019995024399899 0.16293815298851844
0 0.3084572710234384 0.6531876684387348 0.12333023647357445 0.2173957603846298