1 0.36346926501156473 0.5167221913722284 0.1016659109017283 0.06945513187285776
0 0.007745841721594754 0.16841926840853702 0.015491683443189509 0.11947742570596291
0 0.16750214133399213 0.1942435503355602 0.05748148949637842 0.10280332776159452
0 0.3887510076865845 0.10042666883624486 0.05318481131016439 0.08536139157204307
0 0.5543161963764202 0.18948580774693266 0.04774226830041136 0.07065682062104928
0 0.4655592084194245 0.3365888799149894 0.04829757193432079 0.0928386303040513
0 0.40972600104691426 0.3461036957269042 0.07571931310094632 0.10541202410478989
0 0.41665407632172924 0.43402802738871593 0.05571956502259244 0.08266443887270564
0 0.2849879134983548 0.47475451822490555 0.0690178927218516 0.10798773918646702
0 0.2603864475438691 0.40580988680650637 0.06877486865650187 0.10520996140868924
0 0.48184937844724435 0.8188417621177918 0.07668290987547298 0.10059132553289897