0 0.08611111111111111 0.05694444444444444 0.05277777777777778 0.07430555555555556
0 0.0625 0.32222222222222224 0.06666666666666667 0.10138888888888889
0 0.12291666666666666 0.5777777777777777 0.0763888888888889 0.10833333333333334
0 0.03819444444444445 0.5951388888888889 0.05416666666666667 0.08402777777777778
0 0.12430555555555556 0.8013888888888889 0.09027777777777778 0.1361111111111111
0 0.07708333333333334 0.89375 0.0875 0.11875
0 0.21875 0.9027777777777778 0.05138888888888889 0.09652777777777778
0 0.19236111111111112 0.7298611111111111 0.04861111111111111 0.08611111111111111
0 0.2791666666666667 0.6409722222222223 0.05277777777777778 0.08611111111111111
0 0.3416666666666667 0.46041666666666664 0.03333333333333333 0.05694444444444444
0 0.4013888888888889 0.43680555555555556 0.025 0.044444444444444446
0 0.425 0.4270833333333333 0.022222222222222223 0.034722222222222224
0 0.46319444444444446 0.45416666666666666 0.020833333333333332 0.034722222222222224
0 0.48194444444444445 0.4965277777777778 0.027777777777777776 0.044444444444444446
0 0.44722222222222224 0.6159722222222223 0.04722222222222222 0.09652777777777778
0 0.47638888888888886 0.6861111111111111 0.044444444444444446 0.09375
0 0.6548611111111111 0.6631944444444444 0.034722222222222224 0.0763888888888889
0 0.6743055555555556 0.6256944444444444 0.034722222222222224 0.07152777777777777
0 0.75625 0.9430555555555555 0.043055555555555555 0.08402777777777778