0 0.21620203608148403 0.9281169943733024 0.09507985822431411 0.12139209113956768
0 0.02824421032054638 0.9485912117302506 0.05648842064109276 0.10281757653949879
0 0.12854724964221684 0.42540576387214113 0.0686061183253575 0.11499400227577673
0 0.4601280469006568 0.4269055349480772 0.04365460461682492 0.11631569586680478
0 0.5188480537574861 0.7987979817937867 0.08044452380847768 0.1573078174698875
0 0.5138442777799747 0.2905791396753142 0.029074786074527185 0.07592342687416614
0 0.5206847200594129 0.2166444543004809 0.042781851370413744 0.06631569586680494
0 0.557987260102508 0.1860285525810996 0.04733640836881881 0.08878059878681871
0 0.6879609801604563 0.21175789071696285 0.052770748195706256 0.0821597286060964
0 0.9432779794412284 0.5284943447664672 0.09629201551099603 0.19083653558401245
0 0.8980147204241528 0.7767140382947512 0.12332334776182595 0.22917906889224784