1 0.9528239779117996 0.7943986341108559 0.05193785956454854 0.21821130155049356
3 0.472535237109168 0.3087852247992744 0.06767197225049479 0.11354853764550102
0 0.3275749524505593 0.05250739704939343 0.03929453954332587 0.05444998707211774
0 0.3514902868337827 0.12549483651166557 0.04548060899248251 0.0729590386548183
0 0.3915432013723965 0.09533597536834736 0.05161817737290054 0.09007920134863
0 0.5996803178083518 0.17778991517424253 0.050326290621488724 0.09274360511962149
0 0.6484016479166211 0.25837364231422283 0.058659623954822056 0.09342384916033902
0 0.6856084288817661 0.3296603570631866 0.04606262181734498 0.08962570532148494
0 0.8600242328719107 0.20113087477999844 0.04893740173259983 0.0926302311128353
0 0.9487830480366889 0.23205460932882288 0.047112003225064175 0.08001685710604897
0 0.8154629021256057 0.5199376763949062 0.04287258495528982 0.07759340175235695
0 0.7404981863346631 0.4330331764593204 0.0370502735216721 0.06950101683632302
0 0.7096824833308862 0.4778745445390312 0.057003979187871166 0.0856715862646638
0 0.3109655490300336 0.4683095582614363 0.05397708763656021 0.117970353133194
0 0.33120583586381636 0.5667646941545803 0.06264992845106324 0.12837281939613376
0 0.1495921072857082 0.3430124958983165 0.06187391135124665 0.10615059717391154
0 0.03007548647183511 0.3619755019542204 0.06015097294367022 0.11191870033931271
3 0.35711186781288173 0.9479054433062986 0.07800045783194887 0.10418911338740283
3 0.37722432298240854 0.8045196137525775 0.0708862596469195 0.1262752856590737
1 0.0960537124527878 0.5998011943478231 0.08972444073213223 0.11050141064297002