0 0.970264725035661 0.40256302076207134 0.05947054992867796 0.1633175598047662
0 0.5452017260782336 0.12481134690127697 0.03521734301845625 0.06862475563758672
0 0.5789771844901368 0.0640645136704826 0.032954368980273485 0.05603575159345399
0 0.5434240313646044 0.21802732263648059 0.054991867993723374 0.11413724861162393
0 0.7795189243554508 0.73713840701366 0.09282194852454621 0.16080679415938637
0 0.6271693182891355 0.47642168139945196 0.09662933378151387 0.13616281033591757
0 0.9548621155662875 0.9641699021492157 0.09027576886742503 0.07166019570156866
0 0.8018328611097287 0.9079448262335446 0.09490052289012156 0.13121269518067355
0 0.24108329616147348 0.2048744410155455 0.06907499802689977 0.11780506683072897
0 0.22512913920178584 0.6193429206923429 0.07495111617776283 0.10297230927361499
0 0.1625510545006725 0.7328592699971292 0.11071246381469027 0.13983062855502276