1 0.029849445361325097 0.5403330528724014 0.059698890722650194 0.24225056092186384
0 0.1728364623093356 0.9470338534943084 0.1750016402051196 0.0965565839123062
0 0.4832348685833433 0.782789602006418 0.07259221540118245 0.09842716712112558
3 0.49084975636165457 0.9474813979655036 0.05819782867857397 0.07306345426814384
0 0.33365368408601853 0.3152680093256429 0.09672954504635133 0.1060586247323125
0 0.15021428694331382 0.367723655376876 0.0850188728474382 0.11611157854599775
0 0.0651245318498109 0.329317629395134 0.07319177648898444 0.08805091299367879
0 0.15710856984203195 0.2310191311693708 0.046718364593622316 0.0678790428432715
0 0.3268919264149289 0.10274037177833112 0.04144663900543411 0.05317447189227767
0 0.08265796938410765 0.10707520090330166 0.04810725348251125 0.06791945538249165
0 0.3175824779943549 0.5547907238501459 0.06368004168038542 0.09054580299691553