1 0.4213039795180099 0.6185907628887622 0.0713982922523586 0.15532445762555339
3 0.43006788117464717 0.5159261708819968 0.06534432505439425 0.09896127185454115
3 0.5710326062415902 0.43813894032826384 0.0588989402736028 0.08345712253473891
3 0.8833819252928219 0.19052759560435248 0.08121510630858116 0.1335549784873802
0 0.4076998830739589 0.05141712344652933 0.056822456074304424 0.07159497409367722
1 0.2737519819192749 0.678011177016656 0.14135484660728165 0.19073639790424232
0 0.09349686114035978 0.8389584483987771 0.18699372228071956 0.3220831032024459
3 0.6571600077057481 0.7521056289634456 0.06518253792253322 0.09618349407676337
3 0.6701646204609476 0.6363880747260008 0.07052216129519245 0.11649216162217076
3 0.5335215000584974 0.6997334541601657 0.08081063847892851 0.1266105340429358
3 0.29822913474729595 0.2697061401260758 0.07935455429217894 0.10161053404293578
3 0.20965632296685 0.17699723146552343 0.06878294962768614 0.08663105051105957
3 0.25684494754014187 0.19144968601548476 0.09046566540329005 0.10206327712698476
3 0.04588551186515052 0.4606253451963314 0.09177102373030104 0.20944513483710728
3 0.020263145333383782 0.752279045238616 0.040526290666767564 0.22539142381056523
0 0.8280256426455234 0.6031431445693536 0.09778718114124747 0.1563997224501697
0 0.9665205218666082 0.280926799389547 0.0462097566056021 0.12727904523861594
0 0.5474880424070956 0.34042271195485735 0.07787107356928971 0.12371957049414577
0 0.9046187095129713 0.8178762003528568 0.0881595507530256 0.1338379429149111
0 0.3141200944819951 0.9684269231597723 0.09472692390395707 0.0631461536804554