0 0.18055555555555555 0.2125 0.07222222222222222 0.09861111111111111
0 0.3375 0.4652777777777778 0.05 0.0763888888888889
0 0.22569444444444445 0.5173611111111112 0.06805555555555555 0.12569444444444444
0 0.5027777777777778 0.3013888888888889 0.09444444444444444 0.13819444444444445
0 0.37916666666666665 0.9319444444444445 0.125 0.1361111111111111
0 0.06875 0.9430555555555555 0.13472222222222222 0.11388888888888889
1 0.4798611111111111 0.8861111111111111 0.06805555555555555 0.22708333333333333
1 0.03611111111111111 0.5361111111111111 0.07222222222222222 0.1284722222222222
3 0.14166666666666666 0.4409722222222222 0.08333333333333333 0.12083333333333333
3 0.3229166666666667 0.5743055555555555 0.0375 0.05694444444444444
3 0.21458333333333332 0.7430555555555556 0.09027777777777778 0.14791666666666667