0 0.8586788062822645 0.48549826898169435 0.04218334495311511 0.0620237241734663
0 0.1784924238031092 0.5401722706232159 0.05248440756280104 0.0697191752966284
0 0.26740531380257576 0.7050056308459901 0.056367244262100435 0.08431866926832564
0 0.49086973980619847 0.738443082318293 0.05951337501371875 0.08919594101780035
0 0.7997412922288785 0.826268946229567 0.05907167948613411 0.10168786069861856
0 0.8126358056378677 0.5288406758682067 0.049706629785023264 0.06970301465826464
0 0.5870449646951152 0.43983554836157546 0.04532947570473343 0.06690099592294133
0 0.546369393098109 0.5540112885814211 0.04042610309038568 0.05715453274317339
3 0.4371063066935706 0.34066378107771833 0.0600284130950475 0.05935099054505307
3 0.9575645419186363 0.8475659719054636 0.0848709161627274 0.09701259692869067
0 0.5594018714695369 0.3225835215594197 0.03743783789898474 0.05436059432703186