3 0.2906416458101788 0.5033804676621298 0.05560767375222958 0.09492992629163584
0 0.763858250663622 0.961464865437153 0.08886821850322552 0.07707026912569385
0 0.5575856615893244 0.7398679814235807 0.07278090758302148 0.11821835055703692
0 0.7754376159590556 0.6748852087954019 0.06971197547589346 0.11259814150604938
0 0.6544440157791456 0.2455066763742289 0.04691039750720844 0.08779152136089516
0 0.6034731815665393 0.17287978917410546 0.04844781647301014 0.07742334481580251
0 0.5808938816014214 0.29789537191651283 0.05276006030435194 0.08029810283672845
0 0.539924612291437 0.28376345178830287 0.028057120458177248 0.05891521479222222
0 0.2072512478000131 0.5929943858488274 0.06284327252602427 0.10064711558577165
0 0.11305469822495788 0.4631800229649384 0.05440370923142221 0.08519154069555554
0 0.09675692095013733 0.2845461670041359 0.05557718528553611 0.06787891970601857