0 0.7533245156444666 0.192330431950987 0.03813173807211917 0.07028493988506178
0 0.3223609091806574 0.7853946969783022 0.033520533474030695 0.05491018186413581
0 0.3670754664077346 0.7697607443441974 0.03549540418161191 0.07508139750074053
0 0.48183113732636196 0.8685473300419441 0.06466207084827873 0.07576025920277768
0 0.6232815481068646 0.18910298286243774 0.04193469188580442 0.057881920128209904
0 0.729560354241393 0.3547986858347216 0.04864200480913452 0.09759456045240743
0 0.6495197238782244 0.7326105322545674 0.061000560921863844 0.09302439007074068
3 0.5787003341240161 0.949682444530586 0.0674600548956666 0.07651935714265443
3 0.35002070549148634 0.9001067566710491 0.04040435910964493 0.05298848226938288
3 0.8092321776483118 0.37031717232601785 0.04207613577307509 0.06274303123932093
1 0.8542221913722283 0.3880327163991042 0.03655147391554294 0.15907684853080248