1 0.19583333333333333 0.8145833333333333 0.07222222222222222 0.09861111111111111
1 0.1951388888888889 0.7138888888888889 0.03194444444444444 0.07430555555555556
1 0.22847222222222222 0.6125 0.08472222222222223 0.044444444444444446
2 0.6118055555555556 0.9368055555555556 0.020833333333333332 0.03680555555555556
2 0.6194444444444445 0.7416666666666667 0.016666666666666666 0.03194444444444444
3 0.8604166666666667 0.30972222222222223 0.05138888888888889 0.052083333333333336
3 0.6819444444444445 0.47291666666666665 0.05 0.07152777777777777
3 0.5791666666666667 0.38263888888888886 0.041666666666666664 0.059027777777777776
0 0.9236111111111112 0.12708333333333333 0.04722222222222222 0.04722222222222222
0 0.8090277777777778 0.07430555555555556 0.0375 0.05416666666666667
0 0.6652777777777777 0.23472222222222222 0.030555555555555555 0.044444444444444446
0 0.4965277777777778 0.1986111111111111 0.029166666666666667 0.04722222222222222
0 0.4305555555555556 0.8381944444444445 0.07222222222222222 0.13055555555555556
0 0.24513888888888888 0.06666666666666667 0.0375 0.034722222222222224
0 0.16458333333333333 0.09236111111111112 0.05138888888888889 0.06180555555555556