0 0.6722645942103739 0.025011251855153117 0.030640414143373266 0.05002250371030623
3 0.27675695327064326 0.1158519035808402 0.04773217602973116 0.07551793173216038
0 0.34676861158356265 0.019863891880188698 0.0339567757591432 0.039727783760377396
0 0.47573601415199407 0.2680755122142275 0.03219936404244158 0.05497491745106989
0 0.5027067757591431 0.027138358817018787 0.03319144390757869 0.05015421887917893
0 0.5623581105742453 0.03305971478905083 0.03696130155049341 0.04541434538572831
0 0.8056822130739523 0.2424648993879969 0.05167209468282547 0.0728613915720431
0 0.8452933741571665 0.395149077095426 0.047505428016158806 0.07274015395438262
0 0.7925158256024178 0.3284675478733559 0.0445575892282016 0.07057599554260889
0 0.622843830863799 0.5693803198739644 0.047505428016158806 0.07274015395438262
0 0.7166928898553439 0.610503504824654 0.04495439825195338 0.07543710665372
0 0.9168056908045573 0.7766160023469303 0.08287949347164461 0.0987100548956663
0 0.40284602912006284 0.7651191341606706 0.07020931784995067 0.13020996140868923
0 0.40358376244477545 0.5353866919449217 0.047873950843971454 0.060280566493602805
0 0.3202362287077152 0.5461649839010748 0.058616539127269836 0.07306345426814384
0 0.18392757267108734 0.29188033576745925 0.031802555018689796 0.05011380633995878
0 0.1267142374479479 0.17938567948166595 0.04594647811709045 0.07061640808182909