1 0.3301434142210017 0.8771671690087691 0.08148810953627598 0.10987255822038043
1 0.4298920878250447 0.8547737548000355 0.049869955713320265 0.19714423361802808
3 0.4659282052731932 0.5763529210529184 0.04772487501413628 0.056301388475105164
3 0.38185195586410775 0.7894445885471525 0.042508826939750576 0.06576485653872877
3 0.39441367379252745 0.712378384705521 0.045213853114420506 0.06381090028469474
0 0.0729939318269149 0.7799124995862162 0.0978748034651996 0.18204722139465476
0 0.31671746867012185 0.7309457044375378 0.06533070409136393 0.1236796290779179
0 0.20813059631840758 0.6392238198686088 0.0816578632768609 0.11473366933149154
0 0.33708340398316755 0.5398460198495949 0.03965829755886495 0.06355214612609611
0 0.37156751666911386 0.4353749546899603 0.043655210484946694 0.05888510063393397
0 0.1227095044068933 0.5159950958546597 0.06195327138419498 0.06667049609382394
0 0.14047184092759377 0.44887752412402415 0.06604718644775384 0.06478122837943942