0 0.6856896395843981 0.28093007793739166 0.07285318240499142 0.11137369469686693
3 0.3255205333158484 0.2644804534526172 0.10774044489262498 0.13514844187068084
0 0.42236443825734143 0.40394388034403855 0.07007540462721364 0.1112443176175677
3 0.5862006549647314 0.6247333811260755 0.10342809736774257 0.13287104291839852
3 0.840081365955055 0.785262192449834 0.135372541812187 0.13435887933034046
3 0.8335053973196592 0.6021400542271512 0.07792313509982812 0.1046880044110212
1 0.6442083431988344 0.5375853386669913 0.1036128205765149 0.0761206640929029
1 0.7558675708238436 0.33649701884391314 0.10134000506665189 0.10300993180728742
1 0.5691556710173354 0.7695012682687682 0.13275980429982073 0.15638703593361356
1 0.5390615999475454 0.813818250347492 0.15895445204442196 0.1548383404091794
1 0.5163394979613315 0.9110899463312407 0.09924207129388031 0.11260277695021033