3 0.028483586988899842 0.8342050817945819 0.056967173977799684 0.09407321276727505
3 0.5916527249231498 0.7753810371299548 0.07055114357108559 0.10661361436318467
3 0.7990844068086549 0.5936982770485266 0.058934534626255045 0.08155705212891146
3 0.7919008542077591 0.4320058459615174 0.042256687506859535 0.04467069338153714
3 0.6571355503797405 0.4883209515201699 0.043203880868163465 0.057170693381537144
3 0.4890775345165055 0.6267380677473136 0.03604894901009585 0.054352514007849906
3 0.3290922030272542 0.6311395266754523 0.03552273047603809 0.04740806956340546
0 0.7362943170039173 0.34139723810247985 0.03743783789898474 0.05436059432703186
0 0.5913817156136312 0.6323901241278542 0.029546200093236052 0.0418201927311224
0 0.3645159496338509 0.8232097462960156 0.025148325312607907 0.05706564923217267
0 0.32120600495631596 0.9275824611018202 0.04745507054130339 0.07663129846434534
0 0.0033245665206198564 0.6602186988467106 0.006649133041239713 0.06690099592294133