0 0.033081103535925006 0.5741953365583974 0.049127789397559615 0.0633575897551888
3 0.4149402048713365 0.6529806619798582 0.03809002084019255 0.045656971162907845
0 0.913053718191218 0.8423568330534181 0.059440032459974645 0.10804453954332587
0 0.7472202810339942 0.724464393371176 0.052063432735555026 0.06553792522599906
0 0.8793506926620327 0.3315014441456808 0.04773890050867067 0.06330908868645027
0 0.6903582002714519 0.23438501567576905 0.02456948492514436 0.05003307158663364
0 0.5326459688288188 0.21147053219409528 0.022443890088574392 0.04026234829567288
0 0.41491650474386715 0.21223330299679988 0.02309607302978236 0.030588627142189198
0 0.064479428848533 0.5181966629543544 0.03830050825381583 0.04843474894068562
0 0.331622972606091 0.3374405241314351 0.03385001161978178 0.06282407799906488
0 0.3300004152955612 0.4599295022317193 0.03859551867391215 0.07060847009416939
0 0.4670347186573988 0.6178968943645207 0.03780619087282528 0.060191803427502716