0 0.7332614144225823 0.2768031061879035 0.07412095030710539 0.11175439670319855
3 0.3680404382597121 0.2624675928446726 0.10926826774901899 0.13572354490152208
0 0.486775779409927 0.40130731644912515 0.07134317252932793 0.11160881953852342
3 0.6853436016407699 0.6210478617030781 0.1049315400721729 0.13342184582117605
3 0.948496447724786 0.7800255148521027 0.10300710455042797 0.13509598321493982
3 0.9309643873642576 0.5970167772270506 0.07910963582872974 0.10510110658810434
1 0.7305111205601418 0.5335960676431976 0.10444987246060325 0.07669576712374429
1 0.8123853652665536 0.33193669481062194 0.10249399892626848 0.10356073471006502
1 0.6901900539020959 0.7658562490592103 0.13452330195853063 0.1570998396901495
1 0.6666213147791363 0.8103311819703483 0.16068544283384717 0.15570504497678522
1 0.6585285860285588 0.907696028445008 0.10050983919599443 0.11313737976761205