0 0.6787988379299483 0.44023288433630575 0.03955889142221483 0.05225327973199809
0 0.11862973166139881 0.3609830782545397 0.12856393675427782 0.1796623054589342
0 0.2589580109422402 0.956348715157001 0.07443631243816781 0.08730256968599785
0 0.8822034639950683 0.5776613092600984 0.06540377569263253 0.08612508229180883
0 0.6935199518668087 0.9687169029764687 0.09005401221844869 0.06256619404706246
0 0.7245750636501905 0.804348292015738 0.07390214929137705 0.10891417454796258
0 0.5729858805045954 0.4253097728171573 0.037286075912351495 0.07899649104497274
3 0.41238892606074873 0.22502691085776452 0.06905563861970418 0.09885183030538143
3 0.457440212313009 0.17003811072462566 0.07341654643065836 0.10196973010351798
3 0.6423478048163341 0.4421462712709742 0.040238735427221034 0.06197550195422031
1 0.4006925973021744 0.9408439601426216 0.09679437404692522 0.1183120797147568
0 0.7692026136225809 0.3658986987502672 0.040578657429724295 0.06683661306533142