0 0.3342663932143203 0.4108915401993364 0.04066781233641971 0.054397438480784405
0 0.3180291095200808 0.8172761107665811 0.059408683045431905 0.09495981629957745
0 0.32085127414456655 0.7311380855420211 0.03697869431358017 0.04380276372585223
0 0.12037561491308535 0.562917041606169 0.06942618586246899 0.0831718486526395
0 0.623638181213332 0.7111801439399547 0.04375786968275703 0.0739308869693616
0 0.8744188801347311 0.7755894728846253 0.06653539553888853 0.09748816985357457
0 0.5587164400467065 0.6952804023542936 0.0516659109017283 0.06960380012304673
0 0.6244664160020158 0.3970325046224534 0.046223367891975106 0.05475345465731512
0 0.24844993289390863 0.4482063349083308 0.032204467483539015 0.0365913071490095
3 0.13985940777131511 0.9161502303104877 0.12303628928699556 0.16769953937902451
3 0.6218992359837019 0.9546112936097788 0.07650064182646064 0.09077741278044237
3 0.9911063245998346 0.947132709568929 0.01778735080033079 0.08895924052335842