3 0.7140653927080755 0.8793870373960502 0.07160196269183719 0.188246310941973
3 0.34137400958338926 0.7642484405231617 0.11906757574791714 0.3303916539414527
3 0.27009770323215604 0.9022495362563123 0.057624187283392796 0.18004149319802296
3 0.5428598655845205 0.7807877422548832 0.10643731321167549 0.19938335530184823
3 0.37652498974464116 0.8621627439958395 0.11086255884432193 0.22177535618058894
3 0.44373305612132774 0.9025204279928456 0.12741609721337252 0.19495914401430872
3 0.7455159479453695 0.7189397110926417 0.11306661454133228 0.1725829863960456
0 0.5354019650611705 0.1995094458121301 0.048256538086141 0.09081304699609716
0 0.22978614350375315 0.7187487874604492 0.12888579202913 0.2197332859143908
0 0.07980697959543252 0.29686260870283687 0.10473328120799895 0.17224342908300894
0 0.21808028386024203 0.07066234213726423 0.11098279468137306 0.11280417128831728