0 0.8965277777777778 0.7034722222222223 0.04583333333333333 0.09375
0 0.07083333333333333 0.13194444444444445 0.03888888888888889 0.06180555555555556
0 0.5319444444444444 0.16180555555555556 0.027777777777777776 0.04722222222222222
0 0.6638888888888889 0.09513888888888888 0.030555555555555555 0.04722222222222222
0 0.6284722222222222 0.19166666666666668 0.0625 0.10625
0 0.8395833333333333 0.11388888888888889 0.043055555555555555 0.06944444444444445
0 0.9270833333333334 0.26666666666666666 0.059722222222222225 0.07916666666666666
0 0.8354166666666667 0.3638888888888889 0.04861111111111111 0.08611111111111111
0 0.7583333333333333 0.2701388888888889 0.03888888888888889 0.05694444444444444
0 0.6604166666666667 0.26180555555555557 0.0375 0.06388888888888888
0 0.5458333333333333 0.4888888888888889 0.030555555555555555 0.05416666666666667
0 0.5486111111111112 0.6791666666666667 0.03333333333333333 0.06388888888888888
0 0.4048611111111111 0.7791666666666667 0.02638888888888889 0.08125
0 0.36180555555555555 0.8048611111111111 0.03194444444444444 0.05416666666666667
0 0.3020833333333333 0.8395833333333333 0.034722222222222224 0.059027777777777776