3 0.60625 0.7729166666666667 0.04583333333333333 0.059027777777777776
3 0.44305555555555554 0.7604166666666666 0.041666666666666664 0.049305555555555554
3 0.16041666666666668 0.34930555555555554 0.043055555555555555 0.06180555555555556
3 0.12569444444444444 0.26805555555555555 0.04027777777777778 0.052083333333333336
0 0.5923611111111111 0.5194444444444445 0.02361111111111111 0.05694444444444444
0 0.5930555555555556 0.39652777777777776 0.03611111111111111 0.052083333333333336
0 0.49930555555555556 0.4173611111111111 0.029166666666666667 0.03958333333333333
0 0.46944444444444444 0.4583333333333333 0.03333333333333333 0.04722222222222222
0 0.4097222222222222 0.43194444444444446 0.030555555555555555 0.06388888888888888
0 0.8076388888888889 0.8652777777777778 0.08194444444444444 0.1361111111111111
0 0.6270833333333333 0.8951388888888889 0.04861111111111111 0.07152777777777777
0 0.3861111111111111 0.9416666666666667 0.05277777777777778 0.08611111111111111
0 0.41180555555555554 0.8395833333333333 0.04027777777777778 0.05416666666666667
0 0.33958333333333335 0.6715277777777777 0.04583333333333333 0.07916666666666666
0 0.24513888888888888 0.46805555555555556 0.04583333333333333 0.05694444444444444