3 0.7041666666666667 0.8506944444444444 0.06944444444444445 0.18541666666666667
3 0.3326388888888889 0.7506944444444444 0.11527777777777778 0.32569444444444445
3 0.25972222222222224 0.8916666666666667 0.05555555555555555 0.17777777777777778
3 0.5340277777777778 0.7590277777777777 0.10416666666666667 0.1951388888888889
3 0.36666666666666664 0.8472222222222222 0.10833333333333334 0.21736111111111112
3 0.43333333333333335 0.89375 0.125 0.2076388888888889
3 0.7375 0.6888888888888889 0.1111111111111111 0.16805555555555557
0 0.5333333333333333 0.17777777777777778 0.04722222222222222 0.08888888888888889
0 0.22152777777777777 0.7097222222222223 0.12638888888888888 0.21458333333333332
0 0.0763888888888889 0.29375 0.10277777777777777 0.16805555555555557
0 0.21736111111111112 0.06180555555555556 0.10972222222222222 0.10833333333333334