0 0.1638888888888889 0.5520833333333334 0.041666666666666664 0.06666666666666667
0 0.7673611111111112 0.26666666666666666 0.04583333333333333 0.08888888888888889
0 0.5069444444444444 0.24097222222222223 0.05 0.08611111111111111
0 0.9284722222222223 0.5805555555555556 0.09305555555555556 0.10833333333333334
0 0.6180555555555556 0.8125 0.075 0.14305555555555555
0 0.5305555555555556 0.9638888888888889 0.10277777777777777 0.07152777777777777
3 0.44930555555555557 0.5097222222222222 0.04583333333333333 0.0763888888888889
0 0.14652777777777778 0.7381944444444445 0.05138888888888889 0.06388888888888888
0 0.05 0.9173611111111111 0.08333333333333333 0.13055555555555556
0 0.24583333333333332 0.7319444444444444 0.05277777777777778 0.06666666666666667
0 0.425 0.8097222222222222 0.05555555555555555 0.09861111111111111