3 0.6648181228406426 0.7588060412886106 0.05030619087282528 0.06009456045240742
3 0.5006764850348939 0.7501044341452465 0.045402818258477695 0.050275357987037084
3 0.18688545892977823 0.34557181619435173 0.047738900508670745 0.06280768473475307
3 0.1460064798590788 0.265129984887253 0.04422441678321189 0.05302080901709879
0 0.6317222574586409 0.5056570865435489 0.027926103090385682 0.05749399915561734
0 0.6231026338502608 0.38272425650302416 0.040057750116545304 0.05292382877395059
0 0.5309312894524344 0.40573964530719087 0.032166112310796614 0.0402621950353705
0 0.5041748676922648 0.4474068926053082 0.036911619364926984 0.047998064167407505
0 0.4424530150406227 0.4224080538682095 0.035396766068888044 0.06460007733864204
0 0.8732057182325013 0.8464797739808944 0.09225832771197891 0.138018389226358
0 0.6949129023733945 0.8805433622950921 0.0540311620119073 0.07265921394783971
0 0.4574663443293602 0.9326798308016048 0.05930288760009558 0.08733952752432085
0 0.4754253763231538 0.8299984526355243 0.04438228234342918 0.055104142350432365
0 0.3904686655767307 0.6636238879612034 0.05183222462159323 0.08023344934129631
0 0.2806060180843903 0.4623498845836726 0.05014832531260798 0.05801122711907409