0 0.08675033468807042 0.8997697109033163 0.08409266696771935 0.20042825691663968
0 0.9718779154725943 0.5360831661119859 0.05624416905481142 0.15602421406810485
0 0.5119186506856165 0.14498351080364336 0.07819088597390192 0.11430906548634678
0 0.4022780757824448 0.10741529109579478 0.08629994773574734 0.1365716893044784
1 0.5259441831231808 0.677703202884351 0.16517546007306375 0.13147671194229027
3 0.6698643429300741 0.7331330504873901 0.1313148891899415 0.20070298776882395
3 0.26805548067626883 0.4888677620805393 0.08802229106963047 0.11644896105395333
3 0.22551040454139312 0.657916733890269 0.1260622996126868 0.15346460490823782
0 0.38887205588049323 0.7264319416287969 0.10716376953577399 0.16376814710635806
0 0.7699971491014816 0.6290467240073447 0.08984200562806942 0.15117118327617554
0 0.6786629775354923 0.45035679617240904 0.08918690838703153 0.13867118327617556
0 0.5021698522532554 0.26382643447423504 0.071501201567639 0.11912977500154844
0 0.31857290014502765 0.2996273793072385 0.07819088597390192 0.11430906548634678
1 0.45388724910698025 0.42943550533846997 0.07156217850102596 0.17328028102985135