0 0.9034722222222222 0.4284722222222222 0.10694444444444444 0.16527777777777777
0 0.6236111111111111 0.2125 0.058333333333333334 0.11875
0 0.49375 0.1951388888888889 0.04583333333333333 0.06388888888888888
0 0.42083333333333334 0.5284722222222222 0.06111111111111111 0.10833333333333334
0 0.49722222222222223 0.4361111111111111 0.075 0.10138888888888889
0 0.4236111111111111 0.6875 0.09722222222222222 0.15555555555555556
0 0.7986111111111112 0.6902777777777778 0.08888888888888889 0.1361111111111111
0 0.5534722222222223 0.24166666666666667 0.04583333333333333 0.08888888888888889
3 0.5958333333333333 0.5416666666666666 0.06111111111111111 0.09652777777777778
3 0.6597222222222222 0.43472222222222223 0.07777777777777778 0.09375
3 0.7590277777777777 0.5270833333333333 0.09861111111111111 0.1361111111111111
3 0.5756944444444444 0.6902777777777778 0.07361111111111111 0.10138888888888889
3 0.7444444444444445 0.9402777777777778 0.11388888888888889 0.11944444444444445