3 0.8916666666666667 0.5284722222222222 0.07222222222222222 0.09375
3 0.5291666666666667 0.9333333333333333 0.125 0.13333333333333333
0 0.7208333333333333 0.2076388888888889 0.08055555555555556 0.1284722222222222
0 0.6993055555555555 0.06388888888888888 0.06805555555555555 0.09375
0 0.6326388888888889 0.2875 0.07083333333333333 0.12569444444444444
1 0.6708333333333333 0.5840277777777778 0.12222222222222222 0.2048611111111111
3 0.5395833333333333 0.2222222222222222 0.0625 0.09375
3 0.49930555555555556 0.32222222222222224 0.09305555555555556 0.13055555555555556
1 0.26875 0.28402777777777777 0.18194444444444444 0.10347222222222222
3 0.3701388888888889 0.4361111111111111 0.09027777777777778 0.1361111111111111
3 0.20416666666666666 0.1951388888888889 0.10555555555555556 0.11875
0 0.7347222222222223 0.9138888888888889 0.08333333333333333 0.16805555555555557
0 0.041666666666666664 0.5305555555555556 0.075 0.11875
0 0.15763888888888888 0.7743055555555556 0.1125 0.1951388888888889
0 0.17708333333333334 0.5506944444444445 0.09305555555555556 0.14791666666666667
0 0.10833333333333334 0.3638888888888889 0.08055555555555556 0.10625
0 0.5486111111111112 0.052083333333333336 0.10555555555555556 0.09861111111111111
0 0.3729166666666667 0.08402777777777778 0.09305555555555556 0.14305555555555555
0 0.1840277777777778 0.050694444444444445 0.0875 0.08125
0 0.09861111111111111 0.19375 0.08611111111111111 0.1111111111111111