3 0.2743277679217413 0.5150679485936749 0.09034432505439424 0.09997994379365151
3 0.9656962903416075 0.6712956529635628 0.06860741931678484 0.1546559464298732
1 0.6079566309614128 0.626074176055291 0.07676466413991344 0.19988208784101005
3 0.3738368534346117 0.37109866663361685 0.05899353210760315 0.06129149319802281
3 0.17405704266656577 0.6340089341109799 0.07572739407213057 0.08691401493859022
3 0.5151219126590557 0.8129292349143863 0.1222209261797338 0.14769617216705783
3 0.39042493952067303 0.8590797061604191 0.11963168404871251 0.1746097268438727
0 0.5564438096386511 0.912875005222869 0.12304356010710886 0.13803054283034158
3 0.4190807923193495 0.6818006609218029 0.0957106969419491 0.1445375740091082
3 0.2989917914324378 0.388766312227034 0.06739406073879715 0.08657445762555338
0 0.47892889103917724 0.1795676051382998 0.05202169112701919 0.10811756522170216
0 0.6397444724439502 0.048414310436503016 0.06376690051874886 0.07187793852120786
0 0.5892989098100879 0.11451032186013081 0.05510999292169332 0.06598282565261554
0 0.25359911566266446 0.12331639259874906 0.06351052155288742 0.09126579008014618
0 0.6413535505647932 0.30311860951547787 0.07490476014475544 0.09657964427530633
0 0.5437337096469532 0.2883018150581536 0.0800825963855538 0.11411053404293578
0 0.959597317756483 0.8432761738253896 0.0808053644870338 0.20197602460473704
0 0.8577071011295863 0.6235546419958302 0.11445384780791415 0.15707883707624337
0 0.6413255060074092 0.4221515739430085 0.0819163998870604 0.12180601581733078
0 0.46298767438090843 0.47953694550155795 0.07951634142403997 0.10438831182071355
0 0.11079605094550488 0.5398297610817064 0.12805960921604614 0.1527836548201934
0 0.19513629680391192 0.27883892532357396 0.0721002338520822 0.07221749583424465
0 0.10561951074719504 0.3792433157585213 0.09274438351741475 0.11739764779026873