2 0.7123502461721277 0.5737748647237265 0.04866460814090203 0.04941113492032104
2 0.8404447490795928 0.5541955057779877 0.04821284439424921 0.05356568001412099
2 0.6559776097807435 0.4339299487781183 0.04188195082831846 0.0520676969694307
2 0.603132636705105 0.45982694517026285 0.04082348533718674 0.045805575396563984
2 0.5154186485859416 0.6556047626300572 0.05037707129351298 0.05499093362161034
2 0.4223431936495255 0.6933037997867214 0.04058765377343008 0.029845474747208476
2 0.4149332871903584 0.6656836024562124 0.04817924674531879 0.0410778015869877
2 0.36550703930715134 0.7400826158036665 0.04360126311496452 0.04585406168803116
2 0.32253108127503777 0.5965351677513666 0.04172701283049247 0.037496485208964085
3 0.29161835380682977 0.6151119509401953 0.03482301516901324 0.038069713924740414
2 0.33024595865955503 0.7975846525999847 0.04196284439424913 0.05345658585831959
2 0.3075184756608891 0.8423806226575667 0.04743750638387417 0.05216466955236506
2 0.2127031610357223 0.8384857225847652 0.04842192744311041 0.045244468253654364
2 0.20821912121812425 0.7844523932196336 0.04821969352828401 0.04177224603143215
2 0.15031700422933897 0.7542448484861798 0.04490240930388793 0.05628284992756486
2 0.1445941084503759 0.8882362615453572 0.05119970522088815 0.04529295454512155
2 0.09915839381266031 0.8702984069274341 0.05707883504016584 0.050945482683611786
2 0.07239178560901419 0.8534221587309956 0.04421481399347845 0.044477294372008994
2 0.033725678037056395 0.8860090465373816 0.045030598786818685 0.046572749278209355
2 0.009780417406033842 0.9588131042572109 0.019560834812067683 0.040359113996809505
3 0.1174964288277285 0.7936670865812089 0.06181175666834622 0.06074043434303494
3 0.05962170837508293 0.81063327777851 0.059809316900943425 0.06209295851332336
3 0.011236339587472366 0.8810959343437672 0.02247267917494473 0.05637982251049923
3 0.0885916942184697 0.6824797312418609 0.046850704020255665 0.0778227492782092
3 0.3124392849145817 0.7340715324699671 0.04796331456242263 0.06119244733014284
3 0.2675156801873448 0.6835190321088886 0.04302815901941588 0.047925273448497625