3 0.46805555555555556 0.14583333333333334 0.022916666666666665 0.041666666666666664
0 0.3145833333333333 0.8520833333333333 0.02013888888888889 0.03263888888888889
0 0.2965277777777778 0.88125 0.022916666666666665 0.03680555555555556
0 0.35347222222222224 0.8076388888888889 0.02847222222222222 0.04791666666666667
0 0.37777777777777777 0.7006944444444444 0.02638888888888889 0.04097222222222222
0 0.47291666666666665 0.6590277777777778 0.027777777777777776 0.052083333333333336
0 0.40555555555555556 0.29375 0.015277777777777777 0.027083333333333334
0 0.3923611111111111 0.27152777777777776 0.01597222222222222 0.029861111111111113
0 0.35555555555555557 0.22847222222222222 0.018055555555555554 0.035416666666666666
0 0.36527777777777776 0.15625 0.03125 0.04236111111111111
0 0.32083333333333336 0.11805555555555555 0.018055555555555554 0.03819444444444445
0 0.3020833333333333 0.08263888888888889 0.021527777777777778 0.03888888888888889
0 0.35625 0.09027777777777778 0.016666666666666666 0.030555555555555555
0 0.4840277777777778 0.013888888888888888 0.02361111111111111 0.027777777777777776
0 0.40208333333333335 0.011805555555555555 0.022222222222222223 0.022222222222222223
0 0.40694444444444444 0.04027777777777778 0.024305555555555556 0.03958333333333333
0 0.44513888888888886 0.07013888888888889 0.024305555555555556 0.05486111111111111
0 0.42777777777777776 0.22291666666666668 0.02361111111111111 0.049305555555555554
0 0.42083333333333334 0.34305555555555556 0.021527777777777778 0.034027777777777775
0 0.4270833333333333 0.43472222222222223 0.024305555555555556 0.03958333333333333
0 0.42777777777777776 0.8458333333333333 0.027777777777777776 0.058333333333333334
0 0.48125 0.5416666666666666 0.022222222222222223 0.044444444444444446
3 0.8854166666666666 0.044444444444444446 0.1451388888888889 0.08888888888888889
3 0.9736111111111111 0.22847222222222222 0.052083333333333336 0.14791666666666667
3 0.66875 0.22430555555555556 0.09930555555555555 0.1798611111111111
3 0.50625 0.39791666666666664 0.024305555555555556 0.09166666666666666
3 0.525 0.5201388888888889 0.030555555555555555 0.04791666666666667
0 0.9041666666666667 0.4270833333333333 0.1909722222222222 0.21944444444444444
0 0.7659722222222223 0.5666666666666667 0.09027777777777778 0.12986111111111112
0 0.5340277777777778 0.6256944444444444 0.044444444444444446 0.06041666666666667
0 0.5645833333333333 0.5784722222222223 0.06388888888888888 0.1361111111111111
0 0.2881944444444444 0.8 0.02361111111111111 0.044444444444444446
0 0.3159722222222222 0.5243055555555556 0.02638888888888889 0.04236111111111111
0 0.3055555555555556 0.41805555555555557 0.025 0.041666666666666664
0 0.35208333333333336 0.3576388888888889 0.027083333333333334 0.03611111111111111
0 0.28680555555555554 0.3034722222222222 0.022916666666666665 0.029861111111111113
0 0.21944444444444444 0.23333333333333334 0.027777777777777776 0.035416666666666666
0 0.1909722222222222 0.2743055555555556 0.022222222222222223 0.02847222222222222
0 0.16597222222222222 0.34097222222222223 0.01597222222222222 0.027083333333333334
0 0.17708333333333334 0.3798611111111111 0.015277777777777777 0.024305555555555556
0 0.28541666666666665 0.5569444444444445 0.02013888888888889 0.03611111111111111
0 0.23819444444444443 0.6173611111111111 0.022222222222222223 0.03819444444444445
0 0.22361111111111112 0.5291666666666667 0.018055555555555554 0.02847222222222222
0 0.25833333333333336 0.5493055555555556 0.01597222222222222 0.027777777777777776
0 0.26180555555555557 0.5854166666666667 0.022222222222222223 0.034027777777777775
0 0.27361111111111114 0.9222222222222223 0.029166666666666667 0.04236111111111111
0 0.12430555555555556 0.8548611111111111 0.027777777777777776 0.044444444444444446
0 0.13958333333333334 0.5868055555555556 0.02638888888888889 0.035416666666666666
0 0.16805555555555557 0.5034722222222222 0.02638888888888889 0.030555555555555555
0 0.14305555555555555 0.40069444444444446 0.02361111111111111 0.025694444444444443
0 0.19791666666666666 0.4284722222222222 0.024305555555555556 0.03125
0 0.011111111111111112 0.48541666666666666 0.022222222222222223 0.044444444444444446
0 0.009722222222222222 0.5416666666666666 0.019444444444444445 0.04652777777777778
0 0.27361111111111114 0.19722222222222222 0.034722222222222224 0.03680555555555556
0 0.2048611111111111 0.16319444444444445 0.02638888888888889 0.02847222222222222
0 0.1 0.18680555555555556 0.022222222222222223 0.03125
0 0.20416666666666666 0.09236111111111112 0.03194444444444444 0.027777777777777776
0 0.2152777777777778 0.11944444444444445 0.027083333333333334 0.027777777777777776
0 0.1736111111111111 0.15138888888888888 0.025694444444444443 0.03263888888888889
0 0.2638888888888889 0.05277777777777778 0.018055555555555554 0.03888888888888889