2 0.3409575432229109 0.9390468297276746 0.03495425043874355 0.03112526948029597
2 0.6727520221496277 0.7844476616203555 0.03308140451903338 0.03386668253947328
2 0.5811586980367053 0.7686623549819308 0.03703758377207688 0.031161634198896435
2 0.6683031657207134 0.8909158499319584 0.031113675242680945 0.02620355050485096
2 0.6404305045862932 0.8809719246070975 0.02592647266096577 0.030967689033027393
2 0.560284743405255 0.8510795407681812 0.04412953342656954 0.042381839465808945
2 0.5388534891892391 0.9536719801619209 0.042003938589999575 0.03263537409785297
2 0.43589630504834587 0.9255684971164981 0.04504482563480631 0.03615608261154269
2 0.3954192203096739 0.9603478124120187 0.04492922157782557 0.043782849927564864
2 0.30014236645834624 0.8959513946624829 0.0401837145236952 0.036071231601474726
2 0.2513526690866794 0.9127963701311159 0.04130949414555513 0.032623252524986254
2 0.11366044206571517 0.7566570414866767 0.031629533426569545 0.04216365115420615
2 0.19178831242467453 0.9159221587309958 0.03638540083086907 0.040859613275385225
3 0.13871470412424058 0.8487029917032505 0.043655936745917424 0.03613183946580894
3 0.12587743220090766 0.8169403708518084 0.042961492301472975 0.03611971789294222
3 0.07979217005327441 0.8511222142858189 0.02644233084485449 0.04692778968238258
2 0.2728891670095067 0.8115928196262653 0.03367060525666624 0.03248991522345111
2 0.43959809517940995 0.8184179859333179 0.03710056597565199 0.02284042243842982
0 0.4432799847126955 0.7752412146490943 0.03151392936958865 0.049790418470228005