2 0.6618055555555555 0.28402777777777777 0.027083333333333334 0.02847222222222222
2 0.6791666666666667 0.2951388888888889 0.030555555555555555 0.029166666666666667
2 0.6354166666666666 0.24166666666666667 0.027083333333333334 0.03263888888888889
2 0.6527777777777778 0.3159722222222222 0.030555555555555555 0.03194444444444444
2 0.5541666666666667 0.23125 0.03194444444444444 0.03611111111111111
2 0.5173611111111112 0.33958333333333335 0.03333333333333333 0.034722222222222224
2 0.5395833333333333 0.3277777777777778 0.022222222222222223 0.04583333333333333
2 0.6263888888888889 0.1763888888888889 0.029861111111111113 0.04375
2 0.8083333333333333 0.22152777777777777 0.035416666666666666 0.03680555555555556
2 0.8284722222222223 0.3 0.04375 0.04722222222222222
2 0.7784722222222222 0.33194444444444443 0.03263888888888889 0.04375
2 0.7930555555555555 0.5458333333333333 0.034027777777777775 0.03263888888888889
2 0.9118055555555555 0.5708333333333333 0.030555555555555555 0.029861111111111113
2 0.8201388888888889 0.6166666666666667 0.04236111111111111 0.04791666666666667
2 0.8125 0.5881944444444445 0.044444444444444446 0.04097222222222222
2 0.7138888888888889 0.6166666666666667 0.03263888888888889 0.03680555555555556
2 0.4340277777777778 0.7708333333333334 0.03194444444444444 0.04375
2 0.9493055555555555 0.59375 0.04513888888888889 0.06180555555555556
2 0.8611111111111112 0.6673611111111111 0.04027777777777778 0.07013888888888889
2 0.7736111111111111 0.7444444444444445 0.03888888888888889 0.06041666666666667
3 0.9604166666666667 0.7659722222222223 0.03194444444444444 0.08611111111111111
3 0.9076388888888889 0.9256944444444445 0.07222222222222222 0.08055555555555556
3 0.9472222222222222 0.9541666666666667 0.075 0.09097222222222222
3 0.80625 0.9805555555555555 0.052083333333333336 0.03819444444444445
3 0.5805555555555556 0.8930555555555556 0.035416666666666666 0.058333333333333334
3 0.6513888888888889 0.9166666666666666 0.05694444444444444 0.05694444444444444
3 0.6152777777777778 0.8659722222222223 0.03819444444444445 0.05277777777777778
3 0.5409722222222222 0.8416666666666667 0.03680555555555556 0.05347222222222222
2 0.3736111111111111 0.6409722222222223 0.043055555555555555 0.04722222222222222