3 0.24758875681427928 0.7922326732455607 0.04416260066352843 0.058136672835404905
3 0.4027085639398491 0.4005089848488587 0.02618480627292096 0.03831862430581197
2 0.2861587007886871 0.3156108835404625 0.025602082840058275 0.029985290972478634
2 0.2939575474390645 0.40736655425126195 0.021241175029104102 0.026940501062302738
2 0.2847307695492416 0.3742826451417094 0.02574776369827395 0.03206862430581196
2 0.3426606966183965 0.4810035149747763 0.02442203553489498 0.022996344505967808
3 0.42079678519737723 0.807480343406752 0.034066496592169274 0.0422803687707642
3 0.33482691951288945 0.6754572856240523 0.040850659738959884 0.05031977585825034
3 0.40276123612134795 0.628652105007999 0.0393160899918554 0.048147438480784246
3 0.7513278988418143 0.8777463513555657 0.03697535478872472 0.05421943039251889
3 0.6121190944299484 0.6863136500061537 0.027073491861652914 0.04114090410565612
2 0.8176933623203692 0.9172572040523379 0.02188705918747663 0.02629055863992436
2 0.6389643853006799 0.7143046116894317 0.02802533817589487 0.03497990814978872
2 0.7171693641814241 0.7649441634059326 0.024407435095457054 0.03267406470612381
2 0.49554003039991035 0.6207709890980694 0.028122458748038544 0.03636879703867777
2 0.44981841807815875 0.6095450243304223 0.030351472939587627 0.03858563643821008
2 0.5752310187416873 0.6728884337475917 0.0274911750291041 0.027341019260899834
2 0.4762314253420011 0.6610135910586123 0.02330990792299935 0.03675172732865772
2 0.5034651985013077 0.694560108297446 0.022727184490136665 0.028418393995324386
2 0.531325496411791 0.7074067982691452 0.021823898461966626 0.03527383439563607
2 0.4659991583479414 0.7025291637504625 0.025830283830979617 0.0431352333948567
2 0.3641199076305761 0.6593598190394168 0.029462787350855515 0.035763356638365926
2 0.3101963659304341 0.5605003482055706 0.020095087570574637 0.0303237192403922
2 0.2850021247861466 0.5561204976334037 0.028073898461966708 0.03567435259423332
2 0.26944153261895687 0.9070116025757768 0.03582926733019502 0.05760264857060836
2 0.5815241729876709 0.8419768620155053 0.027733976459463527 0.030813241483122054
2 0.5353023573657626 0.8334841730035695 0.02817101903411046 0.03706324148312205
2 0.5163873171003511 0.8101494002296884 0.026879250717365407 0.03836312632787819
2 0.5464861471378988 0.8846681396907441 0.03476094103661356 0.04232487079283058
2 0.4552568465820444 0.7861833374430919 0.028413820464469886 0.04053546370534428