2 0.4858897197821378 0.5694138924996734 0.040762613338989694 0.04236971789294207
2 0.8760068587594301 0.6681813672498111 0.042199985783999715 0.046560627705342326
2 0.8255533725157139 0.510696544017155 0.03594190519131296 0.04575708910509664
2 0.7687301369615724 0.5221071796589007 0.04074645215361588 0.04098082900405318
2 0.6762331153546622 0.6911168246798991 0.0385984740787876 0.03538890872989731
2 0.5818775574297733 0.7004042474786751 0.037096456892282643 0.025642443361941346
2 0.5787523141664604 0.6705916226590314 0.04351614933870691 0.04033487085107607
2 0.5678517849918336 0.748575467175545 0.03536866963717134 0.056161634198896436
2 0.5252805784708641 0.7312593275648653 0.04080301630242392 0.045841940115164445
2 0.4890245032180153 0.7791239931490289 0.03676563911874713 0.05688032178907463
2 0.46513913848217664 0.8156593593104787 0.04503432771058553 0.05147022510792062
2 0.36756088365510653 0.7270664801611885 0.04353231052408057 0.04172375973996496
2 0.313571503500925 0.6835553968274891 0.04214342163519168 0.04169951659423121
2 0.2594413475846855 0.21009835137261076 0.03162170726359577 0.032489915223451266
2 0.35520390169034066 0.4411129494973461 0.028189888004807845 0.035901529581339436
2 0.35478419739724953 0.464736182181324 0.03592574400593915 0.04436820021620776
2 0.13169832481078467 0.5137782175333282 0.040617162670626074 0.029869717892942068
2 0.14723468155454209 0.5357337651524805 0.03719342400452506 0.03397577669527468
2 0.2647512700332072 0.7858170389627889 0.0351424130419392 0.03671718975445199
2 0.3069830916613285 0.7739665119068019 0.037249988153333094 0.03883688780638579
2 0.37029066440338904 0.7825856709981436 0.048474227562060275 0.048753055194477056
2 0.3627492291533684 0.850786685428101 0.05477271111818156 0.05302881601694512
2 0.05480181816250099 0.6505646219339453 0.04987119704363605 0.04947174278465525
2 0.09921296718294619 0.5275423759025131 0.04009241067260581 0.044440929653408526
2 0.2317573215927222 0.8155655411270628 0.04635857185797947 0.04593891269809881
2 0.1584209506329644 0.8404615389620564 0.04495352178371693 0.04452578066347617
2 0.09769722144419693 0.8151272269125808 0.04358079408020173 0.04589042640663163
2 0.10013658738237817 0.9053807615446251 0.05360199823183795 0.07175457287121137
2 0.05563557878912568 0.9012954310969902 0.04568836919159567 0.04801012445856543
3 0.42838060690286467 0.6412654379538195 0.04993584178513102 0.055027298340210806
3 0.4743113938750662 0.708533091273032 0.05279442548977739 0.06202022907612243
3 0.27983462705987433 0.7091493538979632 0.04920099437725219 0.05154295454512171
3 0.21237654883652085 0.7019918131327111 0.05906866726783796 0.06421265656525715
3 0.2027679414385406 0.771618081170158 0.06041715319329255 0.06076467748876869
3 0.03400226677979278 0.8329090782829948 0.04939492860173696 0.06820962121178821