2 0.8978552855080703 0.49614111237484637 0.028073708829690406 0.0249359271360185
2 0.8719497993399723 0.4733370086937353 0.035046449716888146 0.025792005319043198
2 0.8546252249080187 0.5589632185891056 0.03168741326567815 0.02848896622753077
2 0.8523697497241782 0.5887435128309266 0.035357710587171846 0.03343089420793209
2 0.8060424102396606 0.5585262268634883 0.039977120337887424 0.04463898556219148
2 0.7182299987149389 0.36152854998092654 0.02893793193065335 0.02911875717654324
2 0.5957377786895681 0.3690842994747227 0.03093637593572743 0.027083913964783966
2 0.9953277679332584 0.8352903571398157 0.00934446413348332 0.056509194613179006
2 0.893863062000787 0.8408597535434267 0.042173639442232985 0.04746525346154316
2 0.9135444814176493 0.8982082823343218 0.041196230570257814 0.04050464564324064
2 0.7876201515827533 0.7364004042529635 0.03922608300793703 0.04323393329944451
2 0.828587647416998 0.8053449453707106 0.044568233645850025 0.05515263247200627
2 0.8181226281012297 0.8890494556713276 0.04653838120817113 0.05242334481580239
2 0.5854353865632392 0.967581686337377 0.049004898115665205 0.044849109422345795
3 0.40383056131694417 0.5630403589147226 0.0418340821291963 0.039131920128209825
3 0.38036680946201407 0.6852943272532102 0.03928267589344298 0.044622822188333404
2 0.6991557093351604 0.744748159065803 0.035967265703357044 0.03136372424845667
2 0.7357077475603766 0.9266770207678401 0.041862378571949285 0.03982636457265427
2 0.5617441125118465 0.8969578962327474 0.040558379011319645 0.041877371158271774
2 0.5031455077633423 0.8380097740613583 0.043066158985948906 0.05234252794651234
2 0.46752603960942657 0.9003152329436115 0.046368602551652635 0.04825667814913572
3 0.13611571372886347 0.7524568328264198 0.054262159425319194 0.05468447526157421
3 0.13391210504255147 0.8516169180172531 0.03505941634127016 0.0431369530562964
3 0.11616072077531317 0.9608219122760185 0.04468141941686225 0.05793041024978404
3 0.7060270185361771 0.9769119231668522 0.052207122534738915 0.046176153666295745
3 0.7083284831751304 0.9017572570056797 0.0626367558257878 0.07291782792956793
2 0.6526421107213155 0.539692506836945 0.03602385858886316 0.03275261313734572