2 0.8825173939214982 0.6874638694749309 0.02747452532709897 0.029574508362437434
2 0.3619004379968024 0.5857528003099081 0.03839830214511311 0.04900435236744379
3 0.20814042223042728 0.7443866897590226 0.02580929810098035 0.046741378329261035
3 0.14102260264140268 0.6005005268363222 0.03548701830113627 0.046726777889822796
3 0.20361667488618396 0.7935319640169245 0.03324326478815481 0.05486587007886878
3 0.1956207053197184 0.8429200397051858 0.030109470833846155 0.04911607337902587
3 0.5724079834051131 0.9316693008482777 0.04679372540913012 0.06134407106978996
2 0.6067835156556359 0.9020608326392064 0.031258261703785845 0.03467842090390781
2 0.4993993734957565 0.6305473317647016 0.036991825347606914 0.037844680970260926
2 0.4613994605471493 0.7015650647706418 0.029014508190804297 0.04281751309295379
2 0.410757779828557 0.7385889798454383 0.03195270614823029 0.03472698118997989
2 0.41142424565850666 0.8034151146091311 0.03600345465731512 0.04399756039811709
2 0.5045935903695525 0.8966506344057013 0.03613696072351426 0.046080893731450426
2 0.4286673096099446 0.9200963817152358 0.03797086983306694 0.053122458748038705