2 0.9134739516608904 0.5025762214492513 0.03204339196749749 0.03443867259374195
2 0.8836890173709007 0.31890288070707384 0.027973758110305388 0.03618188390671659
2 0.5753136632693437 0.6987366225143621 0.03394978917358363 0.045663157711639396
2 0.5711431671755197 0.7583454707297981 0.03482116974527527 0.034665420607314625
2 0.5338181885891885 0.7964266557789709 0.0358714011577929 0.042360996499596446
3 0.9281065528947388 0.9792005058090227 0.054752692950670694 0.04159898838195457
3 0.862069642132867 0.9809615249324133 0.04851790772879383 0.03807695013517345
2 0.8674349614966308 0.9372843578792611 0.04649926293511031 0.06259905899154476
0 0.7453840341914256 0.7739627974703619 0.044351241062127164 0.06104010909247645
0 0.9142121257261256 0.5765274545807212 0.032496211745044926 0.04416089481596417
0 0.7626025710891988 0.47910734359843854 0.02671424630071581 0.03884628767770803
0 0.9469269855751243 0.9068277467037359 0.03156014263370379 0.05376974303140022
2 0.08186050583850296 0.5622587077481569 0.032724536347397484 0.07876974303140022
2 0.727062168553463 0.6435065301293802 0.02949202407849359 0.039073035691280705
2 0.8019632210304097 0.6816865449470686 0.03700153588808285 0.03691881495082738
2 0.7847334017121768 0.6475171069665653 0.030848568697557414 0.03849196525362244
2 0.8764304979350895 0.6842798320879109 0.036839814538959105 0.03344659272860516
2 0.9229925346962706 0.6574089317529086 0.036145370094514344 0.03338990572521191
0 0.6078706311963755 0.9725601666238043 0.03622718812586593 0.04999988538848533
2 0.8861088876060152 0.8656148052872434 0.03068876206201215 0.06476748013572484