0 0.3770833333333333 0.3326388888888889 0.029861111111111113 0.05555555555555555
0 0.2902777777777778 0.10972222222222222 0.04513888888888889 0.06180555555555556
0 0.3333333333333333 0.34791666666666665 0.03194444444444444 0.04791666666666667
0 0.02361111111111111 0.3840277777777778 0.030555555555555555 0.07222222222222222
0 0.06180555555555556 0.38819444444444445 0.034722222222222224 0.059027777777777776
3 0.7194444444444444 0.84375 0.07708333333333334 0.09444444444444444
3 0.8361111111111111 0.8118055555555556 0.07916666666666666 0.10555555555555556
3 0.6520833333333333 0.25 0.04027777777777778 0.04097222222222222
1 0.925 0.48055555555555557 0.07222222222222222 0.07013888888888889
1 0.29375 0.42291666666666666 0.03263888888888889 0.044444444444444446
1 0.05625 0.47847222222222224 0.034027777777777775 0.09097222222222222