2 0.8674003111294749 0.4347789431160402 0.027649051418364302 0.025566982078723773
2 0.8429175390929317 0.4137211146075117 0.03460965923666651 0.0265848692214165
2 0.8200799474012033 0.5008025538133675 0.031202090509876573 0.029200925650070216
2 0.8159127001030859 0.5308253862736029 0.03478745634910499 0.03422375811030539
2 0.7714526729162341 0.5037610971455497 0.03921273699750019 0.04552893484036531
2 0.6961334698592282 0.31234179928651584 0.028440476105956868 0.029765993015215268
2 0.5729743525846911 0.32848340171217666 0.030475319317715983 0.02777969249135642
2 0.9602555192527771 0.766894579546996 0.04226529213086426 0.05746386747522049
2 0.8413115587664808 0.7807587830203745 0.041360723826265496 0.04840374542761765
2 0.8573472732212337 0.8368946207191984 0.04050464564324064 0.04142695671334846
2 0.7416042413902773 0.6834300573512906 0.0384859658053396 0.04410770168165167
2 0.7782146751966351 0.7497066780664808 0.043621854272037 0.056139667125981105
2 0.7623700180709253 0.8343813412407551 0.04564053410993804 0.05345892215767789
2 0.5243031387229931 0.9294061707589735 0.048240514775277805 0.045949410348088
3 0.3683516276612958 0.5364096625328375 0.041166763339969256 0.040070412094284316
3 0.3370184882662031 0.660652444262322 0.03851829255305558 0.04549659057054056
2 0.6524729018935179 0.6979867905555349 0.03543341067197537 0.032172769046796806
2 0.6774209279832399 0.8778783312228923 0.04118292671382717 0.04076485653872876
2 0.5051023061493203 0.8602376099648293 0.03984252794651234 0.0427835013324126
2 0.45019386617953633 0.8052186069317513 0.04216831188771614 0.05329720080855351
2 0.4105285547140116 0.8701919862165611 0.04554355386679024 0.049292255491011225
3 0.08809911178888827 0.7450836709866264 0.05332791312040129 0.05589804245908441
3 0.07953774932719064 0.8446803249706054 0.03431929913867287 0.04391363606270286
3 0.05476171403540043 0.9554375638272221 0.04368650776746917 0.05891744490375888
3 0.6441834136301535 0.9349217231903898 0.05126074316092589 0.05649545409405429
3 0.651597757179382 0.85480185792068 0.061387049729598825 0.07430938498271283
2 0.6190304893633329 0.4955990587292336 0.03546573741969136 0.03356165793568569