3 0.2917754917668259 0.7936319386708505 0.0771798568950953 0.1032954906200151
0 0.6981203751234683 0.8111276038917387 0.10566325957004652 0.14054954437164294
0 0.620706849806732 0.58576747149677 0.1152715179404077 0.23989146464579897
0 0.6212911299290059 0.30975435136675245 0.12660265671275128 0.1880748059155356
0 0.550017222153756 0.9663425385987812 0.07929427127893626 0.06731492280243762
0 0.17016565129025435 0.9094086385274444 0.11308048059258333 0.10114803463131163
0 0.1520454733260042 0.8258692384553751 0.14954958432736573 0.11565512373640843
0 0.047640217622337666 0.4273500079364033 0.03892243024707592 0.11095001587280662
0 0.1685962349525817 0.22972583621829962 0.11834266593316213 0.1705924790757563
0 0.04270084334212349 0.16996567207771762 0.07135165182490147 0.15451467748876857
3 0.930422812191584 0.8290529765452779 0.06493178570939524 0.06979245526654647
1 0.4884185726184761 0.18537448917423668 0.1750973436643218 0.15077735786323568
1 0.3459372378181337 0.5199410685404667 0.1292225689303117 0.18603995887366945
3 0.07531685220610294 0.6553096093071834 0.05891381392591662 0.10020255194770016
3 0.5646896981258132 0.6610775404005121 0.08274659290337985 0.14014953246703782
3 0.5320499891343644 0.6147351010067724 0.05534670834705208 0.089737398989566
3 0.496551259768904 0.7320148758988517 0.10248604776792074 0.16268691558379753
3 0.4086940872477925 0.7623835158706097 0.08698660212379078 0.1228853939388614
3 0.3394486487811338 0.12313097979571638 0.060049953897945825 0.08773891666630054
3 0.9975120731789253 0.9769874874607616 0.004975853642149433 0.0460250250784769
3 0.9919030756674042 0.9160575692574977 0.016193848665191506 0.11042175865746186
3 0.9598582874198156 0.6157181652172268 0.08028342516036875 0.18539400072069234
3 0.8174020333923364 0.5364928282775026 0.13096863034031211 0.15416824386642594
3 0.6147117580481628 0.1314033448731984 0.11923723744106067 0.18239803463131185
3 0.20861500397612961 0.4558202925673491 0.1398704437109399 0.1709682478346276