3 0.65 0.90625 0.059027777777777776 0.06597222222222222
2 0.37083333333333335 0.5145833333333333 0.034027777777777775 0.034027777777777775
2 0.5493055555555556 0.9527777777777777 0.04652777777777778 0.04027777777777778
2 0.5236111111111111 0.8805555555555555 0.041666666666666664 0.04027777777777778
2 0.9694444444444444 0.8805555555555555 0.03819444444444445 0.05416666666666667
2 0.85625 0.5340277777777778 0.022222222222222223 0.025
2 0.8333333333333334 0.5673611111111111 0.035416666666666666 0.041666666666666664
2 0.8833333333333333 0.47152777777777777 0.029166666666666667 0.02847222222222222
2 0.7868055555555555 0.5375 0.03263888888888889 0.044444444444444446
2 0.4340277777777778 0.8868055555555555 0.03888888888888889 0.04652777777777778
2 0.6694444444444444 0.7229166666666667 0.03680555555555556 0.049305555555555554
2 0.7979166666666667 0.7916666666666666 0.04513888888888889 0.05
2 0.8791666666666667 0.8666666666666667 0.03819444444444445 0.05138888888888889
2 0.78125 0.8680555555555556 0.04861111111111111 0.04722222222222222
2 0.7013888888888888 0.9069444444444444 0.043055555555555555 0.04722222222222222
2 0.6590277777777778 0.9770833333333333 0.03888888888888889 0.04583333333333333