0 0.37756872087376475 0.8124015852831952 0.0337541616850926 0.05019900011204502
2 0.5798760189153078 0.9364490918966226 0.04018137816608029 0.028462380750541645
2 0.5528735024512647 0.931083018517597 0.02826267899351854 0.02277574477620874
2 0.04150668051567838 0.7569054020938877 0.03326926046935187 0.029365666778711684
2 0.16417799341722145 0.9254655963811926 0.041651083924259306 0.0320317235449077
2 0.24909359549428936 0.9529662893458118 0.030572299560864262 0.03264364785664656
2 0.5981434402253697 0.8389548673651648 0.03115360038830251 0.027831097031607202
2 0.3579458986854314 0.8485904575592542 0.0311859271360185 0.029219985920496405
2 0.10260220888438211 0.7319634803154748 0.02490360038830247 0.027394054456960425
2 0.4766306645585487 0.889581715652507 0.027826848530802473 0.03383829560124778
2 0.21094822180286962 0.918302468881342 0.03758139750074076 0.035907028495143184
2 0.10655526790219061 0.9207406481927819 0.03509456045240743 0.04821278735085552
2 0.44931930209685106 0.9848914552671019 0.04032684853080247 0.03021708946579622
2 0.30185462926675843 0.9796590844428567 0.045672860857654346 0.040681831114286776
3 0.05652410241737582 0.8588138536901293 0.03947077034777781 0.027719376020025444
3 0.04467063737169684 0.8301619907630576 0.035724351401419795 0.045483569859149815