3 0.466358631091314 0.14311026576903896 0.023401502227878585 0.041799991933167746
0 0.3046684461065508 0.8502531410386369 0.020518676745171483 0.032756053517026214
0 0.2862735056581469 0.8795248518546682 0.023344938079070468 0.03693888082205679
0 0.344074492927399 0.8055824476571 0.029029783117615834 0.048082313209895096
0 0.36962445975673164 0.6984965976269725 0.0268656438574139 0.041125748286677956
0 0.46524818420683245 0.6562764290963469 0.028383822229292515 0.05224493971697086
0 0.40213746484901186 0.29139054679889037 0.01559292089256543 0.027172216844334053
0 0.38920159937054716 0.269245087608896 0.016319687707757345 0.029954034781702728
0 0.35289704056157717 0.22640366051166033 0.018467665782585622 0.035521710816031137
0 0.3634596444232333 0.15412487605516492 0.03174291615389867 0.04254291829270345
0 0.3194596325765664 0.11618900182454071 0.018499988153333095 0.03829948859380892
0 0.3011217428035965 0.08088141946682946 0.021980290968242222 0.039014133836208054
0 0.35519952295070767 0.08820517590762493 0.017022212744888698 0.030652519385738153
0 0.4838661659240405 0.012515234627968878 0.02393433481858567 0.025030469255937757
0 0.4019459632576567 0.010321028408483384 0.022480801188201997 0.020642056816966767
0 0.40647577006860636 0.03791024425748623 0.024766149338706907 0.03972473891901627
0 0.4443227490275157 0.06754914659109557 0.024943922377817923 0.05500251669679405
0 0.42518390752529434 0.22042792835864689 0.024184833191878537 0.049442920981647535
0 0.4168415205460224 0.3406072188434452 0.021923726819434188 0.034153022725096904
0 0.4220248823113563 0.43223752407379346 0.024766149338706907 0.039724738919016366
0 0.41793561588517697 0.8433445950253134 0.028456547563474367 0.05849493971697118
0 0.47494713770424585 0.5388668360701445 0.022739380154181452 0.04457372955135447
3 0.8848995087347075 0.042079941043846096 0.14617320475280735 0.08415988208769219
3 0.9709525961171326 0.22280791847572268 0.053804499575635295 0.14821967863598723
3 0.6661399685621429 0.22041488186947916 0.10139842906145335 0.18043885393261572
3 0.5016198203904267 0.39497139032487055 0.025372193790221646 0.09180807225234955
3 0.5189476360775386 0.5170845282381373 0.031113116450949167 0.04809443368866811
0 0.8991971021642452 0.4218230455459279 0.1935256895112714 0.2205554883319533
0 0.7593784585897408 0.5622103706378585 0.09178884861022141 0.13038633185793347
0 0.5267471637669131 0.6225875617190106 0.045147456008201754 0.06067523688048703
0 0.5578521996251753 0.575187572474787 0.06547268505551421 0.13648280579347757
0 0.2788856016691767 0.7983233337697594 0.02412826904307042 0.04458180987053627
0 0.3098713747436397 0.5224672829416773 0.026881805042787556 0.04251463717556684
0 0.3006910387580632 0.4162778853355415 0.025484835561211918 0.0418121124119406
0 0.3479218280995982 0.35559052797628177 0.027503524153050306 0.03626867733515774
0 0.28327433655139583 0.3018036363111635 0.02326413215220179 0.02999443637761219
0 0.216729365301658 0.23205664290259592 0.028189888004807845 0.03557827305030435
0 0.18778038811091077 0.2731945116680467 0.02255352652238369 0.028601507329132324
0 0.1620046512129718 0.3400066240799872 0.016287365337009953 0.027176257003924953
0 0.17266324913361852 0.37883087041542113 0.015560598521818037 0.024394439066556275
0 0.27893603133180145 0.5552839388525677 0.020559079708605862 0.03622827573924844
0 0.23101079754582202 0.6159753363714183 0.02266665481999976 0.03832372955135447
0 0.21745369948372048 0.5278657352783837 0.018386859855717023 0.028577266371586696
0 0.2519415845180236 0.5478026161877254 0.01629544592969678 0.027870701448369395
0 0.2549936159205289 0.5838935265008819 0.022618171263878554 0.0341570628846878
0 0.26288008402295526 0.9206303993433914 0.02965958282056541 0.04253079781393075
0 0.11435834595802553 0.8541379225443326 0.02829493570973709 0.04460605082808229
0 0.13275523251293295 0.5859934834777764 0.026800999115918954 0.0355701927311224
0 0.1621971258575789 0.5024945036012145 0.02674443496711092 0.030709081620011288
0 0.13839305357523482 0.39986217156871057 0.023910093040525104 0.02583180987053642
0 0.19293094097887134 0.4273207767388039 0.024669182226464494 0.031391405585683034
0 0.008416233450041851 0.48535202411321166 0.016832466900083703 0.04457372955135447
0 0.006706141001850104 0.5416101044323934 0.013412282003700208 0.04664090224632421
0 0.2713162227880416 0.19563039934339138 0.03515049363462602 0.03700756353510262
0 0.20296217182969797 0.1620025973651168 0.026720193189050355 0.028625748286677993
0 0.09782632056723349 0.18622377257446002 0.02258584889313112 0.0313792851069101
0 0.2030919478393137 0.09117330419137441 0.032267668151919005 0.027963625118961093
0 0.21388791583563713 0.11819199497125267 0.027406557040807893 0.027935344001824486
0 0.1718495419053747 0.15037884899115359 0.02607423230072704 0.032788374793753725
0 0.2632747638446872 0.05124251713322011 0.018508068746020002 0.03899393303825336