2 0.11358463275897629 0.4138717546502634 0.031185877344630106 0.03646665718933314
2 0.053420941922753484 0.519411635547071 0.03832426695494359 0.04765857422731285
2 0.18117799134583348 0.5588889481222235 0.029857596320075272 0.03992271822618155
2 0.24705324098512113 0.5636768473725269 0.024253554473052455 0.03708029570690883
2 0.8435520440178874 0.9163851151425509 0.02772577669527468 0.037120698670343524
2 0.5258792868032748 0.9777087542966498 0.03666870346298465 0.03236463526416142
2 0.5806242741765129 0.9041698819930946 0.03469446428545287 0.038590393486100855
3 0.4858142449547874 0.7671067205248112 0.038970225107920774 0.044888877042221983
2 0.4692965519535584 0.7985425741566091 0.025593957070474162 0.03431867911450486
2 0.43187788817259026 0.7545425623099422 0.035473759739964965 0.04345958518989872
2 0.31341529113035804 0.6996824242520828 0.03192880808054181 0.03925251555979767
2 0.08932440909536939 0.6502172029492935 0.03409699242394283 0.044137868448969504
2 0.06593500108689682 0.6775671958412934 0.03192880808054181 0.03925251555979783
2 0.09983647114521127 0.763960641169819 0.03680204076451972 0.04000352415304999
2 0.21326122547412524 0.7494490601174154 0.03611971789294207 0.040689888004808
2 0.26962383442096244 0.782119784850426 0.042418204184409405 0.043540391116767475
2 0.31391069841813823 0.7906304046962446 0.0370444722218561 0.053892413041939195
2 0.3427051111169694 0.8513940503218205 0.03567982647870088 0.05526514074545427
2 0.43843286508553725 0.8961041812716796 0.04177224603143215 0.046310088301858184
2 0.3841449826902023 0.9036789119456995 0.046229830446902535 0.0630252385246463
2 0.3548242503673029 0.952621327356972 0.041186895742789095 0.052552007709171435
2 0.21931921789953265 0.9194829013013753 0.042442447330143 0.04492928000565636
3 0.16816027850359613 0.6284707626423446 0.036083353174341644 0.03860655467147451
3 0.18278349134656577 0.6657929896032335 0.04228486688287434 0.035901502227878586
2 0.18256178824392721 0.638717736862587 0.026873751803561576 0.02808484029987868
3 0.0974810108264956 0.5806919525779805 0.041089923159854574 0.04699645215361588
3 0.059213836944850246 0.5853030518424246 0.04317325649318791 0.04702069393167645
3 0.037116705633849216 0.8966080971780204 0.04854347366470536 0.07624392474715098