2 0.38055555555555554 0.7034722222222223 0.024305555555555556 0.029166666666666667
3 0.38680555555555557 0.8638888888888889 0.027083333333333334 0.043055555555555555
3 0.7784722222222222 0.6638888888888889 0.03819444444444445 0.050694444444444445
2 0.55 0.9763888888888889 0.034027777777777775 0.034722222222222224
2 0.5180555555555556 0.9583333333333334 0.029861111111111113 0.027083333333333334
2 0.4027777777777778 0.6972222222222222 0.02361111111111111 0.025694444444444443
2 0.13125 0.8909722222222223 0.020833333333333332 0.03333333333333333
2 0.41805555555555557 0.8569444444444444 0.021527777777777778 0.035416666666666666
2 0.34930555555555554 0.9652777777777778 0.02361111111111111 0.034722222222222224
2 0.34305555555555556 0.8833333333333333 0.024305555555555556 0.03194444444444444
2 0.3215277777777778 0.9284722222222223 0.02638888888888889 0.034722222222222224
2 0.2833333333333333 0.8527777777777777 0.02638888888888889 0.027083333333333334
2 0.2048611111111111 0.8756944444444444 0.024305555555555556 0.034722222222222224
2 0.10694444444444444 0.8611111111111112 0.022222222222222223 0.029861111111111113
3 0.17291666666666666 0.8902777777777777 0.025694444444444443 0.03194444444444444
3 0.16319444444444445 0.8458333333333333 0.03333333333333333 0.03958333333333333