3 0.7639865725422589 0.4478532862416179 0.07688452768115642 0.11705856214698795
3 0.6967392938839924 0.31345831694626186 0.05752517104755902 0.10098129577540126
3 0.8214414292402706 0.3856841163228776 0.05274926235880931 0.05097725561581035
3 0.5655297174763964 0.9360446165368662 0.05562609912813185 0.0947232154562193
3 0.49951615476965355 0.5869572295992215 0.0600054280161588 0.07184291022587119
3 0.27776139975527414 0.6535561395632371 0.08472187838767853 0.10252775088833693
0 0.7146245592063394 0.37935781629584714 0.04509617306619336 0.05926210703405243
0 0.9468032530065206 0.5883685074248663 0.10639349398695876 0.1369757052635726
0 0.9781953430024259 0.35757862261303613 0.04360931399514811 0.11081260230657884
0 0.9455105320244536 0.2633644672652754 0.10897893595109294 0.08603481108408065
0 0.7581763266117352 0.32560682306184996 0.0563773451874839 0.061410082920840776
0 0.6938050824421893 0.4732734628390758 0.06374688485161957 0.0836646264197905
0 0.671086304535583 0.6290350665337693 0.07039369387537152 0.08856209896722002
0 0.6380360623846716 0.7348330316647813 0.08246848404416578 0.1004322970762309
0 0.5048593919383927 0.5077218802195089 0.08680521172101187 0.10253987136710963
0 0.2334301000945868 0.7232914754982293 0.09146786101448975 0.11714340549839777
0 0.3090961437315774 0.7395258450886654 0.12526889077869502 0.11456359554057624