2 0.7566315526423821 0.8771054889950025 0.061751912765560885 0.07073854381828003
2 0.6252250597039901 0.5362809531639887 0.033809094722371605 0.04759480129002548
2 0.5972092394636105 0.5088492912972213 0.030739955228162644 0.04333113248588189
2 0.5280123554172831 0.47301815292385324 0.06386920594552789 0.0812037115536853
2 0.5564750597039901 0.5338801502614312 0.06579225798120755 0.08889110151131281
2 0.4494722135017933 0.4911596769421977 0.06164019175397881 0.07904762661724413
2 0.475427848175297 0.16975315183626627 0.03468317987166548 0.06009480129002564
2 0.6620398096588955 0.378150445157874 0.07349430759560643 0.08015433014596611
2 0.5398464647793842 0.2938272357228173 0.06612742101595315 0.0639638531144205
2 0.6157323326173503 0.9079712715814008 0.1400682891217217 0.18405745683719835
2 0.42631847498102077 0.7625419515137598 0.08832996029481421 0.14371253260594966
2 0.017160702123683032 0.7384788424270351 0.034321404247366065 0.09409172010359378
2 0.2342575964495255 0.4926940395998713 0.06546693641814237 0.07433201871234871
2 0.3118700104257267 0.41813276184094195 0.05877989384349544 0.06786376390302516
2 0.622573279841067 0.4547399467515575 0.08027847074239705 0.08801147384417839
2 0.943915687337742 0.20978187471537263 0.09502684434114157 0.11069445621941677
2 0.29513953596121945 0.20940259890543594 0.03253192684506464 0.03923721742232308