2 0.8104166666666667 0.20625 0.04791666666666667 0.041666666666666664
2 0.5263888888888889 0.20069444444444445 0.035416666666666666 0.06319444444444444
2 0.4361111111111111 0.1951388888888889 0.0375 0.04236111111111111
2 0.48194444444444445 0.33541666666666664 0.0625 0.08680555555555555
2 0.5097222222222222 0.43125 0.06527777777777778 0.08958333333333333
2 0.5527777777777778 0.3229166666666667 0.05138888888888889 0.06388888888888888
2 0.3277777777777778 0.3423611111111111 0.059027777777777776 0.07569444444444444
2 0.9319444444444445 0.9361111111111111 0.1361111111111111 0.12777777777777777
2 0.2743055555555556 0.5340277777777778 0.05555555555555555 0.05277777777777778
2 0.12986111111111112 0.4895833333333333 0.07013888888888889 0.0798611111111111
2 0.36666666666666664 0.4701388888888889 0.059027777777777776 0.0798611111111111
2 0.4354166666666667 0.4465277777777778 0.05694444444444444 0.08125
2 0.40902777777777777 0.3888888888888889 0.04722222222222222 0.0798611111111111
2 0.8298611111111112 0.7548611111111111 0.1875 0.2722222222222222
2 0.91875 0.8263888888888888 0.09722222222222222 0.17569444444444443
2 0.9069444444444444 0.9055555555555556 0.10694444444444444 0.1423611111111111
2 0.44305555555555554 0.3034722222222222 0.04861111111111111 0.05625
2 0.2569444444444444 0.4979166666666667 0.05694444444444444 0.05416666666666667
2 0.16805555555555557 0.6652777777777777 0.07430555555555556 0.09583333333333334