1 0.7265257409814596 0.0030978026134490743 0.09270912193321314 0.006195605226898149
1 0.05508971978951938 0.7720381900313451 0.11017943957903877 0.18416909414595972
2 0.5322106230223067 0.8948006006527631 0.11043036543929283 0.1289820614182165
2 0.7216857186165636 0.2101498388952338 0.10772180230768022 0.17244862640125105
2 0.7516734978386552 0.39909552939903037 0.11649502705525473 0.15860222411202834
2 0.8070006811010179 0.5665560433362299 0.13382838022959617 0.19815715663790787
2 0.6950046951706289 0.6263204083235747 0.12205918939264125 0.19927681091355806
2 0.38384194336853195 0.8930427304900033 0.07620512770461008 0.15461993347078268
2 0.4258132265566284 0.7530060157410395 0.09820564682419375 0.18346056390930288
2 0.40002144913773224 0.48258357722367057 0.11549402849810393 0.18071107232746422
2 0.2530709935093751 0.3995757070609107 0.07427076803671445 0.12325655946399634
2 0.0448534235223976 0.21130968754025892 0.061931863275018886 0.09173732485075764
2 0.9626293264852914 0.8277669011079732 0.0446520883829398 0.1347079072069808
2 0.8506979592354804 0.004830564193778939 0.11164094552621515 0.009661128387557878