2 0.7474691349624669 0.16614872711581738 0.07133431312260984 0.08652320738938712
2 0.9348766742970728 0.27070775226800275 0.05735250056312932 0.07047018197534606
2 0.1259009555887799 0.15558833983748055 0.049665129759149336 0.062092406886512366
2 0.6332629254866836 0.5883866469712059 0.11574689929552433 0.20066662633250523
2 0.27734640671194194 0.16619131685052793 0.07836360091846425 0.10114694231862983
2 0.38449239613073605 0.0820953193649016 0.07616714311658448 0.08169037739541259
2 0.01996701404726819 0.4480176706564402 0.0304388539326157 0.0994792824179661
2 0.8965807628576575 0.1336840280945364 0.11895651114433545 0.1555479382415711
2 0.9409722222222222 0.051307749579058676 0.11805555555555555 0.09235349379712668
2 0.9551007537912696 0.8720796385376358 0.08979849241746081 0.25584072292472826
2 0.6024312500633516 0.18266544487242176 0.09082723948214569 0.0949696651912668
2 0.8146206207800467 0.24986991576988105 0.09020955806992927 0.10816006947612028