2 0.6033157178736267 0.6530489607867641 0.06704928639609734 0.09190738586093707
2 0.7780069209501372 0.2203398721598425 0.06624861199038416 0.0766296080831592
2 0.7466595497255816 0.16780292818784961 0.05338466907869651 0.06866479757763848
2 0.7371340635203916 0.10581311121838775 0.04881766520917318 0.06068578666839078
2 0.23789339715477753 0.3474213717089428 0.047207457661033916 0.06954350343598921
2 0.8709168993410177 0.20996603592738575 0.0859448635607723 0.0962157127303292
2 0.9438758661233284 0.17820608211987674 0.0673463465499228 0.0711874265343899
2 0.9632969645455944 0.28055876467796337 0.07340607090881121 0.10622136996951702
2 0.87525077290234 0.2793537933684371 0.07739316448042644 0.09136880202294498
2 0.9721867123960837 0.5720269695269967 0.054919135132260204 0.07155594936220255
2 0.9097772184518471 0.4990109000342416 0.09083941605081457 0.11044472363957678
2 0.8383065053509016 0.41278618569331516 0.09986719382859266 0.1111816546836874
2 0.6195318478293967 0.8693188184296788 0.10040424945941122 0.16101159367350798
2 0.5559675546487892 0.894035154189684 0.09211321624172197 0.13475027919513233
2 0.7228673516236569 0.8183412828028125 0.16033007286745765 0.2357421298372401
2 0.6179344861538119 0.4928449563414576 0.07511900095453619 0.12713979111369725
2 0.639001909139663 0.5887633774856379 0.07501277099326747 0.11191870033931271
2 0.5609929946216051 0.48424215917185637 0.13760718930558558 0.184792651183284
2 0.20205867581182843 0.42218030868012885 0.0628127840593308 0.07704061751063797
2 0.08198666968080179 0.45987831205170376 0.04582152168438272 0.05629237198815152
2 0.09908711492925613 0.48010228875143973 0.05477355796758528 0.06877817158442477
2 0.11074118749566127 0.5028630948116538 0.055540790994367324 0.0702237474767066
2 0.9171515292215247 0.37357160441082354 0.09076662746847716 0.10905583475068789
1 0.7495051696055387 0.35517535377733644 0.11822276245021107 0.07879780000431033