2 0.03958333333333333 0.4013888888888889 0.06527777777777778 0.06319444444444444
2 0.21944444444444444 0.36319444444444443 0.07361111111111111 0.09791666666666667
2 0.25972222222222224 0.2847222222222222 0.029861111111111113 0.04791666666666667
2 0.3111111111111111 0.2569444444444444 0.07222222222222222 0.0763888888888889
2 0.32708333333333334 0.10347222222222222 0.0625 0.06944444444444445
2 0.2534722222222222 0.05486111111111111 0.04375 0.04652777777777778
2 0.5388888888888889 0.28055555555555556 0.08611111111111111 0.12708333333333333
2 0.6486111111111111 0.24930555555555556 0.06041666666666667 0.09791666666666667
2 0.71875 0.3 0.06388888888888888 0.11180555555555556
2 0.7729166666666667 0.19652777777777777 0.10208333333333333 0.12430555555555556
2 0.8006944444444445 0.12013888888888889 0.09652777777777778 0.07847222222222222
2 0.6020833333333333 0.6263888888888889 0.12569444444444444 0.1909722222222222
2 0.8229166666666666 0.28680555555555554 0.04652777777777778 0.05416666666666667
2 0.9395833333333333 0.8055555555555556 0.12013888888888889 0.3576388888888889