2 0.4894861975933531 0.264307331165398 0.05003617369698203 0.06124093362161034
2 0.10181288503225158 0.6940061302299625 0.06743154379149661 0.09207528535310258
2 0.27136020935741206 0.35154610894464033 0.039054439665170235 0.06382476623351892
2 0.9475950357514914 0.24728332611176407 0.05812788236341867 0.07109649314536746
2 0.8332989714194241 0.2988039751024286 0.052684574395460496 0.05851164213529974
3 0.7772259075466713 0.30894536038419435 0.0822584165053052 0.11245660569932786
2 0.6240673485937928 0.9499233953802461 0.08573063872752774 0.10015320923950778
2 0.7590350249100691 0.9084206179598855 0.06704532726717724 0.11357881998514661
2 0.7123931877616211 0.6713034163008283 0.0736339847435488 0.10606114682492615
2 0.5692291111151193 0.8502018311646657 0.07875576472683703 0.14153842135592704
2 0.5107074563035728 0.7636942229399855 0.07255140906120627 0.09771569191872578
2 0.5432055827621965 0.692675551222614 0.07011420347337839 0.11987730627661411
2 0.5124921352846741 0.6358437157250068 0.03861874937932441 0.06936820021620775
2 0.5229944494098493 0.559576042564786 0.057498126458623726 0.07247326046138956
2 0.5685557285200395 0.5214508127665067 0.05528541604599108 0.06965911796501131
2 0.6975302442813358 0.4979867377295567 0.06042241080740243 0.09056518073554558
2 0.7473533081540886 0.48773625829198963 0.057562814998273225 0.07386214935027845
2 0.7387402617432978 0.5682069628374775 0.04824393879207239 0.06745456890300987
2 0.4265560455872316 0.675349227630344 0.07773596287056567 0.10474498737323804
2 0.3821135158563657 0.6446880927100229 0.04766365664880381 0.08479143686838723
2 0.44225994008296216 0.8306103506460601 0.08117775553654162 0.133948018758505
2 0.4722181869340535 0.5753699559850418 0.06323253285500512 0.0913081114714572
2 0.648215218088393 0.39287458837927824 0.058289603712542576 0.0745687153675896
2 0.3795413949095143 0.20748252524986238 0.04968038672890884 0.05360204473272137
2 0.46631460619524506 0.20969216630265908 0.04683792041148157 0.05216466955236522
2 0.23625751475160636 0.2397319466072538 0.050133206506456515 0.06332426695494359
2 0.5585025076757604 0.3940886832572365 0.055091350427042114 0.06549245129834465
2 0.3978727311848644 0.44063052019915766 0.0641514724746448 0.06634447619005768
2 0.46914175480404363 0.4474345977599954 0.045675441411366396 0.05700153751774274
2 0.41665316074111064 0.470148712478962 0.05076296241125138 0.0619474996389215
2 0.4153898195043638 0.5271174000691401 0.04734021395055568 0.07784699242394279
2 0.31460781288783224 0.6316946230135193 0.06308794099758266 0.10310154545414604
2 0.2675207118856451 0.5384365155102636 0.059275146585410554 0.08083083694045648
2 0.1875587385379023 0.5988965764776024 0.06132805036249762 0.11000962517999002
2 0.12854617553824765 0.612461697690123 0.07121007922026534 0.08381468145697019
2 0.2355077494743938 0.5990385205609684 0.057450567410675765 0.08635002777741158
2 0.16202228894593054 0.40106827561203934 0.04226790772879383 0.058329818542297414
2 0.2640542338041587 0.4487198448753953 0.06628427956950457 0.08234094155801365
2 0.6435292313214563 0.18012003534907509 0.04272072750634142 0.06805204076451972
2 0.2964877746536385 0.1254117730859546 0.04328579487148655 0.06528638455960878
2 0.5912860913525775 0.15279778534944122 0.030445222681536658 0.042858095598650635
2 0.5578880694795945 0.15360483874072284 0.03666287841171175 0.04227274531000755
2 0.5165924045591239 0.15983411038602505 0.033158311919664625 0.041517693001229004
2 0.8012305852448991 0.9648633463175122 0.04005711202973998 0.07027330736497549
2 0.8810842433627072 0.5859817846258197 0.05738587887102603 0.08496113888852269
2 0.5494690886877526 0.229908876619544 0.04312407352236233 0.06181416233738651