2 0.22865323066300386 0.09405629929814856 0.06634462800300393 0.08091946184946493
2 0.24437455913711925 0.02901587878302488 0.09249049282654309 0.05803175756604976
2 0.8301409643737849 0.5144706385582731 0.04629262339518492 0.07227384894757197
2 0.723587814096213 0.46431323916576256 0.052334227081440254 0.07831545263382698
2 0.7728319838313158 0.5152859652312771 0.061518144643497724 0.08876674705209872
2 0.8205323845014805 0.4446355297510714 0.05305479979061703 0.0707980757776132
2 0.9186253389467485 0.19813513984625683 0.054990492826542926 0.07716958781028799
2 0.8084686953191765 0.24276059273148298 0.05571956502259228 0.08550292114362132
2 0.8306399206201642 0.14425399467930194 0.04865360854547305 0.08350647209135795
2 0.6657364380355142 0.06701263214934282 0.05771601407485573 0.09256887762074066
2 0.575631799015761 0.11688136102156486 0.06122286404868286 0.10114523501942377
2 0.4632454413656788 0.056038142632305395 0.05502512057814799 0.08544216512728386
2 0.33498035584897085 0.1736233894226755 0.06082370019905336 0.08870599103576124