2 0.6182839926314494 0.42374438821536986 0.03997522881365462 0.06828242342101858
1 0.5316750158802577 0.7500218753816045 0.0653226825384757 0.12858652710212967
2 0.4103173878104968 0.6042555180695057 0.0596055205992823 0.10067944233348763
2 0.3563244480062407 0.5756551501193207 0.06445047107202981 0.09801480817271606
2 0.51068550533847 0.41930526671891927 0.04549846309248266 0.06285617485632713
2 0.46091533142995617 0.5003139773739502 0.04695603469441746 0.07469405715959883
2 0.4983022069614098 0.5188855996300613 0.05879391152670069 0.08052439007074068
2 0.44497900763885495 0.6138640160432712 0.05114290215903894 0.07826325962496918
2 0.5865644081085054 0.7438838577357093 0.08320451123162072 0.0991456637113272
2 0.8460527640796504 0.6586882526199994 0.10631106539906152 0.1323179439375309
2 0.9386643650854 0.6134829683413263 0.1124964228456065 0.12135230319114214
2 0.7536607207074042 0.30810869368691296 0.04981461566401416 0.08864759954391978
2 0.7657607449079009 0.3765677529574685 0.06850805342974095 0.07936178841586418
2 0.7169076872265309 0.2999375747236105 0.042098963742897566 0.07527535798703708
2 0.5776062390541685 0.4934318638991353 0.060138358660089215 0.07291782792956793
2 0.5264148549800383 0.5800284568574379 0.05535805074079687 0.08669357320145063
2 0.8366915050766143 0.23882414108669683 0.04614846578142659 0.055233449341296315