2 0.048916808807092434 0.6971887342116049 0.049508107503255634 0.05252032505895067
2 0.16738958983091495 0.5910010651812344 0.0461692225825684 0.06007839707854935
2 0.11081230736351087 0.6110602984637344 0.04669396500687739 0.0503723382301852
2 0.030171900797887587 0.6177963609423766 0.05177326442959122 0.0629854818471914
2 0.3423735930754951 0.26969609084876517 0.035510124458565426 0.04594705758179016
2 0.08950429509709514 0.47966540873046287 0.035619218614366746 0.05219705758179016
2 0.1588154022400046 0.4856879602335492 0.04317325649318791 0.04751374358311738
2 0.2098805234525252 0.5428090405275307 0.041320233044324084 0.0606596979059876
2 0.23284216161962334 0.4999307014529628 0.03977376370816662 0.051599593380494
2 0.28994260931157706 0.6089734813416973 0.03912780555518943 0.0543612077844137
2 0.2730264816055024 0.5441159512842282 0.03840911796501132 0.052956155521666735
2 0.2690623668865358 0.49284020601234546 0.03985861471823434 0.056460704491604945
2 0.2980350883873334 0.5032724554214195 0.032586887806385786 0.037549070753024695
2 0.3397052698450359 0.5418698229494133 0.03985861471823434 0.056460704491604945
2 0.32010833694411794 0.47152139083182065 0.036204568903009875 0.045963220955648074
2 0.3335901843463302 0.4149804501023763 0.03833638852781039 0.04878948885500007
2 0.27531394408629517 0.3732987813247528 0.02436264862885385 0.043605110266728454
2 0.4280139004360769 0.453738290106049 0.036765676045919175 0.03834049544061726
2 0.4167053293680608 0.42554084523941327 0.04235759632007535 0.04055313576481486
2 0.4184285303064254 0.4858928584106478 0.028626287878454882 0.04925764606543213
2 0.46983814755001213 0.4437407098967897 0.03541315187563075 0.04039150202623461
2 0.4836128502923045 0.5294962267830243 0.03911568398232264 0.05366676333996925
2 0.5275689170310405 0.5166723786744132 0.0369474996389215 0.048757162107283925
2 0.4468800241739498 0.526186218930833 0.03853033369367943 0.05990059996611118
2 0.39865171140378175 0.5849242172420676 0.05543943181768264 0.07417740982759255
2 0.391972364362648 0.6892040275257404 0.05347731421301742 0.0810733641504631
2 0.44861025469438615 0.6656725720210181 0.04918943181768248 0.07403193946287037
2 0.4777855281428839 0.6247320959150613 0.051272765151015975 0.07408042958444444
2 0.3511717817518377 0.8393985686434873 0.05145458874401814 0.08449709625111142
2 0.4817167929342858 0.7176583444797526 0.051115184703747235 0.06505265180666665
2 0.48762229690321973 0.81678610292287 0.05362277308741928 0.08940669748379643
2 0.4809636782167838 0.8801098543581786 0.03831214538207664 0.047400599966111186
2 0.48210152886650537 0.9342280309032712 0.047594476190057675 0.06219405715959883
2 0.5978935046954845 0.8225494598127774 0.05470862265463773 0.07207791312040146
2 0.7817582496436813 0.6287636492763574 0.04897124350607985 0.061531939462870534
2 0.612047130596167 0.6479852902754932 0.05274650504997251 0.07897386744327169
2 0.656985044737115 0.5789114421668822 0.0405166944440784 0.05439353453212953
2 0.6800800202057482 0.5283942142034254 0.046887910172746516 0.06148344934129631
2 0.6342830515910153 0.5273776635447217 0.046863667027012765 0.06009456045240742
2 0.6992316093101125 0.3856451821197216 0.031258606781830955 0.040988966227530926
2 0.674917446972726 0.4264725146086723 0.0384576042564785 0.05573393329944452
2 0.6088361305947024 0.4342580351251846 0.04054093758981184 0.05578242342101842
2 0.545896239180461 0.42114556881293164 0.04518386038932047 0.043395567038024614
2 0.6632190479816953 0.261534167681913 0.03273234668078765 0.045882404086358027
2 0.6206362337679455 0.23545296352777728 0.031210120490363615 0.03821118844975315
2 0.5894468416322797 0.23270809312916615 0.02837173484825194 0.0346743127320988
2 0.5560892651532127 0.2348728239632403 0.022097491702518193 0.03313995347848772
2 0.5096256100308049 0.27205071774898104 0.03129497150043158 0.04307229956086426
2 0.44254329509563056 0.2576463427909873 0.034682342712585995 0.0382920053190432
2 0.937753336221961 0.3613511448864189 0.05252831673836972 0.06647386744327169
2 0.8116588798729116 0.3871933822213882 0.03714144480479054 0.05986827321839504
3 0.8949268737426327 0.7469138625492585 0.12113443506372745 0.17913666244475304
3 0.7574922132062449 0.3884541253823142 0.07541722546826703 0.10518553985117289