2 0.7083333333333334 0.5215277777777778 0.05277777777777778 0.06527777777777778
2 0.2465277777777778 0.4486111111111111 0.030555555555555555 0.05763888888888889
2 0.35694444444444445 0.6701388888888888 0.034722222222222224 0.05555555555555555
2 0.6506944444444445 0.5131944444444444 0.04375 0.04791666666666667
2 0.38125 0.8013888888888889 0.05694444444444444 0.09305555555555556
2 0.47291666666666665 0.5604166666666667 0.034027777777777775 0.044444444444444446
2 0.5104166666666666 0.5777777777777777 0.0375 0.0625
2 0.5006944444444444 0.4166666666666667 0.029861111111111113 0.04236111111111111
2 0.5229166666666667 0.3125 0.02847222222222222 0.034027777777777775
2 0.6229166666666667 0.4388888888888889 0.04027777777777778 0.03194444444444444
2 0.5659722222222222 0.46875 0.04652777777777778 0.07222222222222222
2 0.7819444444444444 0.4791666666666667 0.04861111111111111 0.06180555555555556
2 0.8361111111111111 0.5048611111111111 0.06458333333333334 0.059027777777777776
2 0.9319444444444445 0.6208333333333333 0.06458333333333334 0.04791666666666667
2 0.7583333333333333 0.5909722222222222 0.04722222222222222 0.07430555555555556
2 0.6868055555555556 0.6152777777777778 0.05138888888888889 0.08125
2 0.8881944444444444 0.8013888888888889 0.06875 0.08125
2 0.8152777777777778 0.7798611111111111 0.07777777777777778 0.10972222222222222
2 0.6986111111111111 0.7902777777777777 0.06458333333333334 0.10138888888888889
2 0.6486111111111111 0.8215277777777777 0.07222222222222222 0.09791666666666667
2 0.5479166666666667 0.9597222222222223 0.05277777777777778 0.08055555555555556
2 0.5875 0.8909722222222223 0.05138888888888889 0.10347222222222222
2 0.14027777777777778 0.5777777777777777 0.04583333333333333 0.04861111111111111
0 0.43680555555555556 0.325 0.043055555555555555 0.059722222222222225
3 0.25972222222222224 0.35 0.04583333333333333 0.05486111111111111