2 0.18688417508308167 0.4766408847185982 0.03898626011344462 0.05738624598684889
2 0.34025703251282746 0.6042967764769483 0.03767015980689329 0.0586780143035941
3 0.6188620609064573 0.5206857112581259 0.0652935016832831 0.09728030044380931
3 0.5810119232116407 0.2869445362290219 0.05345450474879638 0.0826144469777703
2 0.9313000497494666 0.8186014073162968 0.04735303482570904 0.07180929802252839
2 0.8875166083705355 0.8017017806909512 0.0393138087339638 0.06363624598684889
2 0.9988901577959665 0.8802269986308376 0.0022196844080670844 0.08143439967260709
2 0.999676086360313 0.7908379064417917 0.0006478272793739531 0.06710846820907111
2 0.8165760857316164 0.6230743596749981 0.04190961505589744 0.060358264908914334
2 0.8849434660021858 0.5413676341569902 0.03697866827468646 0.045483569859149656
2 0.8691620739725203 0.5042853173244415 0.03405236041999602 0.05565743509545706
2 0.7479489989427074 0.8846567967435551 0.06204555103254879 0.07491239736337119
2 0.6963171616645876 0.8236186878296347 0.04158206643537849 0.05410826490891433
2 0.7556469460763493 0.6222732767228948 0.04180043218239133 0.058274931575580995
2 0.7649245374121502 0.8125024942146006 0.055719809537973536 0.0862323500582082
2 0.7098116940543819 0.3021781891523201 0.042312905170991635 0.054851269639430614
2 0.6223844826367195 0.29744848199615187 0.03610225237439819 0.04196278735085552
2 0.6854558641114996 0.9891064395677165 0.06862605256530527 0.021787120864566925
2 0.46690260012853174 0.9348859683429724 0.04822649781375977 0.08847596468919537
2 0.6139271269894048 0.8489928932149369 0.04965473390605521 0.07612164554741097
2 0.363974448464494 0.1326959965019801 0.029342732298035263 0.0318035225539864
2 0.28287297854140675 0.11664633665097512 0.024663592642768052 0.03493582277370544
2 0.41557875018815793 0.15360200849633862 0.028830259309434798 0.035227184490136745
2 0.5339589014519949 0.18125314128693115 0.028975836474109763 0.03800496226791452
2 0.5483907517961778 0.20578689783340806 0.023969148198323686 0.03488726248763356
2 0.5148547766213369 0.29200497098834344 0.025248854213706155 0.03290104972644398
2 0.47765478968740016 0.2555006186208997 0.026637743102595045 0.03299817029858774
2 0.46529446102759997 0.2836960795661287 0.027623341876389734 0.038602286140215214
2 0.47715804060430483 0.35163991411010237 0.0376731127191309 0.045532130145221575
2 0.5094664279604371 0.36081813171385335 0.031204746972118377 0.04092842090390797
2 0.0613618840134512 0.35231629329201225 0.03248445298750083 0.038942208142718315
2 0.045913946428780134 0.2951922081427184 0.03442220915615904 0.036310111223156284
2 0.1811879888430093 0.2887378019905851 0.03749114126328708 0.04205990792299935
2 0.13752258907429749 0.23448385622345513 0.036359965324817264 0.0336780143035941
2 0.2226333368504257 0.3006306366466039 0.026710531684932606 0.03438705918747663
2 0.33112701190962235 0.2452543982597325 0.03212051007581304 0.031997763698273944
2 0.36898800190907255 0.26796698231043115 0.025176065631368438 0.031512160837555175
2 0.23099324639389784 0.18290040265411342 0.02111858183820827 0.033304132454457167
2 0.25915659681334396 0.2582111237777404 0.029342732298035263 0.03180352255398636
2 0.27177463842356325 0.22173088978524993 0.03533501934761618 0.04052533817589479
2 0.3078955676157043 0.34326342653078534 0.03752753555445578 0.04275435236744379
2 0.35818081612057917 0.3786070910002615 0.03569896225930399 0.04746978262033931
2 0.4480857922499562 0.4174131362202795 0.03756097693338695 0.05659468097026077
2 0.34295419719515846 0.3125037883592618 0.020496925976101386 0.03464446105727414
2 0.3690853731336282 0.3226338522772548 0.030877198351599272 0.03467842090390797
2 0.40768015478092934 0.33294355690009714 0.03405531333223356 0.04251155093708437
2 0.32987484144869567 0.2873727079404842 0.02400554248949239 0.03558170693207801
2 0.17653638474219793 0.3320021991298662 0.0288666536006035 0.03592162893458119
2 0.2324194889182725 0.3421370220156168 0.027696130458727295 0.0399911750291041
2 0.29885302527673824 0.4083615636037136 0.03573535655047269 0.04816422706478376
2 0.3379632328248775 0.4021017221320332 0.03409170762340242 0.04320599538152881
2 0.10815719282267798 0.4662924612813645 0.039098395899188614 0.04632369516180985
2 0.22778951454744162 0.45182528439120523 0.04161846072654727 0.05480270935335878
2 0.26279698527453876 0.4861006225671 0.043298503944786404 0.060455385481058006
2 0.2412455841988598 0.5897623269658523 0.04892684808267952 0.06223275665852207
2 0.23600576561487266 0.6482073813107674 0.045712338810876454 0.05370518218090107
2 0.2757946937019511 0.5492804665721064 0.03408875471116472 0.05635187953990134
2 0.3530747630523166 0.49241345975644474 0.03818263279549383 0.0552543523674438
2 0.3559735353525513 0.4421074976005754 0.03982923463480195 0.04706669989232605
2 0.3493753163463687 0.5274416441345363 0.025433778581787674 0.02322738779029376
2 0.3460063711731775 0.5555739443542554 0.03025554248949239 0.03601874950672494
2 0.2975378843145039 0.5680983862653739 0.03259068294876957 0.054171425634424335
2 0.3788704909778714 0.6941762304944706 0.044723787124843914 0.06124695049764613
2 0.3919311699065913 0.6397375615185683 0.03624782953907331 0.044740565128633294
2 0.4269779878370948 0.661561459980535 0.04943636815904237 0.0719549788807443
2 0.4701397733539191 0.6798014152086976 0.03931380873396364 0.06363624598684889
2 0.5387471491014817 0.6686852215936636 0.04037219609009589 0.07062925071736541
2 0.5350378843145039 0.5847060041019577 0.03880133574536318 0.06705990792299935
2 0.5144022463425197 0.6794370512950759 0.03346414593682015 0.070838092301091
2 0.06984271320009358 0.672566903192483 0.05692967988325617 0.06971136424975713
2 0.10841977737396868 0.7617519127655608 0.041103034825709074 0.0713722554478816
2 0.5050537851130151 0.8047090536043114 0.05345450474879638 0.08261444697777039
2 0.4350604733888014 0.8025822424888291 0.04230699934651641 0.0811430379561759
2 0.4809686637516797 0.14710412456205632 0.02681971455843887 0.03647039252080996
2 0.4304039976871184 0.5421024150966525 0.037855084174974886 0.04900435236744379