2 0.3018377002262994 0.5585045616842064 0.028892413041939197 0.037769429212686924
3 0.5118745790366835 0.5136102975568417 0.05286715082395909 0.07039461983350621
2 0.5939573666100564 0.6401684707328708 0.037686340158423884 0.0778381239416035
2 0.5343411651460153 0.7722000098560364 0.05443381275195899 0.08575329117721443
2 0.7585326193507029 0.6298881387256583 0.05591966875309014 0.09416751807647819
2 0.8186189547704599 0.7174223843958328 0.07071309749628212 0.11307245607430458
2 0.7380805334535299 0.8430284381190676 0.07764138075535307 0.11208803501506787
2 0.8208572789447213 0.909783495506944 0.07807724623381773 0.08990625957581118
2 0.8371982892707839 0.5822216499120624 0.06709542460569651 0.10037022215947818
2 0.8919286513190275 0.3886272359311328 0.04951613749204 0.08060905258534648
2 0.6881826619987037 0.49639237023921967 0.03540099200791881 0.060355672481596734
2 0.6648296433269464 0.46022711407707345 0.036168161786545104 0.06664611926456196
2 0.6749644623028246 0.5548401947874139 0.048652000601171294 0.06598527246904777
2 0.8767549481929273 0.2790195049237714 0.043726244748565554 0.060146589432735376
2 0.7136489037414124 0.23640071880431038 0.033866652450666376 0.047774778915666144
2 0.8496307253695338 0.2173620382320071 0.03468230578541365 0.05823189236529803