3 0.4513888888888889 0.8638888888888889 0.10208333333333333 0.1326388888888889
0 0.8868055555555555 0.9104166666666667 0.11388888888888889 0.17847222222222223
3 0.6305555555555555 0.45902777777777776 0.03888888888888889 0.05
2 0.5395833333333333 0.9493055555555555 0.05138888888888889 0.07430555555555556
2 0.5847222222222223 0.9590277777777778 0.058333333333333334 0.08194444444444444
2 0.6604166666666667 0.9298611111111111 0.06458333333333334 0.08125
2 0.6493055555555556 0.8534722222222222 0.059722222222222225 0.09166666666666666
2 0.7041666666666667 0.8611111111111112 0.049305555555555554 0.08541666666666667
2 0.6430555555555556 0.7493055555555556 0.04791666666666667 0.06597222222222222
2 0.7708333333333334 0.5736111111111111 0.03888888888888889 0.04652777777777778
2 0.8409722222222222 0.575 0.0375 0.04236111111111111
2 0.6645833333333333 0.5486111111111112 0.03611111111111111 0.044444444444444446
2 0.6895833333333333 0.4756944444444444 0.035416666666666666 0.03680555555555556
2 0.4597222222222222 0.5465277777777777 0.027083333333333334 0.04722222222222222
2 0.42777777777777776 0.6458333333333334 0.030555555555555555 0.05625
2 0.53125 0.6263888888888889 0.04375 0.05347222222222222