2 0.052982034868125576 0.6954084134882585 0.04920907496993906 0.05393648927070337
2 0.17085270984513504 0.5858219503496815 0.04582573926727235 0.06139340670374843
2 0.1143845338425897 0.6075198879343526 0.04640705541410068 0.05170757877269491
2 0.033772414138226084 0.616602736821042 0.05141361719357537 0.06446233881087646
2 0.3439899851474765 0.25958063219338845 0.03524746074686836 0.04695860344732776
2 0.09230873534198282 0.47681284938964663 0.03532018608105021 0.05320860344732776
2 0.16166429326687176 0.4808123091616577 0.04290251082113099 0.04874782953907331
2 0.21306885681450846 0.5364160706573327 0.040972708748848105 0.06183309111001133
2 0.23578399519062943 0.49289034222882055 0.03947877215502997 0.052732524749896155
2 0.2935269587311958 0.6002134941461411 0.038816650081333 0.055473908236504915
2 0.27623097888820547 0.5358819679387515 0.03810604445151482 0.05404862505644732
2 0.2719678316359223 0.48474783908804414 0.03953533630383801 0.05759363586100726
2 0.3010052088195992 0.49433038997006645 0.032372715856848325 0.0384796929493193
2 0.342905726147559 0.5316936715421045 0.03953533630383801 0.05759363586100726
2 0.3228966132682858 0.46195216694383434 0.0359419051913128 0.04699499773849646
2 0.33605114127592184 0.40504706970279636 0.03805756089539361 0.049881958389780656
2 0.27752436024472965 0.365085028896587 0.024112107857696685 0.04429296145529393
2 0.4307132751962857 0.441033274034896 0.036547463116201745 0.03939250314077659
2 0.41923902394089163 0.41317975476254293 0.04212726044981802 0.04176699080346001
2 0.42131379015491216 0.4734508442645345 0.028343419265858295 0.050066882757862335
2 0.4724849895678817 0.4298218387869914 0.035182816005373575 0.0414030478917722
2 0.48676077385248817 0.5151322754923894 0.03880856948864625 0.054779463792060626
2 0.530648143928165 0.5010338795932008 0.03666867200650472 0.04980916980744325
2 0.4500037018530539 0.512894506257668 0.0381868503783835 0.06099306950089177
2 0.40211079043782183 0.5730082069460338 0.05501512889878736 0.0757554213778314
2 0.3960375904236811 0.6774296336508819 0.053012601492322786 0.08259068294876941
2 0.4525461693896608 0.6522594738439887 0.04876512889878736 0.07542787275731244
2 0.4814870659877212 0.610489530128291 0.050848462232120695 0.07553705563081871
2 0.35610581855156087 0.8287368752207201 0.050969671122423676 0.08595372229748553
2 0.48595982212323685 0.7032539313544963 0.050743414527191374 0.06650927785304094
2 0.4924431862579041 0.8021591497071954 0.05310956860456505 0.09092401628210306
2 0.48615229676784394 0.8656447484809899 0.038041399710019956 0.048493069500891765
2 0.4876053438716019 0.9197022322741504 0.04723886993422184 0.06354952861941948
2 0.6027628858123285 0.8047057907446928 0.05429644267628236 0.07363569375332936
2 0.785524443171398 0.6056599417074771 0.04861967823042398 0.06292787275731244
2 0.6159022256878425 0.6298179265304368 0.05229391526981778 0.08047095532426737
2 0.6604441237711552 0.5594695306312482 0.04020553897022189 0.05554669681884263
2 0.6832481486668317 0.5083049133138473 0.046536344897090645 0.06281868988380603
2 0.6374390571115589 0.5086236031976534 0.04652018371171683 0.061429800994917134
2 0.7015713368343056 0.3650703392146855 0.031024229931393657 0.041879126589203966
2 0.6774915513473564 0.40658552289220173 0.03813836682226237 0.056826402834225104
2 0.6114466037909523 0.4162929805532357 0.0402217001555957 0.05693558570773152
2 0.5484218517929319 0.4050215277162612 0.044937360598343114 0.04469034574591307
2 0.6648313990734968 0.2420720252289683 0.03246968296909074 0.046813026282652714
2 0.6220909866327288 0.21724513794809927 0.030991907560646344 0.03910134881142627
2 0.5908813895961632 0.21541065882847207 0.028173726819434187 0.03548354942452892
2 0.557531895077456 0.21854647369346236 0.021907565634060374 0.03376711191512101
2 0.5112783709244059 0.25705960802171285 0.031048471709454222 0.043962459922537375
2 0.44410311344509257 0.24461763204286216 0.034464129782868565 0.03928332026727017
2 0.9399839572812952 0.3338370973437944 0.05214846460145408 0.06797095532426738
2 0.8140228532781842 0.36334113071201 0.03679796148949461 0.060920280918554205
3 0.8993961978216615 0.7204518227067932 0.12010802609801897 0.1825759183875811
3 0.7598561866115177 0.36617988542317476 0.07481511942145415 0.1073300170861128