2 0.5907353403120461 0.5064711558577165 0.03881340752465531 0.046011711077222295
2 0.5940022436874558 0.3802439007074079 0.029644185859606865 0.040940476105956865
2 0.6222607968088855 0.540515677640803 0.03824020069787129 0.050162214370030885
2 0.4274143145357344 0.45062175641546326 0.024762868478885657 0.04013288804450623
2 0.4159246280162385 0.4850530379082411 0.04097756593642888 0.04883797897657397
2 0.5373183931844474 0.4594255694850313 0.040654265622667496 0.037726867865462865
2 0.5478414349133711 0.5110245822340745 0.033015376733778606 0.037549070753024695
2 0.47962957291514163 0.5517693559593831 0.036649249112881595 0.04318544317787046
2 0.5536757031164777 0.6638346867595684 0.0504498816456283 0.06432588061450607
2 0.46586517779462483 0.6749763827240436 0.04559620181221899 0.04061778926024699
2 0.4430644050314119 0.6307253181344449 0.04979584974040405 0.0656986061295372
2 0.32523111844156727 0.6356164334674694 0.046141771091691194 0.059367789260246995
2 0.8503790746302612 0.8914243103655561 0.07360159226991432 0.09678755302240725
2 0.7884576251712518 0.933703443344476 0.0777682589365813 0.0968845332655557
2 0.6513638381269484 0.8729126965532721 0.048851498782936965 0.08094405715959851
2 0.6034982714279152 0.9619077614817595 0.06230862473231266 0.07618447703648093
2 0.5977724658505608 0.7960221624433337 0.04688940306726421 0.08506223370469128
2 0.30734347573337756 0.42631387833410517 0.03478818474525917 0.050775841945185286
3 0.9247877490973622 0.8251467259343835 0.1353720790004565 0.14472154432583326
1 0.4015264072601075 0.6103272346323768 0.04521762640383413 0.07530768473475306
2 0.9874956575316749 0.6963691415032106 0.025008684936650146 0.06002990695697545
2 0.5070424692527213 0.3490729756823461 0.0301567738775606 0.03470663947981478