2 0.8520833333333333 0.2048611111111111 0.041666666666666664 0.06736111111111111
2 0.7402777777777778 0.25277777777777777 0.043055555555555555 0.07430555555555556
2 0.7694444444444445 0.16666666666666666 0.05555555555555555 0.07916666666666666
2 0.6069444444444444 0.10416666666666667 0.05138888888888889 0.10069444444444445
2 0.5201388888888889 0.15694444444444444 0.05277777777777778 0.09652777777777778
2 0.4166666666666667 0.11319444444444444 0.04791666666666667 0.08263888888888889
2 0.2847222222222222 0.2388888888888889 0.059722222222222225 0.09305555555555556
2 0.18819444444444444 0.1638888888888889 0.05277777777777778 0.08541666666666667
2 0.19444444444444445 0.06944444444444445 0.08125 0.11597222222222223
2 0.6590277777777778 0.4888888888888889 0.044444444444444446 0.07361111111111111
2 0.7083333333333334 0.5319444444444444 0.05694444444444444 0.07569444444444444
2 0.7520833333333333 0.4548611111111111 0.03888888888888889 0.07430555555555556
2 0.7590277777777777 0.5222222222222223 0.034722222222222224 0.06041666666666667
2 0.5659722222222222 0.70625 0.03333333333333333 0.050694444444444445