2 0.7627478948693891 0.12330128095101492 0.034273679079246396 0.04463029178562776
2 0.45126110407692643 0.5694223916257 0.042273557967585244 0.06480958227042603
2 0.03273242273617675 0.5808823454772244 0.04114238202911551 0.0564722087775018
1 0.5793084064540739 0.6297699125741232 0.03916527865705082 0.07173382591691582
3 0.17969693200797987 0.5716965384702024 0.09274077792830417 0.10050906010845861
3 0.7260800919653995 0.41231541478722294 0.0723864762046402 0.08303482452880107
2 0.44252846776434024 0.9082587584399066 0.07306910900013402 0.13580048182780616
2 0.48052322327951486 0.8323663461755059 0.05512864214256012 0.11139796244206776
2 0.49246055078287426 0.6045885683977283 0.05301482034253332 0.08431058894914369
2 0.6465170752317176 0.7647542821645591 0.059959264786977766 0.08435099054505316
2 0.5982394185656008 0.785167901905632 0.043371292527124045 0.05926210703405243
2 0.7697140439231008 0.5467427053593066 0.05404271923197194 0.06418382053902766
2 0.8209603085595524 0.5624119156122082 0.05341811045762736 0.07875907355317903
2 0.9435966732015023 0.7789932759222675 0.03499270616590909 0.09809039352907689
2 0.8185897331534234 0.42219070006870346 0.0547735579675854 0.064882305143063
2 0.8437107276758803 0.47272353812951035 0.053457457661033915 0.06626311371276992
2 0.1619393959505668 0.4336475397710319 0.04121517061145307 0.057861097666390686
2 0.19249199859388474 0.42027936846417696 0.02926403789122247 0.055014637175566844
2 0.23135335192831777 0.4603187768260892 0.024988188351049385 0.05290706288468796
2 0.4167463952970833 0.35371681993647985 0.03240871149292559 0.04878483797352157
2 0.39952104326961735 0.47044812915660167 0.04735894065018442 0.04262372148452237
2 0.4055044715824852 0.42251126169198017 0.0322296929493193 0.03212221146644589
2 0.43346717372834465 0.4320678373709738 0.02583411578464418 0.0293080722523497
2 0.45518873461091686 0.4812319873408465 0.045163471531107134 0.05371867195726957