0 0.7972222222222223 0.6430555555555556 0.07291666666666667 0.10902777777777778
2 0.9375 0.7388888888888889 0.06944444444444445 0.08194444444444444
2 0.9673611111111111 0.8270833333333333 0.06458333333333334 0.11944444444444445
2 0.8840277777777777 0.7694444444444445 0.06944444444444445 0.07013888888888889
2 0.975 0.7111111111111111 0.04861111111111111 0.09583333333333334
2 0.8777777777777778 0.7006944444444444 0.059722222222222225 0.07291666666666667
2 0.8708333333333333 0.9423611111111111 0.08055555555555556 0.0798611111111111
2 0.6430555555555556 0.475 0.0375 0.052083333333333336
2 0.6215277777777778 0.5916666666666667 0.04791666666666667 0.05138888888888889
2 0.55625 0.5861111111111111 0.044444444444444446 0.06597222222222222
2 0.5222222222222223 0.5701388888888889 0.044444444444444446 0.035416666666666666
2 0.3854166666666667 0.6270833333333333 0.03125 0.0625
2 0.39305555555555555 0.5861111111111111 0.03680555555555556 0.03819444444444445
2 0.46805555555555556 0.60625 0.044444444444444446 0.044444444444444446
2 0.4736111111111111 0.71875 0.04722222222222222 0.08888888888888889
2 0.48333333333333334 0.78125 0.06111111111111111 0.075
2 0.7555555555555555 0.95625 0.06944444444444445 0.0875
3 0.47430555555555554 0.4888888888888889 0.07847222222222222 0.09027777777777778
3 0.5527777777777778 0.6777777777777778 0.08958333333333333 0.125
2 0.3416666666666667 0.34652777777777777 0.030555555555555555 0.04791666666666667
2 0.26875 0.31666666666666665 0.03611111111111111 0.043055555555555555
2 0.53125 0.28680555555555554 0.027083333333333334 0.041666666666666664
2 0.75625 0.29097222222222224 0.03333333333333333 0.044444444444444446
2 0.7111111111111111 0.3402777777777778 0.034027777777777775 0.041666666666666664
2 0.8034722222222223 0.39166666666666666 0.04097222222222222 0.04375
2 0.48194444444444445 0.9284722222222223 0.06944444444444445 0.09930555555555555
2 0.8680555555555556 0.4097222222222222 0.04236111111111111 0.050694444444444445