2 0.564190340608366 0.9752298378354156 0.03145843502761699 0.049540324329168724
2 0.9103759407840496 0.814606515757288 0.04513824086764468 0.07343608969744271
2 0.8907012178673951 0.9286552112817226 0.038888240867644676 0.07314499126901902
2 0.933507243591124 0.9382671006299259 0.038969134433575116 0.07453388015790792
2 0.7468099781376386 0.8838625357930138 0.03950864088019317 0.06001523536422408
2 0.8256866681895136 0.8944618827276634 0.04031757653949879 0.07390412425311296
2 0.7925363174113904 0.7890337895378285 0.04077618942018641 0.05799659057054056
2 0.7507483103958278 0.7850098000150056 0.03023818240462409 0.05542809318983473
2 0.7346870494311517 0.9373176285235343 0.03481616603497836 0.05079339196749749
2 0.8908985467119191 0.729899508313189 0.04302130988538093 0.0608714011577929
2 0.6355563312542827 0.9768632234615694 0.033912638541672716 0.046273553076861165
2 0.5088575663697416 0.9482688300685941 0.035213784730596054 0.06951104769767275
2 0.5416389910308752 0.8452189980676732 0.032564196435749045 0.059691792665975955
2 0.21492227082920626 0.550899998344865 0.028903438566770332 0.03251142652316822
2 0.6490557466240773 0.8107460593666622 0.03240240930388801 0.05691401488819818
2 0.6092913747992666 0.698776867748404 0.029591033877179818 0.044316982078723616
2 0.6041184436287705 0.8834496162090997 0.04094482568608255 0.04900115706258753