2 0.8749745475275931 0.14676897281598691 0.038740152003853404 0.045979384329506226
2 0.5267232004141114 0.42256678444953655 0.033184596448297854 0.04585007733864188
2 0.3428640589022296 0.43586169292583304 0.03718947598310349 0.04316927980401238
2 0.3337410412692072 0.34245112377685155 0.02983371457497144 0.04785259380268517
1 0.6276753198669057 0.5824968080061106 0.046864402288325537 0.05449051477527781
3 0.28546100157709736 0.4212471941076849 0.07638824086764467 0.07320876865901245
3 0.7921696144577851 0.42540399003969065 0.06437360226322791 0.08125116126290127
2 0.30132002862694723 0.5776097570932404 0.04644623619060297 0.07112485469422848
2 0.3097081550325599 0.6717309340605244 0.04142333794763083 0.06823393329944452
2 0.364784550305323 0.6191297921322836 0.05367380811580442 0.07614759954391985
2 0.44799654328976046 0.619273520602654 0.050208435027616995 0.06427739049293216
2 0.4764769106885061 0.7732618095254316 0.06697589464107459 0.10211682134395043
2 0.5123988381316165 0.7280415231358021 0.05032292624247785 0.07815011600796298
2 0.5490948075426134 0.5385545894141662 0.04330443736613777 0.06481020119879635
2 0.6206108311160541 0.7276033701472835 0.0340812748075687 0.049338462934722174
2 0.6670981621108665 0.7272148685432401 0.055871632663998604 0.09006881518052473
2 0.39263572449375206 0.5338741785727465 0.058791298192776745 0.05684862546419759
2 0.5147969525309043 0.496355692673086 0.04143703621570075 0.04465514893604939
2 0.18937323334163533 0.6183580146072529 0.04947354380020733 0.06356678267462965
2 0.15961976431135022 0.5933909219864195 0.049918458412825197 0.07120567156351854
2 0.061074552455611296 0.4278568527527159 0.03772213329568685 0.04040766540009252
2 0.17098531032459002 0.39825203309753066 0.035396119264561876 0.03619250861185195
2 0.22869204253258385 0.4433735973496603 0.03518703621570067 0.04450967857132721
2 0.21290215484432745 0.4763357537157097 0.045677747314262974 0.05793041024978404
2 0.506589864616769 0.2919633194038576 0.027629040892742297 0.04572077034777777
2 0.4905305477158255 0.3533653712444132 0.031148559031964694 0.03470663947981478
2 0.47715441675865944 0.39251287411503044 0.04274503153865889 0.04329858679487665
2 0.8807959232680218 0.4635643658420671 0.05314799993725564 0.06711982176614208
2 0.8618785830446144 0.5978507576015732 0.06200029231510263 0.08813095221191374
2 0.8109209105002735 0.5678291740147832 0.05016113911061666 0.0753723382301852
2 0.2825338388930399 0.3048068146750306 0.03620505492386725 0.05008139750074076
2 0.30454697806640085 0.29597241675209846 0.02452768885124246 0.040100561296790085
2 0.02788572141374068 0.7983190091187653 0.05577144282748136 0.08254306990864203