2 0.3369456111970772 0.49858930196618 0.029620048082297106 0.03989039585543423
2 0.34417360527000185 0.46814687470824057 0.034098550573383256 0.026760596152484734
3 0.478668964867137 0.5009321873187448 0.05712847663532159 0.06241160000707045
2 0.6628237439978552 0.6661144575641578 0.04244596969892898 0.05252776593111087
2 0.613532503457541 0.6232200273357137 0.05001397118069772 0.06024746074686836
3 0.4087713682300912 0.3925822062734118 0.07274637643345822 0.06675603971284813
0 0.6610245333505748 0.4655897055661375 0.06445552969979107 0.07567876978569675
2 0.40707041429375374 0.4737352391611694 0.03819432983292993 0.034439888004808
2 0.41527594399354484 0.54875948093923 0.04914946572607385 0.05815604682084812
2 0.41983930507244877 0.5876645310134927 0.046513462762536366 0.04286210785769669
2 0.4487938825753281 0.44091906375979545 0.037329824378306065 0.032348474078787604
2 0.476557459949379 0.4495675402079164 0.03990914033845062 0.046947968597494755
2 0.6205051194864102 0.6746412385953501 0.05807795528927784 0.08254240830327243
2 0.6986373342997882 0.6373922234952687 0.056816755422416536 0.04159442785911078
2 0.5524505954344857 0.36789024184876445 0.04373568498475859 0.04282978548694921
2 0.5290519173217056 0.41271398762286554 0.041411403234125684 0.04835301867175745
2 0.529051802710191 0.4467094430298959 0.04339556296439974 0.03866311882028255
2 0.7212710243955475 0.4982048392035917 0.04600327973199809 0.03661210785769668
2 0.7943719524761204 0.4928113820283993 0.04550718249367252 0.056032310524080566
2 0.7715826309969379 0.5535992694320359 0.05664657980072276 0.07350654993280775
2 0.7600181384701964 0.5139189689864602 0.0463292013486302 0.04910402726500978
2 0.8465399151742425 0.613443187071187 0.06636880202294498 0.07361967823042383
2 0.8041076874329822 0.6885719900275509 0.07202353118155998 0.08339846460145407
2 0.29030514708160055 0.29268628092508925 0.03784000740884418 0.0385984740787876
2 0.6774650250612418 0.2930285849776929 0.03078218895761356 0.03712877926303011
2 0.420377545075897 0.6792503917532906 0.06069987246060325 0.07216614460003999