2 0.5083333333333333 0.9590277777777778 0.027777777777777776 0.06319444444444444
2 0.8652777777777778 0.7743055555555556 0.04097222222222222 0.07152777777777777
2 0.8388888888888889 0.8895833333333333 0.034722222222222224 0.07152777777777777
2 0.88125 0.8972222222222223 0.034722222222222224 0.07291666666666667
2 0.6972222222222222 0.8513888888888889 0.03611111111111111 0.058333333333333334
2 0.7756944444444445 0.8583333333333333 0.03611111111111111 0.07222222222222222
2 0.7486111111111111 0.7541666666666667 0.0375 0.05625
2 0.7069444444444445 0.7520833333333333 0.027083333333333334 0.05416666666666667
2 0.6819444444444445 0.9055555555555556 0.03194444444444444 0.049305555555555554
2 0.8506944444444444 0.6902777777777778 0.03958333333333333 0.059027777777777776
2 0.5798611111111112 0.95625 0.030555555555555555 0.05763888888888889
2 0.4548611111111111 0.9270833333333334 0.03125 0.06805555555555555
2 0.49375 0.8222222222222222 0.029166666666666667 0.058333333333333334
2 0.18333333333333332 0.5423611111111111 0.027083333333333334 0.03125
2 0.6034722222222222 0.7826388888888889 0.029166666666666667 0.05555555555555555
2 0.5701388888888889 0.6722222222222223 0.027083333333333334 0.043055555555555555
2 0.5541666666666667 0.8576388888888888 0.03819444444444445 0.04722222222222222