2 0.38125 0.21736111111111112 0.04652777777777778 0.08263888888888889
2 0.6513888888888889 0.21458333333333332 0.049305555555555554 0.07847222222222222
2 0.47152777777777777 0.06180555555555556 0.05416666666666667 0.06666666666666667
2 0.38680555555555557 0.0875 0.04722222222222222 0.06736111111111111
2 0.3451388888888889 0.12569444444444444 0.04583333333333333 0.058333333333333334
2 0.30069444444444443 0.17083333333333334 0.03958333333333333 0.06805555555555555
2 0.2534722222222222 0.2923611111111111 0.06180555555555556 0.08472222222222223
2 0.12152777777777778 0.4 0.05555555555555555 0.11597222222222223
2 0.01875 0.8055555555555556 0.03680555555555556 0.13472222222222222
2 0.07361111111111111 0.6423611111111112 0.05 0.09513888888888888
2 0.36736111111111114 0.8493055555555555 0.04513888888888889 0.12291666666666666
2 0.3333333333333333 0.7479166666666667 0.04791666666666667 0.12569444444444444
2 0.3861111111111111 0.6423611111111112 0.06875 0.11041666666666666
2 0.6013888888888889 0.32916666666666666 0.07777777777777778 0.11041666666666666
2 0.825 0.43819444444444444 0.08333333333333333 0.09513888888888888
2 0.7652777777777777 0.3215277777777778 0.07777777777777778 0.10277777777777777
2 0.7180555555555556 0.4041666666666667 0.0875 0.11805555555555555
2 0.48194444444444445 0.4263888888888889 0.0798611111111111 0.11319444444444444
2 0.5743055555555555 0.6201388888888889 0.08055555555555556 0.11458333333333333
2 0.54375 0.7472222222222222 0.09722222222222222 0.16805555555555557
2 0.47430555555555554 0.8638888888888889 0.10138888888888889 0.20625
2 0.5645833333333333 0.8847222222222222 0.09513888888888888 0.1284722222222222
2 0.6673611111111111 0.9222222222222223 0.13472222222222222 0.15555555555555556
2 0.9013888888888889 0.7645833333333333 0.11666666666666667 0.12777777777777777
2 0.8645833333333334 0.6284722222222222 0.12986111111111112 0.2076388888888889
2 0.7340277777777777 0.027083333333333334 0.06180555555555556 0.05
3 0.6861111111111111 0.08194444444444444 0.11388888888888889 0.10972222222222222