2 0.2965277777777778 0.4951388888888889 0.02638888888888889 0.03958333333333333
2 0.30625 0.46458333333333335 0.03194444444444444 0.02638888888888889
3 0.43819444444444444 0.49583333333333335 0.052083333333333336 0.06180555555555556
2 0.6090277777777777 0.6590277777777778 0.03819444444444445 0.052083333333333336
2 0.5631944444444444 0.6166666666666667 0.04513888888888889 0.059722222222222225
3 0.3770833333333333 0.38819444444444445 0.06736111111111111 0.06597222222222222
0 0.6236111111111111 0.4583333333333333 0.058333333333333334 0.075
2 0.36875 0.46944444444444444 0.035416666666666666 0.034027777777777775
2 0.37083333333333335 0.5444444444444444 0.044444444444444446 0.05763888888888889
2 0.37222222222222223 0.5833333333333334 0.043055555555555555 0.04236111111111111
2 0.4131944444444444 0.4361111111111111 0.034722222222222224 0.03194444444444444
2 0.44027777777777777 0.4444444444444444 0.03611111111111111 0.04652777777777778
2 0.5659722222222222 0.6680555555555555 0.05138888888888889 0.08194444444444444
2 0.6472222222222223 0.6298611111111111 0.05347222222222222 0.04097222222222222
2 0.5229166666666667 0.36180555555555555 0.04027777777777778 0.04236111111111111
2 0.49583333333333335 0.40694444444444444 0.0375 0.04791666666666667
2 0.4930555555555556 0.4409722222222222 0.04027777777777778 0.03819444444444445
2 0.68125 0.49027777777777776 0.043055555555555555 0.03611111111111111
2 0.7548611111111111 0.4840277777777778 0.04097222222222222 0.05555555555555555
2 0.7270833333333333 0.5451388888888888 0.050694444444444445 0.07291666666666667
2 0.71875 0.5055555555555555 0.04236111111111111 0.04861111111111111
2 0.7972222222222223 0.6041666666666666 0.06041666666666667 0.07291666666666667
2 0.7486111111111111 0.6798611111111111 0.06527777777777778 0.08263888888888889
2 0.26666666666666666 0.28958333333333336 0.034722222222222224 0.03819444444444445
2 0.6541666666666667 0.28541666666666665 0.027777777777777776 0.03680555555555556
2 0.36527777777777776 0.675 0.05486111111111111 0.07152777777777777