2 0.7340277777777777 0.7354166666666667 0.029861111111111113 0.05
2 0.44027777777777777 0.75 0.030555555555555555 0.05
2 0.7194444444444444 0.3263888888888889 0.024305555555555556 0.04097222222222222
2 0.7076388888888889 0.5291666666666667 0.035416666666666666 0.04375
2 0.6875 0.6152777777777778 0.03611111111111111 0.050694444444444445
2 0.8819444444444444 0.6236111111111111 0.03888888888888889 0.052083333333333336
2 0.8069444444444445 0.6354166666666666 0.04375 0.049305555555555554
2 0.4666666666666667 0.6375 0.03125 0.04861111111111111
2 0.5145833333333333 0.7347222222222223 0.025 0.03680555555555556
2 0.6840277777777778 0.8597222222222223 0.05138888888888889 0.07291666666666667
2 0.7652777777777777 0.9673611111111111 0.06111111111111111 0.06458333333333334
3 0.6416666666666667 0.51875 0.03819444444444445 0.05277777777777778
3 0.4888888888888889 0.96875 0.08333333333333333 0.0625