2 0.2884400775514783 0.5688250105547837 0.028892413041939197 0.0367738094392902
3 0.4992365320744276 0.5312886193869132 0.05286715082395909 0.0685733641504631
2 0.5782648556121659 0.6606636680193823 0.037686340158423884 0.07655110325891977
2 0.5156588348539848 0.7905582671411108 0.05443381275195899 0.08388346867595702
2 0.742856269538186 0.6561385039705857 0.05591966875309014 0.09224912875700618
2 0.8008254896739846 0.7457368394148759 0.07071309749628212 0.11064411516358032
2 0.7174750221020256 0.8684774508634563 0.07764138075535307 0.10941686001327185
2 0.7985871654997232 0.938097950525987 0.07807724623381773 0.08721080116490738
2 0.8225239329514383 0.6112403237952154 0.06709542460569651 0.09806329829429027
2 0.8816824597920836 0.41963714936107954 0.04951613749204 0.07890921394783956
2 0.6757062268901852 0.5202386779825303 0.03540099200791881 0.0591415020262346
2 0.6532259122286093 0.4832720693198452 0.036168161786545104 0.06540766540009252
2 0.6611466488082866 0.5782008343485797 0.048652000601171294 0.06430971724064816
2 0.869078385140406 0.3095437501715734 0.043726244748565554 0.0586410180680864
2 0.707184429591921 0.26124264632101796 0.033866652450666376 0.046609175278518614
2 0.8434248301860218 0.24696351393373386 0.03468230578541365 0.0570420053190432