2 0.3970082341030588 0.22061163341946705 0.04465972860609639 0.05405901021287084
2 0.47573683529114247 0.24517381040154346 0.03546331456242263 0.062463759681719466
2 0.9013660285014589 0.5129269237028857 0.07760849349063759 0.08522826787252392
2 0.9093963349731748 0.5545666762561035 0.0691606689424434 0.07084985674090502
2 0.23426129635620924 0.4896939289856863 0.04592727714608947 0.0520646809236701
2 0.1557659346469053 0.16193586811861738 0.0386188116549576 0.04536966070300655
2 0.8832625290076589 0.42881946808580684 0.06563430166918605 0.09345500925310704
2 0.40429744823457436 0.32284606072761685 0.05107151573795742 0.057237306189245864
2 0.4275582365670679 0.3543092446331171 0.051516430350575446 0.06487619507813476
2 0.48189353949963054 0.3668526821541377 0.04632489584170717 0.07077017890160388
2 0.29450803071449144 0.3409037452852639 0.051765960182401864 0.05728180821131224
2 0.24730765193686244 0.5170173603379689 0.06618750638387418 0.05543857289692811
2 0.010210985729337691 0.7888971505926747 0.020421971458675383 0.1087772890529512
1 0.8493113877467537 0.7005790821787481 0.12617230868474835 0.09941001850621407
2 0.9322210018908181 0.8209031763586424 0.053248792884046894 0.10649835972273504
2 0.9019684731968799 0.7778393590993011 0.07070449582915836 0.08547769209630474
2 0.6841500452475695 0.8914385797465257 0.06690185020917912 0.09146067996390646
2 0.6585495446158812 0.8403084412862493 0.06673321394328313 0.10044395571961787
2 0.6757955164908872 0.7835595928386877 0.07505969814258151 0.11273903351790358
2 0.6224645339984213 0.741804986628934 0.11987436474650413 0.1813368750420412
2 0.36634466754508477 0.9383309532853457 0.09231936828565732 0.1233380934293087
2 0.36129668575129814 0.4148873959804776 0.0481182525602487 0.07780362739018093
2 0.38685673960002115 0.46671197888519855 0.05894623619060313 0.07365454863213172
2 0.32081047294590337 0.47572323325540466 0.05865625957581118 0.08055449105450979
2 0.12007558171849365 0.46355659332266963 0.062337564846894684 0.07248816985357456
2 0.8959709640352759 0.3662035499282251 0.05368065724983921 0.06639859003322278
2 0.4333414785098567 0.18320889916738559 0.04621725376088127 0.045164738501292115