2 0.6597222222222222 0.5020833333333333 0.025694444444444443 0.034027777777777775
2 0.5881944444444445 0.5923611111111111 0.03333333333333333 0.04583333333333333
2 0.75625 0.6583333333333333 0.02638888888888889 0.03125
2 0.7576388888888889 0.6298611111111111 0.030555555555555555 0.03611111111111111
2 0.4652777777777778 0.6493055555555556 0.024305555555555556 0.03819444444444445
2 0.4583333333333333 0.6847222222222222 0.0375 0.05486111111111111
2 0.4756944444444444 0.8541666666666666 0.034722222222222224 0.06111111111111111
2 0.5166666666666667 0.8673611111111111 0.034722222222222224 0.06736111111111111
2 0.40625 0.8236111111111111 0.035416666666666666 0.06597222222222222
2 0.4263888888888889 0.9708333333333333 0.03611111111111111 0.058333333333333334
2 0.4930555555555556 0.8770833333333333 0.029861111111111113 0.04375
3 0.24513888888888888 0.6138888888888889 0.05763888888888889 0.06666666666666667