2 0.060019427698798325 0.6111845075217626 0.04167727009705998 0.05369435551790913
2 0.5292751879348139 0.3698238287232827 0.02505422969151741 0.036791857287485644
2 0.5083746582855811 0.4215095433609982 0.029632376375097795 0.030130540323798034
2 0.4900950943819899 0.46012215390316524 0.03208356346422095 0.03927965845047178
2 0.37553890683697155 0.6406989048820697 0.05054823584270152 0.06737416135793682
2 0.32534319493168895 0.67675651896339 0.039239049632318924 0.06186590171938128
2 0.3228566218178463 0.5840313868055915 0.04582860694535577 0.0705632560994022
2 0.4101998097857101 0.5758927902318053 0.05495660386976371 0.05654617772758254
2 0.4553870513237005 0.6627518428171517 0.052207122534738915 0.0570788350401658
2 0.521238998192944 0.5670460509455049 0.04289638032943041 0.0496085824171729
2 0.8735663960806616 0.6328127991466795 0.048068752310825226 0.057530598786818626
2 0.8848803086790219 0.6968161792504293 0.049357422053083785 0.07215437890311717
2 0.8069480820630966 0.7131599196746181 0.06107808828038072 0.07075864088019349
2 0.8440542950585426 0.759174939520673 0.05608846157988599 0.08432395550536032
2 0.9242019463307238 0.9842881820124733 0.06389712912529338 0.03142363597505348
2 0.5533992107490197 0.6148612766441363 0.04076942073497318 0.0654190175075341
2 0.5081872485018156 0.7848589258032689 0.04536053404293578 0.07607836487199254
2 0.6508619836771993 0.8196202987659679 0.04669283004631855 0.07477036954903409
2 0.6086706512226066 0.81298637833842 0.03389689899440577 0.049777218683068884
2 0.4734390930308292 0.8176397024431583 0.061572094431564514 0.09988486076389494
1 0.6182702348978614 0.6798957257028782 0.03967882609198593 0.05565634850234665
3 0.31332302191894024 0.4421693353581334 0.07130964647215782 0.08382489584170716
3 0.7876073706137092 0.5728149465989796 0.0647896486690093 0.09383709467872119
2 0.5401540504614849 0.4957541047314838 0.0422302323277391 0.05026258007865213
2 0.3674767219612248 0.46272574232350056 0.03497452701301095 0.04221922336011059
2 0.31827489940072623 0.3206415575803556 0.030892749674603533 0.0440598759956523
2 0.3398592700640102 0.32050651896339 0.023721933688134557 0.038099852610444095
2 0.36340318485922185 0.3747808277108826 0.023976601672912067 0.04434985261044409
2 0.24896842332162022 0.4669609003305164 0.03539897365430689 0.05263589002677725
2 0.1978400794599246 0.33799026646588537 0.025082526134270387 0.03748630173193016
2 0.11018799381576597 0.3878764232722688 0.0326365256949001 0.035847883011214776
2 0.21197303290319777 0.3840594313629754 0.030355117262295374 0.030865431551207856
2 0.1917198075888585 0.5736091670473784 0.03888416250091132 0.07015878826974939
2 0.21881847074056282 0.5918937050326557 0.04638156917603485 0.0671314806601452
2 0.11848600300949245 0.6967287156501156 0.053822382965652296 0.0627152841616521
2 0.06399510884815998 0.7186143133617903 0.05477149539487432 0.06900573094461733
2 0.8895739424424907 0.325376144172617 0.03556875231082523 0.05680255669344392