2 0.7819023257290499 0.5320911307120101 0.05832294262745626 0.07849680486444047
3 0.47771700665272004 0.5051218518530546 0.056150605249989854 0.07699873310204516
2 0.6836325820844092 0.24032509925286694 0.03004738090316247 0.036872438313417806
2 0.8139293872113526 0.20511993316442068 0.03418713345638006 0.04747107643592838
2 0.8367136123128658 0.2599869501000071 0.044737306189245866 0.05010032413679334
2 0.8400896332882152 0.34770826875925737 0.05267838302776763 0.07681676164620134
2 0.7350331804848014 0.8314635690254277 0.06781332853451481 0.09698909191402107
2 0.8505510562815286 0.810875177649246 0.05267838302776795 0.07681676164620134
2 0.6686324614494873 0.7768060591001412 0.06825834875517844 0.10393353635846551
2 0.7551595496657215 0.6469990597536247 0.07009225786473097 0.11095076938524769
2 0.7029147316516944 0.5874469973382958 0.057735090135761565 0.09092401628210275
2 0.6231663451950277 0.438669638676846 0.04154968400803922 0.06515973616755844
2 0.6438579107583762 0.47219084929049854 0.03702700116484152 0.05938581486499035
2 0.6271653944793062 0.5166687351138741 0.045199914318526956 0.0681194854011802
2 0.5485079669660785 0.6100734690199292 0.04790627596078928 0.07795089049690868
2 0.4873813969484415 0.7323202738843697 0.054717214339034745 0.0762315000752633
2 0.35199483789836106 0.9117515186702476 0.05356842346909506 0.09070565053509022
2 0.33307402701283567 0.8289975410833771 0.05287397902465061 0.0906692562439212
2 0.31004970389237313 0.7886774631899552 0.03668857289692811 0.06490497612937689
2 0.26673326890611365 0.654601479472058 0.04419395571961786 0.06322197999890022