2 0.9175829653071462 0.753737294885265 0.06347007476992227 0.09227350847448261
2 0.44042197851410353 0.4266136250567137 0.060604554292178946 0.10244737371078985
2 0.583929297816312 0.4123949791731675 0.05293206775435964 0.089461770850071
2 0.9036637188755482 0.3830642428495853 0.052817576539498784 0.07562144224725402
2 0.9478984322498871 0.4601574176545991 0.052891620971394424 0.08876732640562655
2 0.6646117468123097 0.5406294824689531 0.05534582448545014 0.0834060119943585
2 0.7824993141232135 0.46963143240637384 0.05415232037735254 0.09853810891392054
2 0.8110158712558666 0.04743108732462827 0.07031992738036605 0.09486217464925654
2 0.6217946149054878 0.2723844447368677 0.07469567709589424 0.10689080165444961
2 0.3554802150811715 0.10553240778909811 0.05643103849147732 0.11391300726384218
2 0.41296286992974574 0.23050828941414483 0.07113571217370647 0.11701610660468502