2 0.6701388888888888 0.1450532447967475 0.043055555555555555 0.06576255491115887
2 0.3020833333333333 0.22710949376848205 0.03333333333333333 0.053914737852366716
2 0.3854166666666667 0.2944059824708985 0.05277777777777778 0.07483259419217332
2 0.35625 0.4160605447583861 0.04791666666666667 0.065436463440555
2 0.38333333333333336 0.368174959142227 0.044444444444444446 0.06864557639574827
2 0.4173611111111111 0.4676798216586767 0.05 0.07948321788966126
2 0.3576388888888889 0.5708164121626855 0.05694444444444444 0.08834276975705235
2 0.32708333333333334 0.47590955149031816 0.05138888888888889 0.07681068381869491
2 0.3138888888888889 0.4032982555939169 0.04722222222222222 0.08205050825381571
2 0.2638888888888889 0.40569814015024486 0.052083333333333336 0.07616886122765641
2 0.23819444444444443 0.4708395931707034 0.05277777777777778 0.08386037196995094
2 0.16041666666666668 0.3878443518632628 0.05625 0.07579014790364656
2 0.1388888888888889 0.30614229598550896 0.04097222222222222 0.07810468935094153
2 0.05625 0.38045985209635336 0.05347222222222222 0.09085743826780134
2 0.03194444444444444 0.7149405058544449 0.05763888888888889 0.11825650272156925
2 0.10486111111111111 0.5705263223579482 0.059722222222222225 0.08508103494845329
2 0.5888888888888889 0.10815444608966919 0.0375 0.05075824675057924
2 0.5104166666666666 0.08840627108007884 0.04027777777777778 0.04888540083086907
2 0.3763888888888889 0.09370117767628489 0.03888888888888889 0.0536412682351686
2 0.4354166666666667 0.012872432774948251 0.03819444444444445 0.025744865549896502
2 0.5048611111111111 0.315216134796214 0.05416666666666667 0.058965615676762596
2 0.5208333333333334 0.35150583216788084 0.04375 0.05678739898678692
2 0.5145833333333333 0.3992016510707552 0.03819444444444445 0.06886642415954058
2 0.5611111111111111 0.457481542448123 0.05 0.08642766233410555
2 0.59375 0.5307027597824953 0.035416666666666666 0.06726704785702853
2 0.6138888888888889 0.45764894825594965 0.052083333333333336 0.06991886122765625
2 0.5715277777777777 0.34210888131370276 0.03958333333333333 0.05924944564412995
2 0.5104166666666666 0.5418784933023011 0.06944444444444445 0.1004010742294677
2 0.38958333333333334 0.8378402513504638 0.06527777777777778 0.1306408986645885
2 0.48055555555555557 0.9031690107765278 0.075 0.12582204905671404
2 0.8527777777777777 0.9166303640176917 0.05555555555555555 0.041015303828018865
2 0.8069444444444445 0.8666311841202515 0.06458333333333334 0.09169938792229383
2 0.6673611111111111 0.8709581766548151 0.07569444444444444 0.13837467091011982
2 0.5131944444444444 0.6840291169997891 0.06805555555555555 0.11696249718932279
2 0.5854166666666667 0.6473064442455869 0.0625 0.09293041125096535
2 0.6201388888888889 0.5925920182419642 0.06527777777777778 0.11050200977569963
2 0.6298611111111111 0.7286608678498389 0.07152777777777777 0.10472560645635175
2 0.6652777777777777 0.30792159777058803 0.05277777777777778 0.07344370530328442
2 0.7423611111111111 0.2666639053758788 0.03333333333333333 0.052525848963477825
2 0.8236111111111111 0.33064603741629045 0.041666666666666664 0.06357397787101399
2 0.8013888888888889 0.15177438116972014 0.03888888888888889 0.05294682379072416
2 0.7722222222222223 0.11301227679054104 0.03888888888888889 0.059196823790724155
2 0.7541666666666667 0.3359082227568693 0.059027777777777776 0.08433396865060305
2 0.8486111111111111 0.4544460951381265 0.05416666666666667 0.08049339345454029
2 0.7888888888888889 0.4520271300865799 0.05694444444444444 0.07723165864594124
2 0.7909722222222222 0.6268692645263626 0.06805555555555555 0.10585138607821168
2 0.9763888888888889 0.5885136741114615 0.04722222222222222 0.07788384158714905
2 0.9722222222222222 0.2839682941207851 0.05416666666666667 0.07077117123231816
3 0.9097222222222222 0.28106537203841714 0.09027777777777778 0.13809084094275248