0 0.02319658052954786 0.5118928346560188 0.0354916308921983 0.06413644928700599
3 0.8701983058825918 0.8565384498909436 0.1194180107250822 0.166297220249122
0 0.1228217594018897 0.8286416979192258 0.05126984883946635 0.05969778031110372
0 0.19427457295413586 0.8955946437984009 0.048734576405381265 0.0664479836112605
0 0.19980148216790544 0.7971292135455056 0.04120811913607443 0.04929571408387498
0 0.42597878355217333 0.4203219944168348 0.031986337083342344 0.04310887480938498
0 0.7297089406001931 0.45409139971631923 0.03947972276601553 0.03947637128950908
0 0.6731502920832332 0.4988662482277516 0.050026463156793155 0.06376732640562656
0 0.6772794913558494 0.42049114657767317 0.05023589691385221 0.049926997802809424
0 0.6388998636887152 0.4031884372243144 0.03872134777072789 0.05743480627292096
0 0.604823584842199 0.40219787209568114 0.032680781527786786 0.04315743509545705
0 0.5753482696585722 0.4488665717639169 0.031194890501420977 0.04028253674553544
0 0.6016621943219295 0.5126630990484197 0.04140212341102843 0.05485126963943069
0 0.5455709143878262 0.5839239570208846 0.04487434563325081 0.05509407106978996
1 0.560639228971114 0.790338997286296 0.1783553947952236 0.12816085402626465
1 0.5116776061415759 0.6574331885920944 0.10687833070860807 0.18412457481375635
3 0.04735439081903305 0.7969111775624299 0.09226853421848168 0.12283382299779583
3 0.4142393122950231 0.8163010086083837 0.0777579524882561 0.12389739032361938
3 0.6395678155389356 0.6830835081820593 0.06703263730462952 0.07465499549357382
3 0.5931877535897973 0.6157953992681386 0.0814792884840115 0.09159842343723376
3 0.63916880275177 0.5549658084017783 0.07165124307204786 0.06805047305163264
3 0.6228769277753305 0.4633283426139879 0.07639992256357699 0.08500850143473065