0 0.9874964767954563 0.6726321905505068 0.02500704640908743 0.1205685642649071
3 0.5314554780935997 0.883980183571794 0.0662195174439115 0.10312662807535591
3 0.8206279025224584 0.9498481182952543 0.11746557406176963 0.10030376340949153
3 0.13748190348222214 0.9211768399167046 0.11986868325335347 0.1576463201665907
3 0.11489139968008037 0.6354954041816119 0.0853524477338914 0.09883129251332687
1 0.08498898005004017 0.47173518418808524 0.11559648913498238 0.09485925726505937
0 0.17007254095402208 0.2094277280429893 0.06840944272999497 0.11566704061457594
0 0.25966307149009554 0.2986782422213646 0.09388963876789344 0.14552072044798542
0 0.6104899574996933 0.36503137702640487 0.10135878127230266 0.17554348171597714
0 0.8886453430622222 0.6386011566220173 0.08104294879619386 0.11811408680089086
0 0.7507397566629763 0.4335751392033139 0.10413655905008044 0.17562430679441737