1 0.8756944444444444 0.7569444444444444 0.06875 0.05486111111111111
2 0.9638888888888889 0.6416666666666667 0.03333333333333333 0.034722222222222224
2 0.4666666666666667 0.9145833333333333 0.024305555555555556 0.03958333333333333
3 0.6354166666666666 0.6875 0.03611111111111111 0.05763888888888889
2 0.7722222222222223 0.8208333333333333 0.034722222222222224 0.03958333333333333
2 0.8791666666666667 0.9243055555555556 0.03611111111111111 0.049305555555555554
2 0.7861111111111111 0.9875 0.027777777777777776 0.025
3 0.9631944444444445 0.5694444444444444 0.05 0.06319444444444444
3 0.7826388888888889 0.5479166666666667 0.041666666666666664 0.04722222222222222
3 0.4777777777777778 0.7076388888888889 0.04375 0.05347222222222222
3 0.5055555555555555 0.8743055555555556 0.059027777777777776 0.08402777777777778