3 0.04861111111111111 0.8197018971632716 0.08888888888888889 0.14790224518716066
3 0.19444444444444445 0.35241869976419743 0.07777777777777778 0.14278252009432102
0 0.7145833333333333 0.12642344385564755 0.03194444444444444 0.08477129297524691
0 0.3888888888888889 0.09928184397283918 0.06111111111111111 0.050727932455061776
0 0.3236111111111111 0.22580120111549357 0.06388888888888888 0.09315369706160502
0 0.28125 0.3267871669208331 0.09305555555555556 0.11605478098586425
0 0.34652777777777777 0.4447122542226231 0.0875 0.16731436288388896
0 0.23680555555555555 0.5528216228477467 0.09027777777777778 0.15487901637932108
0 0.34652777777777777 0.5759622542226231 0.06527777777777778 0.10776935714265443
0 0.36875 0.7532228040369442 0.08194444444444444 0.15260172255969134
0 0.26944444444444443 0.7909508331653085 0.06388888888888888 0.15426480817271607
0 0.18333333333333332 0.9360106470792592 0.1111111111111111 0.12203058426172851
0 0.4027777777777778 0.8732641320512341 0.08055555555555556 0.16229161803419742
0 0.4777777777777778 0.647212932119012 0.07222222222222222 0.11279210199234578
0 0.5173611111111112 0.5386527309202156 0.07083333333333333 0.08567644191129646
0 0.7034722222222223 0.8405709467262648 0.0625 0.10492692586944435
0 0.9430555555555555 0.5891612494119128 0.058333333333333334 0.0777466122929629
0 0.7826388888888889 0.71997832210645 0.07083333333333333 0.09539866413351869
2 0.25833333333333336 0.9196816693692591 0.044444444444444446 0.08506223370469128
2 0.40694444444444444 0.6092782629191972 0.030555555555555555 0.06737785511641982
2 0.06041666666666667 0.533316008696574 0.05138888888888889 0.06786275633216057
2 0.4215277777777778 0.4394943876237343 0.03194444444444444 0.05491018186413581
2 0.5479166666666667 0.4379415424704625 0.029166666666666667 0.04790108392425923
2 0.08611111111111111 0.1931346305304938 0.025 0.030442992569999994
2 0.4548611111111111 0.07830187901188233 0.02638888888888889 0.040197541539938285