0 0.15555555555555556 0.36666666666666664 0.058333333333333334 0.0763888888888889
0 0.4479166666666667 0.15555555555555556 0.04027777777777778 0.044444444444444446
0 0.3645833333333333 0.25416666666666665 0.043055555555555555 0.08402777777777778
0 0.5972222222222222 0.2076388888888889 0.04722222222222222 0.07430555555555556
0 0.7354166666666667 0.21875 0.043055555555555555 0.052083333333333336
0 0.8326388888888889 0.28125 0.05138888888888889 0.07430555555555556
0 0.6527777777777778 0.28888888888888886 0.05277777777777778 0.08888888888888889
0 0.6027777777777777 0.8416666666666667 0.075 0.15833333333333333
3 0.7277777777777777 0.34305555555555556 0.05555555555555555 0.059027777777777776
3 0.7270833333333333 0.4840277777777778 0.04861111111111111 0.08888888888888889
3 0.6555555555555556 0.5368055555555555 0.05277777777777778 0.08125
3 0.65625 0.7048611111111112 0.0625 0.08611111111111111
3 0.0125 0.7701388888888889 0.025 0.07430555555555556
3 0.08611111111111111 0.7305555555555555 0.06388888888888888 0.08402777777777778
3 0.3902777777777778 0.9715277777777778 0.07222222222222222 0.05694444444444444
3 0.3 0.7527777777777778 0.05 0.09375
0 0.22430555555555556 0.8604166666666667 0.10694444444444444 0.1701388888888889