2 0.7095823160715554 0.7803605281131181 0.02501118045272916 0.03732278351901262
2 0.7482080956934153 0.7847378992713895 0.028756872292149183 0.03186420820660487
2 0.7964931153339225 0.7809920609564822 0.03178739898678676 0.04441269832817909
2 0.9287023092505157 0.6887625793620379 0.0436981982491539 0.046076364572654266
0 0.8841567216120587 0.45954626131089577 0.030577096358453876 0.028440476105956868
0 0.5425352958757594 0.8641267887519141 0.0405736083004339 0.06887988762231474
2 0.6938972042269398 0.6109478297849389 0.028651628585337915 0.030475319317715983
2 0.6873521938068434 0.6330569083901549 0.028335897464903167 0.026308652651049317
2 0.7427449631868228 0.9119182128478711 0.037069484925144204 0.05008139750074084
2 0.5925344757731996 0.9112047018723154 0.03685899751152119 0.04730361972296306
2 0.6343502878550341 0.8092189294135809 0.038468734164202406 0.041102109844536966
2 0.6907167120145746 0.7722690647562044 0.035144017152028244 0.052116240712499956
2 0.3794908169490426 0.7114586708024385 0.026400069341617892 0.03735511026672845
3 0.5649530255291851 0.5223793052159573 0.04092042047137628 0.046011711077222295
3 0.7195112261777101 0.4014518947967291 0.0443296604900234 0.054409697905987604
3 0.8894818891562124 0.3984513135736427 0.05010606380937127 0.04830516827070994
3 0.4005060169531709 0.5442915201776238 0.05158983605490259 0.05873799831123468
3 0.4189800870282933 0.6768986629502474 0.061123111666399964 0.08391579542367285
3 0.31679776982551855 0.9145262280467595 0.05511550023309045 0.10526577608901246
1 0.7939506461829053 0.5666667609734266 0.06074357823983026 0.042313782252438314
2 0.7858779618089216 0.7007430288727785 0.036017047857028375 0.03619250861185195
2 0.5229035450257097 0.7467974237570685 0.028115049701110686 0.03254248927719156
2 0.661995021285732 0.6004659289913895 0.0246850889821251 0.04216773125626534