0 0.20972222222222223 0.5284722222222222 0.18888888888888888 0.30625
1 0.5666666666666667 0.76875 0.23055555555555557 0.4625
1 0.44166666666666665 0.7506944444444444 0.16666666666666666 0.4986111111111111
2 0.8604166666666667 0.2222222222222222 0.12083333333333333 0.16319444444444445
2 0.8090277777777778 0.10486111111111111 0.18194444444444444 0.20972222222222223
2 0.5722222222222222 0.15416666666666667 0.09166666666666666 0.14097222222222222
1 0.8520833333333333 0.36180555555555555 0.24861111111111112 0.25416666666666665
1 0.5916666666666667 0.06319444444444444 0.15555555555555556 0.08611111111111111
0 0.8277777777777777 0.5111111111111111 0.2222222222222222 0.3506944444444444
0 0.6604166666666667 0.24444444444444444 0.1625 0.23194444444444445
0 0.6694444444444444 0.39166666666666666 0.18611111111111112 0.2743055555555556
0 0.4625 0.06805555555555555 0.12777777777777777 0.1361111111111111
2 0.5368055555555555 0.31875 0.11527777777777778 0.19236111111111112
2 0.4048611111111111 0.3902777777777778 0.14305555555555555 0.21736111111111112
1 0.3770833333333333 0.07152777777777777 0.07361111111111111 0.11875
0 0.3506944444444444 0.15069444444444444 0.08472222222222223 0.10347222222222222
1 0.4284722222222222 0.2951388888888889 0.2763888888888889 0.36319444444444443
1 0.25972222222222224 0.1638888888888889 0.13333333333333333 0.20972222222222223
1 0.14791666666666667 0.28125 0.2569444444444444 0.16805555555555557
1 0.07916666666666666 0.19236111111111112 0.15833333333333333 0.12361111111111112