1 0.8328518215995365 0.6425050802890905 0.0911038517388887 0.12859364822963895
1 0.5173079759379319 0.21966500082916585 0.07018912090481486 0.09443971805646688
1 0.4133208482780554 0.12677213434816226 0.047886081813302575 0.0900620096661466
1 0.1692487420637962 0.09092744530666012 0.13554829618333342 0.13040462056583502
0 0.3762728421146295 0.13868851248074127 0.03473954685898156 0.061774895918813674
0 0.430946866010092 0.6214170170858669 0.03850270981064815 0.07441637813257893
0 0.3039091196410796 0.7736760061181343 0.05255323243811737 0.0819267514320845
0 0.5185629127843514 0.46382648084607975 0.055169957108765606 0.10492830742701043
0 0.10695422087234539 0.32310886472352246 0.061354722981882756 0.07257238296565226
0 0.19382268802898114 0.4062924756066859 0.08348112622385813 0.12897683180379968
3 0.29832820491521567 0.41729749052875115 0.12873490062410511 0.22517565569893414
1 0.4905553639838574 0.6536774487885727 0.08684194672342598 0.21375564691152818