2 0.8656280095337833 0.7111377906657111 0.03291765990066375 0.05038989377673854
2 0.6599795303076361 0.7107416370516024 0.03707624624814861 0.04931673600828456
2 0.8161891287117268 0.6919572755908555 0.050327252926866274 0.06003877344521682
3 0.3677073027075258 0.7481732151132172 0.07496410156887899 0.1188249827588638
3 0.300535153086794 0.546922291186767 0.03913533862393632 0.04530793490183527
3 0.47266849179801557 0.5185942937643536 0.05597169199342255 0.07573752605024077
3 0.44704226706141964 0.4128497915980732 0.04333028640773951 0.05048477713338097
3 0.6059690408494238 0.3834382760570365 0.029429277040077927 0.047349006731931965
3 0.7580842324542872 0.2579725794188742 0.03149240957545645 0.04403465006992712
3 0.9288044413190742 0.22558315903660578 0.05166361974107316 0.051116239374250624
1 0.5781042315814352 0.8482536376068912 0.048001973023273886 0.13760606380937127
1 0.8387372148452229 0.38803217738831963 0.06137372148452237 0.04976961198859821
0 0.6055340926291946 0.6669294749505872 0.03783129308645717 0.05978602452835702
2 0.6897320201149894 0.8092259636530037 0.046225228813654616 0.07083415343589303
2 0.8783183600397552 0.8623265524911462 0.0566822970762309 0.07856792568142433
2 0.7474427058661203 0.5783642172246228 0.03081008560978502 0.04606536154985466
2 0.7683366415933177 0.5872022282891158 0.020304535432117316 0.02999825597099017
2 0.7424922482388111 0.4439577261228353 0.025860090987672873 0.030419230798236344
2 0.7363392120689936 0.4610979894701541 0.03213029178562768 0.034365049701110685
2 0.8394442427736376 0.5095599551660974 0.029364634486622916 0.03623789562082085
2 0.9809735440142121 0.4752139859602055 0.03699948321592059 0.036122291563840274
2 0.9326098086485435 0.7602527594054221 0.04058078974709834 0.05513540083086923
2 0.4318740365977947 0.5522545386708507 0.02310655416744096 0.03437541005128