1 0.8486111111111111 0.6770833333333334 0.08819444444444445 0.125
1 0.5229166666666667 0.24097222222222223 0.06805555555555555 0.09166666666666666
1 0.4166666666666667 0.14375 0.04583333333333333 0.08819444444444445
1 0.17152777777777778 0.09791666666666667 0.1326388888888889 0.125
0 0.3798611111111111 0.15416666666666667 0.03333333333333333 0.06041666666666667
0 0.44583333333333336 0.6395833333333333 0.03680555555555556 0.07291666666666667
0 0.32222222222222224 0.7868055555555555 0.050694444444444445 0.0798611111111111
0 0.5298611111111111 0.48541666666666666 0.05277777777777778 0.10277777777777777
0 0.11458333333333333 0.3277777777777778 0.059722222222222225 0.07013888888888889
0 0.20347222222222222 0.41458333333333336 0.08055555555555556 0.12569444444444444
3 0.30833333333333335 0.42986111111111114 0.12361111111111112 0.22013888888888888
1 0.50625 0.6743055555555556 0.08194444444444444 0.21041666666666667