0 0.41314192627865626 0.7391375267627376 0.07823300313761289 0.1115474483469326
0 0.5109756803033875 0.6698299847391875 0.07995053605446982 0.17057522612471054
0 0.7207151022554463 0.3339441965547743 0.0848594909825026 0.14838532517921582
2 0.7729665980470837 0.08923714173691866 0.033096201812219304 0.03976918067451665
2 0.8943856635881711 0.5217907242692004 0.04388935632377537 0.07663129846434534
2 0.7921894428911574 0.8126139235917552 0.02504575625342669 0.049442920981647695
2 0.6326321269765275 0.6885633610956263 0.03235391355085271 0.061983322577556996
2 0.60240521544894 0.6297214306590319 0.0322124696635822 0.05712221146644588
2 0.5237490492367319 0.5649123113938034 0.029353866807364033 0.054328273050304195
2 0.5937676194842388 0.8311264801862844 0.05301073417190199 0.10376311371277008
0 0.4681575058798844 0.25626026845798305 0.0625915125068537 0.09895856483593203
0 0.5546430172723903 0.14744211597373677 0.05369240362443798 0.07946563847639633
0 0.5080121205830671 0.07966937158954711 0.053611578545997754 0.07668786069861853
3 0.17811544142506625 0.9418596683166369 0.1033138282160532 0.11447067186998462
3 0.4180146437944592 0.905747631195131 0.09071814058220945 0.15883431312261015
3 0.372740823319723 0.6720228653866738 0.057904826544531655 0.1287873546703158
3 0.2929605372870522 0.6697097059618542 0.09874837987139158 0.14846612837103457
3 0.07060221489176603 0.6279550817945817 0.09049587161649857 0.1511954242337211