1 0.36041666666666666 0.7319444444444444 0.09583333333333334 0.1361111111111111
0 0.20347222222222222 0.9527777777777777 0.1486111111111111 0.09375
0 0.3423611111111111 0.9159722222222222 0.11805555555555555 0.16805555555555557
0 0.44375 0.9715277777777778 0.09583333333333334 0.05694444444444444
0 0.40902777777777777 0.6902777777777778 0.09027777777777778 0.14097222222222222
0 0.38055555555555554 0.47291666666666665 0.06666666666666667 0.10138888888888889
0 0.034027777777777775 0.44166666666666665 0.06805555555555555 0.2076388888888889
0 0.024305555555555556 0.7333333333333333 0.04861111111111111 0.21736111111111112
0 0.10625 0.17291666666666666 0.07361111111111111 0.08888888888888889
0 0.13125 0.12569444444444444 0.0625 0.07916666666666666
0 0.3194444444444444 0.3236111111111111 0.05 0.10347222222222222
0 0.4125 0.2951388888888889 0.05277777777777778 0.08611111111111111
0 0.42916666666666664 0.2361111111111111 0.03888888888888889 0.06180555555555556