0 0.33944146474245296 0.1675445401752223 0.025872211466445885 0.03235228614021521
0 0.25567179417329794 0.2367173058465964 0.026566655910890326 0.03240084642628713
0 0.6992233633481444 0.4212681111548233 0.035025234191542784 0.054511347636927436
3 0.02522688000129585 0.688699406712359 0.0504537600025917 0.10100992453582905
0 0.34295362555538716 0.2803359018916536 0.03217473354112812 0.04181710649263992
0 0.29503695888872045 0.27698524215269366 0.026619177985572565 0.04142862420406491
0 0.4486258827338825 0.3870711812162071 0.02808078974709834 0.05402574477620874
0 0.40878040203233545 0.30994912906848243 0.040621191343007804 0.0618442743699469
0 0.9429724373377496 0.6772987810270865 0.035033314510724896 0.05590023652581632
0 0.6067527049228804 0.5530525978377793 0.027277260993698368 0.03522718449013666
3 0.2235082551005478 0.5109695421483226 0.06719996773267091 0.09632845412956752
3 0.6856163596202265 0.6106718037833071 0.07892876025599851 0.08395953454834487
1 0.5979915776781047 0.5065879807855115 0.08706816592896681 0.051208924647874215
1 0.5018592725350418 0.5512755501964806 0.10164745910270909 0.05153424621093924
1 0.6172124243294551 0.9046211274315176 0.14505854870226753 0.11565609505850728
0 0.7234759338238202 0.5514885036756333 0.025258570213820362 0.046192614743032184
0 0.6614688332939151 0.46239585570694164 0.025868171306854985 0.031657841695770766
0 0.6463284209422293 0.4377164183022491 0.029388875444168464 0.04023397645946353
0 0.5887622549259774 0.42118591455828286 0.02244443099972402 0.039748373598744675
0 0.5496390367808138 0.45874431631603524 0.032190894179491794 0.0445948842704177
0 0.4937521881388011 0.5118039378747292 0.03427422751282513 0.044740565128633294
0 0.4054526995449922 0.5236923370991556 0.028056548789552632 0.04985907810954192
0 0.22285513826240766 0.2649905279567735 0.029429277040077848 0.04717842090390797
0 0.24863800321265536 0.3710024854941717 0.02869847115931492 0.04087986061783606
0 0.1682198130831918 0.34175838119872226 0.032198974498673746 0.04598377315930659
0 0.08551628164084786 0.3470908182672794 0.030123721484522293 0.04722698118997989
0 0.08089758010519324 0.30508422959810955 0.03217069338153714 0.04112266204819548
0 0.8907386920891565 0.9383372134771725 0.0596055205992823 0.10343317987166548
0 0.7765669920289017 0.9664359817891448 0.058151989156938394 0.06712803642171031
0 0.42139074846969715 0.9926069155789994 0.055802005290602905 0.014786168842001264
0 0.4952851337573716 0.8453800726384217 0.03509391690458885 0.06631690319248315
0 0.5833547962596943 0.7535820020168124 0.05398532249027173 0.09193358647197934
0 0.4781628550673234 0.6837008385338863 0.06514491551647426 0.10104388438246288
0 0.1027027398791536 0.6171519459912203 0.05947623549237228 0.08121095764944325
0 0.3183149248925846 0.8135527552456475 0.07503682444151596 0.1308903950541359