0 0.6841043030994072 0.6813230650258967 0.03565364163908447 0.059665420607314466
0 0.6867736214941503 0.6100362356654184 0.035738530967343723 0.06174875394064795
0 0.47899325039149615 0.6235134274577411 0.03426475275019559 0.059552046600528284
0 0.24081649895941143 0.5920925641669598 0.04945527800572541 0.0926302311128353
0 0.31442761007052256 0.5860837418072884 0.03814609179534282 0.08686212794743413
0 0.3094261674000842 0.7711318856461424 0.04123513044340431 0.09472776484989538
0 0.3751000953764049 0.7755255295494108 0.03128889987314633 0.05446418747584466
0 0.40631470935168545 0.8747036253059676 0.04517542556804636 0.08951233131469867
3 0.11914608831343025 0.4104170105012104 0.07950149759172578 0.08262445926213281
3 0.5242382354694308 0.7250300053686577 0.04387378920140558 0.05756788687025423
3 0.5368832315316231 0.8814642667825641 0.08071824463010747 0.11248557037324391
3 0.8154556729004753 0.8440927580851937 0.05430342249245415 0.07572261602886922