0 0.32124755063234794 0.6804860125315021 0.03595372229748538 0.052525848963477825
0 0.40672423488808457 0.778453660846455 0.03854657570718163 0.06240593674591726
0 0.71576478365913 0.6492079109081254 0.04793829639664706 0.070034465284637
0 0.5926720513610947 0.6882778463652494 0.039571521684382716 0.05556673600828456
0 0.8911119684417088 0.39175550832228195 0.04644022463425206 0.06784588824449224
0 0.8738216523450145 0.22014402764059082 0.04362309965306774 0.08008277897746328
0 0.7222970792517672 0.6037532908988017 0.03584453942397911 0.05044251563014449
0 0.8940117749655473 0.7719634316043354 0.07257140057272156 0.0781262301538397
0 0.7716105341997187 0.7978389226170151 0.06325246846559386 0.07188659050400917
3 0.8491590939258502 0.5851483358011704 0.053348274787527496 0.06767766233410555
3 0.6945261666427818 0.4737454946802023 0.04198535655047269 0.048832778977463284
3 0.6552418870311946 0.6690111680788009 0.04567594451970759 0.05326255491115875
3 0.8289218744680886 0.7997213087843346 0.0667915734456781 0.099822233842004