0 0.8404276252582734 0.9073899732742685 0.09952182155205756 0.07197999520118148
0 0.8794276372806189 0.7536600651244797 0.1132879388000409 0.18196922955580197
0 0.8494692529892193 0.5988248036257718 0.09518075651913528 0.14075690931463056
0 0.6387938228916888 0.7573412132480191 0.08163940475452655 0.11226709918379103
0 0.6606848771592606 0.6413069010951132 0.06707370019905327 0.0878549516754851
0 0.4272482903752278 0.7363701158443037 0.046726414996419566 0.09207544656904992
0 0.8062739268190134 0.5242511714367724 0.06802879748670768 0.06719962643041728
0 0.7548910182005356 0.2906849372872298 0.03472159241810699 0.05746914250440922
0 0.6930520945016058 0.4134225313645853 0.03611898079386814 0.07344136472663144
0 0.8018976042303712 0.4085190472334993 0.048618980793868144 0.0742424011238261
3 0.7428377179174499 0.6415667160247713 0.06527714797366255 0.05942723147532926
0 0.10025215335633751 0.034406843341126196 0.07443493727098753 0.06881368668225239