1 0.6493055555555556 0.04722222222222222 0.0625 0.06944444444444445
1 0.6659722222222222 0.16180555555555556 0.06805555555555555 0.09652777777777778
0 0.6263888888888889 0.3034722222222222 0.08055555555555556 0.10347222222222222
0 0.6756944444444445 0.26805555555555555 0.08472222222222223 0.11597222222222223
0 0.6798611111111111 0.51875 0.1736111111111111 0.28125
0 0.7951388888888888 0.3680555555555556 0.14305555555555555 0.24722222222222223
0 0.7305555555555555 0.034722222222222224 0.044444444444444446 0.06944444444444445
0 0.725 0.10277777777777777 0.03888888888888889 0.08611111111111111
0 0.6763888888888889 0.9305555555555556 0.14166666666666666 0.13819444444444445
0 0.3159722222222222 0.1284722222222222 0.08194444444444444 0.17291666666666666
0 0.42916666666666664 0.43333333333333335 0.1111111111111111 0.23472222222222222
3 0.33819444444444446 0.3902777777777778 0.09027777777777778 0.17291666666666666
3 0.5152777777777777 0.39861111111111114 0.07777777777777778 0.1111111111111111
2 0.5229166666666667 0.5256944444444445 0.05416666666666667 0.08888888888888889