2 0.6673611111111111 0.18263888888888888 0.030555555555555555 0.03958333333333333
3 0.4076388888888889 0.3993055555555556 0.034027777777777775 0.06736111111111111
2 0.8638888888888889 0.8284722222222223 0.044444444444444446 0.06875
1 0.7895833333333333 0.0125 0.0375 0.024305555555555556
0 0.45069444444444445 0.6402777777777777 0.027777777777777776 0.059722222222222225
0 0.42083333333333334 0.63125 0.022916666666666665 0.04583333333333333
0 0.4263888888888889 0.5861111111111111 0.022916666666666665 0.049305555555555554
0 0.4173611111111111 0.5222222222222223 0.03125 0.059722222222222225
0 0.3861111111111111 0.5451388888888888 0.02361111111111111 0.04583333333333333
0 0.3784722222222222 0.5993055555555555 0.027083333333333334 0.05277777777777778
0 0.38472222222222224 0.6493055555555556 0.022222222222222223 0.04722222222222222
0 0.3645833333333333 0.6798611111111111 0.02361111111111111 0.04722222222222222
0 0.33611111111111114 0.65 0.02361111111111111 0.03680555555555556
0 0.32430555555555557 0.6229166666666667 0.020833333333333332 0.03888888888888889
0 0.3486111111111111 0.5916666666666667 0.021527777777777778 0.04027777777777778
0 0.35555555555555557 0.5472222222222223 0.020833333333333332 0.04097222222222222
0 0.33125 0.5180555555555556 0.01597222222222222 0.04236111111111111
0 0.36180555555555555 0.4652777777777778 0.024305555555555556 0.04513888888888889
0 0.3458333333333333 0.44722222222222224 0.024305555555555556 0.044444444444444446
0 0.30486111111111114 0.45069444444444445 0.018055555555555554 0.0375
0 0.31319444444444444 0.48055555555555557 0.022916666666666665 0.04722222222222222
0 0.3013888888888889 0.5270833333333333 0.020833333333333332 0.04791666666666667
0 0.30972222222222223 0.5680555555555555 0.027777777777777776 0.04375
0 0.3229166666666667 0.6902777777777778 0.025 0.04236111111111111
0 0.30069444444444443 0.6458333333333334 0.020833333333333332 0.050694444444444445
0 0.47847222222222224 0.5284722222222222 0.034722222222222224 0.06180555555555556
0 0.5319444444444444 0.5763888888888888 0.03611111111111111 0.06458333333333334
0 0.5020833333333333 0.46597222222222223 0.022222222222222223 0.04583333333333333
0 0.5298611111111111 0.44583333333333336 0.035416666666666666 0.06597222222222222
0 0.48125 0.41041666666666665 0.03194444444444444 0.06736111111111111
0 0.5180555555555556 0.3645833333333333 0.04027777777777778 0.07430555555555556
0 0.5777777777777777 0.4625 0.03958333333333333 0.08402777777777778
0 0.5965277777777778 0.4131944444444444 0.041666666666666664 0.07569444444444444
0 0.68125 0.3375 0.049305555555555554 0.0798611111111111
3 0.3902777777777778 0.8493055555555555 0.05138888888888889 0.1076388888888889
3 0.46597222222222223 0.7916666666666666 0.06805555555555555 0.22708333333333333
2 0.38263888888888886 0.7673611111111112 0.022916666666666665 0.03819444444444445
3 0.6048611111111111 0.7555555555555555 0.025 0.04583333333333333
3 0.56875 0.7263888888888889 0.019444444444444445 0.03680555555555556
3 0.6715277777777777 0.7777777777777778 0.05416666666666667 0.07430555555555556
1 0.6861111111111111 0.44027777777777777 0.05625 0.07708333333333334
1 0.6131944444444445 0.2326388888888889 0.04583333333333333 0.08402777777777778
1 0.7722222222222223 0.18055555555555555 0.019444444444444445 0.03888888888888889
1 0.8361111111111111 0.14583333333333334 0.03194444444444444 0.059722222222222225