3 0.3489444157975319 0.9674589620078254 0.06387117141546304 0.06508207598434915
3 0.4444167591314151 0.9543815623896399 0.06364689984397498 0.0912368752207202
3 0.2053429458744447 0.9527750647016192 0.10454633348385964 0.09444987059676148
0 0.8369313467995974 0.786261484997371 0.034489091914021386 0.0634432986581506
3 0.7540199803991011 0.8560177541568293 0.04252536509352909 0.08464057490317158
3 0.5731575466086901 0.7481988873800172 0.04329850394478633 0.059749757776678
3 0.5189269500963988 0.7044970933201365 0.05904940750775833 0.06957820996016895
3 0.2743792286029233 0.6632868691888418 0.07998897080236031 0.08591142218184145
3 0.2241176033959496 0.5235304231363775 0.0716192431778582 0.08478024624337148
3 0.10741749535035182 0.5035636876223026 0.06226982260403674 0.05174102015162608
3 0.36320123473394994 0.6402403492630052 0.04962424543936158 0.04830814513281041
0 0.3238421729721046 0.6160164410265002 0.09554904417277534 0.1317418026029369