0 0.5618055555555556 0.9625 0.05138888888888889 0.075
0 0.5493055555555556 0.8284722222222223 0.043055555555555555 0.08611111111111111
0 0.5868055555555556 0.7395833333333334 0.0375 0.06180555555555556
0 0.65 0.5381944444444444 0.03333333333333333 0.06388888888888888
0 0.7791666666666667 0.5027777777777778 0.04722222222222222 0.052083333333333336
0 0.1840277777777778 0.33611111111111114 0.07083333333333333 0.09375
0 0.8701388888888889 0.9430555555555555 0.059722222222222225 0.09861111111111111
0 0.95 0.9576388888888889 0.075 0.08472222222222223
0 0.7048611111111112 0.7631944444444444 0.05416666666666667 0.08888888888888889
0 0.15347222222222223 0.9541666666666667 0.09861111111111111 0.09166666666666666
0 0.2222222222222222 0.8715277777777778 0.05555555555555555 0.08888888888888889
0 0.20833333333333334 0.7861111111111111 0.07222222222222222 0.14097222222222222
3 0.1486111111111111 0.4840277777777778 0.08333333333333333 0.13819444444444445