0 0.65625 0.4736111111111111 0.03680555555555556 0.07013888888888889
0 0.5854166666666667 0.5472222222222223 0.030555555555555555 0.05625
0 0.5673611111111111 0.59375 0.034722222222222224 0.07222222222222222
0 0.5111111111111111 0.5097222222222222 0.029166666666666667 0.06388888888888888
0 0.5215277777777778 0.5854166666666667 0.02847222222222222 0.07569444444444444
0 0.5020833333333333 0.6048611111111111 0.018055555555555554 0.03680555555555556
0 0.4777777777777778 0.55625 0.03680555555555556 0.07430555555555556
0 0.5201388888888889 0.7048611111111112 0.03194444444444444 0.059722222222222225
0 0.4798611111111111 0.6625 0.025 0.05486111111111111
1 0.4527777777777778 0.6798611111111111 0.027083333333333334 0.05625
0 0.42430555555555555 0.6722222222222223 0.029861111111111113 0.059027777777777776
0 0.43194444444444446 0.7291666666666666 0.024305555555555556 0.04513888888888889
0 0.4527777777777778 0.7618055555555555 0.024305555555555556 0.04236111111111111
0 0.4409722222222222 0.7944444444444444 0.02361111111111111 0.049305555555555554
0 0.425 0.7708333333333334 0.017361111111111112 0.04236111111111111
0 0.3951388888888889 0.7847222222222222 0.022916666666666665 0.04375
0 0.38472222222222224 0.7430555555555556 0.02638888888888889 0.052083333333333336
0 0.38958333333333334 0.6930555555555555 0.02847222222222222 0.05277777777777778
0 0.3548611111111111 0.7381944444444445 0.022916666666666665 0.04375
0 0.36319444444444443 0.6923611111111111 0.021527777777777778 0.04236111111111111
3 0.5722222222222222 0.8625 0.02013888888888889 0.035416666666666666
3 0.6263888888888889 0.8736111111111111 0.04027777777777778 0.07291666666666667
2 0.64375 0.33194444444444443 0.029166666666666667 0.03680555555555556
2 0.7875 0.90625 0.03680555555555556 0.06180555555555556
1 0.6638888888888889 0.5618055555555556 0.05 0.049305555555555554
1 0.75625 0.1597222222222222 0.041666666666666664 0.03194444444444444
1 0.7326388888888888 0.33194444444444443 0.017361111111111112 0.034027777777777775
1 0.7909722222222222 0.29583333333333334 0.029166666666666667 0.049305555555555554
1 0.5951388888888889 0.3819444444444444 0.041666666666666664 0.07708333333333334
3 0.45416666666666666 0.8875 0.059722222222222225 0.17291666666666666
3 0.39652777777777776 0.9590277777777778 0.034722222222222224 0.08194444444444444
2 0.38819444444444445 0.9083333333333333 0.022222222222222223 0.03819444444444445
2 0.3819444444444444 0.8513888888888889 0.02013888888888889 0.04097222222222222
0 0.31180555555555556 0.6006944444444444 0.01875 0.035416666666666666
0 0.3111111111111111 0.6736111111111112 0.01875 0.04375
0 0.32222222222222224 0.6298611111111111 0.018055555555555554 0.044444444444444446
0 0.3263888888888889 0.7125 0.017361111111111112 0.03680555555555556
0 0.33819444444444446 0.6680555555555555 0.018055555555555554 0.04583333333333333
0 0.3548611111111111 0.5951388888888889 0.019444444444444445 0.04027777777777778
0 0.36666666666666664 0.6145833333333334 0.022916666666666665 0.04236111111111111