3 0.5845940525487363 0.8841335406040407 0.03870494489890303 0.0680667360082844
3 0.6370081174735327 0.8676342797452008 0.03294732664724683 0.060701316736593625
3 0.7093334586073002 0.793948185875226 0.05914692783194321 0.08000943642371902
1 0.513488269258337 0.5213505307392332 0.05711143831553171 0.057681970494685215
2 0.40787092630673466 0.3358725220741112 0.02811385308344746 0.03746891894949237
2 0.868567474208169 0.6454709392137545 0.04767210386785084 0.06666748676922651
2 0.5269781268582929 0.09995907771877464 0.02065682062104928 0.04314007856202874
1 0.48153080021104605 0.04494092115000598 0.02799261546578704 0.033302252282825746
1 0.5168006792762355 0.006926778417014019 0.024290693000152113 0.013853556834028039
1 0.45956917193025987 0.12733824157476414 0.03728307474849575 0.04301411415487877
1 0.5011104258522759 0.26338555037974043 0.018944631418399163 0.03192372374410605
1 0.5409787345236455 0.19842268361983756 0.035179535145552325 0.04216180415021695
1 0.3739825048527324 0.41499774734010114 0.031240481158803214 0.09729638487852618
0 0.4792807226175635 0.4459933582181217 0.05097524465549049 0.08493352973840508
0 0.5039330409072021 0.5756647026159482 0.04231861100839593 0.07319095638642463
0 0.41716789789086667 0.5836313231805605 0.048831292513326865 0.08269233084485453
0 0.4149814456459879 0.6520026098565508 0.043949975132605665 0.08162953342656955
0 0.446025207822897 0.7860614686848362 0.052808671475801185 0.10031655122299443
0 0.3561887118258294 0.688472533693893 0.04305346799206057 0.07463246712871915
0 0.31791552986643973 0.6169033145154386 0.047482816163658174 0.08397597602693184