3 0.4294746448059731 0.25674747257650055 0.0478080453629087 0.10454916067517704
3 0.46279274351133753 0.49025098153152774 0.07126563040956407 0.08008762990165444
3 0.6807967030026056 0.7024257475839834 0.08595400789226189 0.09933361252846566
3 0.1921381032104005 0.781916731306078 0.11630801847346778 0.18649337589659215
0 0.8967387920869015 0.20193045262625953 0.030253006591432395 0.06979865225701552
0 0.8738382860585988 0.2065789015160105 0.04205048182780615 0.06937344242580978
0 0.8183392927373164 0.22083608400968285 0.0580994670822564 0.08387168794829623
0 0.8392862135443936 0.3580810498001711 0.05052522074682252 0.09435924202208289
0 0.817220631535823 0.14797610434640932 0.048361084221670264 0.08030029212301465
0 0.48732269598319605 0.04915129951030699 0.03648280579347774 0.06683661306533148
0 0.6996014132160892 0.2326128949232409 0.04569239075284802 0.09882354410944214
0 0.281377096968109 0.4765740671949117 0.13850599973814437 0.18414069333850575