3 0.3383507241551797 0.7888794476698769 0.0938326066633675 0.12592962798695706
3 0.12712253077816627 0.9688644912148608 0.10057049700974988 0.062271017570278295
3 0.7402354027828468 0.5575110683275507 0.05326958038071502 0.0917201636964576
0 0.6792147228482125 0.9558815125795159 0.06375608271748123 0.08823697484096821
0 0.6141612166419227 0.9392545748996572 0.05491322930778513 0.09666216837349914
0 0.9748622473484342 0.34478634294688687 0.0453060957835444 0.07187125142236042
0 0.7923256761642593 0.2039977513011189 0.03660291371404804 0.0907494409052911
0 0.8462051007581304 0.34698546353756954 0.04808387356132218 0.07203303855422144
0 0.8981113342364915 0.6504775851406522 0.048593393637685264 0.08175526077644374
0 0.771183396148863 0.7649340250335434 0.057836584250238035 0.0996017332831381
0 0.5273075300255345 0.49733902642240835 0.051225594250787924 0.07913927013052699
0 0.4756038635093942 0.5940223902192565 0.05465846926960359 0.09180105726238802
0 0.38608150710944783 0.6428096347515427 0.050491802602936925 0.09155837656459641
0 0.201639661791229 0.3599835062583858 0.06259146540008041 0.08464752976908238
0 0.22523800190907248 0.25543227114292705 0.042637500879273045 0.07379279762383265
0 0.13385658374728077 0.2819568466700258 0.05097083421260642 0.07427815901941588