3 0.7722431811410811 0.056150445135420064 0.11906588677443955 0.11230089027084013
0 0.08940670599760338 0.7690372690012662 0.11648600404276795 0.20984212866413415
0 0.27894418913555585 0.2960101665300748 0.09348368991759273 0.13254760022015025
0 0.34737840529162206 0.4055668379760157 0.08317927083852368 0.11959478044260266
0 0.40313749710351376 0.30275288650125587 0.07080864791782283 0.1217903613635336
0 0.32475464883645166 0.18878792372175143 0.06282918683898413 0.09924469644306311
0 0.4978579281287644 0.573241818217482 0.09671428747291802 0.1423991995216718
3 0.4213054031771727 0.5434016660252299 0.062345937505190185 0.11862445234785797
3 0.49496034683958035 0.7202224157728074 0.09635850050484498 0.13476031063278304
3 0.7757708271265772 0.6528592870176119 0.1583829100253657 0.2762367411076579
3 0.9278350133241245 0.8473588464338129 0.1443299733517509 0.22894983034578584
3 0.6176277299850357 0.6045488479028173 0.12543004907561572 0.16383185920355364
1 0.6269694798236745 0.7154658933949795 0.1312081850927879 0.10935887933034047
1 0.40422793750118213 0.938801223786296 0.0902511776486888 0.09289957834716726