0 0.7625 0.7020833333333333 0.02847222222222222 0.05555555555555555
0 0.6916666666666667 0.5493055555555556 0.022222222222222223 0.04236111111111111
0 0.6506944444444445 0.49930555555555556 0.03263888888888889 0.058333333333333334
0 0.5180555555555556 0.33402777777777776 0.03819444444444445 0.06388888888888888
0 0.6027777777777777 0.4527777777777778 0.04652777777777778 0.08263888888888889
0 0.7729166666666667 0.83125 0.04375 0.10486111111111111
0 0.6416666666666667 0.6861111111111111 0.05347222222222222 0.09513888888888888
0 0.4986111111111111 0.8388888888888889 0.07847222222222222 0.13680555555555557
0 0.24861111111111112 0.7090277777777778 0.07013888888888889 0.11736111111111111
3 0.3798611111111111 0.41458333333333336 0.030555555555555555 0.06944444444444445
3 0.32916666666666666 0.4527777777777778 0.04375 0.07291666666666667