3 0.7152777777777778 0.6993055555555555 0.04027777777777778 0.07152777777777777
0 0.6430555555555556 0.18125 0.02847222222222222 0.05347222222222222
3 0.36875 0.6638888888888889 0.052083333333333336 0.06111111111111111
0 0.17430555555555555 0.9326388888888889 0.059722222222222225 0.09375
0 0.39791666666666664 0.8125 0.04583333333333333 0.0763888888888889
0 0.4777777777777778 0.825 0.050694444444444445 0.06527777777777778
0 0.55 0.7680555555555556 0.041666666666666664 0.0763888888888889
0 0.5784722222222223 0.9465277777777777 0.08333333333333333 0.10347222222222222
0 0.7263888888888889 0.5145833333333333 0.04236111111111111 0.06736111111111111
0 0.9423611111111111 0.49166666666666664 0.049305555555555554 0.07569444444444444
0 0.5520833333333334 0.3875 0.030555555555555555 0.059027777777777776