3 0.9414228529615031 0.8054892873785907 0.03602590868874939 0.05186055201640253
3 0.3873694456901082 0.873344273983401 0.04212004808229703 0.04184835317938804
3 0.9183095582614362 0.274455219561487 0.033148957307912494 0.04201698944528418
3 0.5884892145772729 0.8155791396753141 0.040050915152690755 0.03343412628012427
0 0.9837755200414744 0.3976152149471896 0.032448959917051136 0.08003594848979768
0 0.7286683918095643 0.6266983959629486 0.053812115019551736 0.07501305024682571
0 0.6985374730276415 0.7875394298401286 0.07301549643518225 0.11552665958835999
0 0.6421881848130676 0.8152425151647665 0.06332167502041398 0.09837463152611008
0 0.5637444780098139 0.7688758764976055 0.05194144390757868 0.05209638358015872
0 0.5219359219173925 0.8208509197288687 0.050524154211235996 0.06860126311496452
0 0.5403468314006648 0.5078861057353902 0.04669760956492802 0.07252524908383956
0 0.6365916326075352 0.3620335210424406 0.05232405252760373 0.06525038124163811