2 0.89375 0.17430555555555555 0.034722222222222224 0.07013888888888889
2 0.7333333333333333 0.13055555555555556 0.03263888888888889 0.04027777777777778
2 0.5736111111111111 0.3993055555555556 0.03333333333333333 0.03819444444444445
2 0.9243055555555556 0.4395833333333333 0.06805555555555555 0.058333333333333334
2 0.30625 0.5972222222222222 0.022916666666666665 0.04513888888888889
2 0.2972222222222222 0.6388888888888888 0.029861111111111113 0.05625
2 0.16180555555555556 0.6479166666666667 0.025694444444444443 0.03125
3 0.4534722222222222 0.36041666666666666 0.034722222222222224 0.041666666666666664
3 0.3923611111111111 0.4534722222222222 0.04375 0.0798611111111111
3 0.44027777777777777 0.4708333333333333 0.05347222222222222 0.08055555555555556
3 0.39305555555555555 0.5868055555555556 0.05555555555555555 0.09097222222222222
3 0.27152777777777776 0.6305555555555555 0.043055555555555555 0.06319444444444444
1 0.23402777777777778 0.6006944444444444 0.029166666666666667 0.058333333333333334
0 0.9659722222222222 0.2298611111111111 0.06319444444444444 0.09166666666666666
0 0.9291666666666667 0.16527777777777777 0.05625 0.11597222222222223
3 0.8166666666666667 0.4 0.12430555555555556 0.09513888888888888
3 0.9493055555555555 0.9201388888888888 0.10138888888888889 0.1597222222222222
3 0.4979166666666667 0.7944444444444444 0.12222222222222222 0.2326388888888889