0 0.9020833333333333 0.16319444444444445 0.03611111111111111 0.05347222222222222
0 0.9520833333333333 0.575 0.09375 0.18541666666666667
0 0.8486111111111111 0.35 0.05555555555555555 0.08958333333333333
0 0.6611111111111111 0.5125 0.04861111111111111 0.07430555555555556
0 0.8069444444444445 0.8895833333333333 0.1 0.18055555555555555
0 0.6194444444444445 0.7118055555555556 0.05763888888888889 0.11458333333333333
0 0.5611111111111111 0.7701388888888889 0.059722222222222225 0.1076388888888889
0 0.5638888888888889 0.9090277777777778 0.075 0.14652777777777778
0 0.4326388888888889 0.6756944444444445 0.03125 0.06666666666666667
0 0.28888888888888886 0.61875 0.025 0.05
0 0.29791666666666666 0.4097222222222222 0.027083333333333334 0.04513888888888889
0 0.1284722222222222 0.6090277777777777 0.03263888888888889 0.05