0 0.3909722222222222 0.025 0.05555555555555555 0.05
2 0.6673611111111111 0.06527777777777778 0.04791666666666667 0.049305555555555554
2 0.6680555555555555 0.7222222222222222 0.04375 0.04097222222222222
2 0.6180555555555556 0.9090277777777778 0.05138888888888889 0.058333333333333334
2 0.5541666666666667 0.6958333333333333 0.06527777777777778 0.12291666666666666
0 0.8444444444444444 0.5951388888888889 0.12777777777777777 0.18263888888888888
0 0.7618055555555555 0.7465277777777778 0.12361111111111112 0.2125
0 0.9319444444444445 0.8638888888888889 0.11180555555555556 0.18819444444444444
0 0.9819444444444444 0.9118055555555555 0.03611111111111111 0.14930555555555555
0 0.85625 0.9395833333333333 0.1284722222222222 0.12083333333333333
0 0.7395833333333334 0.9013888888888889 0.12638888888888888 0.19652777777777777
1 0.9034722222222222 0.7986111111111112 0.1875 0.14652777777777778
1 0.5152777777777777 0.11180555555555556 0.044444444444444446 0.1763888888888889