0 0.9613363938838101 0.6081727341202366 0.036608631110722295 0.1831479949492951
0 0.5714218053589571 0.927680444803326 0.13267069918006896 0.1446391103933479
0 0.6845726235422777 0.9128112857119842 0.10619455776893195 0.1743774285760316
0 0.7785360284599201 0.9253926219310162 0.11634358982643897 0.14921475613796753
0 0.7492573266766792 0.7476281825343473 0.11859433862230162 0.20262177453026847
0 0.6365285919406659 0.717168022361967 0.12832952746890605 0.22014046608864818
0 0.6648758124219318 0.5501826800097273 0.11354811903630141 0.21502480194733395
0 0.7473767329454823 0.40151605302507715 0.12416522399622826 0.1860642020194032
0 0.9510458177274251 0.17852120453889725 0.09066447520036529 0.14731216522308507
0 0.8347517930896385 0.6448797398930982 0.11581656084452384 0.2025732882388013
0 0.9264443930050696 0.6117333221435624 0.08526100528896828 0.20203993903266118
1 0.4572451018843348 0.051762359664966534 0.03550979623133041 0.08805759235187362
2 0.4670157386407712 0.5453391428537953 0.06694254151223081 0.11011871933579143
2 0.5207414781933329 0.7276558412660753 0.05362430786638078 0.055758107503255716
2 0.5782683319656476 0.5438063722902639 0.04139430566952929 0.04513537409785297