0 0.9680555555555556 0.7798611111111111 0.06388888888888888 0.13819444444444445
1 0.9326388888888889 0.3159722222222222 0.13472222222222222 0.10347222222222222
3 0.44305555555555554 0.39861111111111114 0.1076388888888889 0.12152777777777778
3 0.38125 0.5451388888888888 0.08055555555555556 0.18819444444444444
3 0.05 0.6159722222222223 0.06805555555555555 0.17777777777777778
2 0.6513888888888889 0.20902777777777778 0.06319444444444444 0.08541666666666667
2 0.4097222222222222 0.9652777777777778 0.05 0.06944444444444445
1 0.4930555555555556 0.9354166666666667 0.09583333333333334 0.07708333333333334
0 0.9486111111111111 0.125 0.10208333333333333 0.19375
0 0.83125 0.23333333333333334 0.11944444444444445 0.20416666666666666
0 0.7798611111111111 0.36736111111111114 0.11527777777777778 0.2111111111111111
0 0.9694444444444444 0.3402777777777778 0.06111111111111111 0.15625
0 0.8902777777777777 0.4284722222222222 0.09791666666666667 0.1951388888888889
0 0.8729166666666667 0.5520833333333334 0.08958333333333333 0.18333333333333332
0 0.7881944444444444 0.5604166666666667 0.08611111111111111 0.17777777777777778
0 0.7833333333333333 0.8430555555555556 0.08541666666666667 0.14791666666666667
0 0.7263888888888889 0.6951388888888889 0.09513888888888888 0.19236111111111112
0 0.6777777777777778 0.5381944444444444 0.10625 0.21597222222222223
2 0.675 0.35625 0.04375 0.04791666666666667
1 0.975 0.86875 0.049305555555555554 0.1125
1 0.9013888888888889 0.9201388888888888 0.10833333333333334 0.1597222222222222