0 0.402176933403682 0.04343867724460368 0.051576089029586256 0.05620401054488719
0 0.36005086625019017 0.07362874223835822 0.06160674901016642 0.11487690119125728
2 0.609503209407223 0.13650835007897946 0.04099777220603897 0.05022400834803567
2 0.5772071577363651 0.8621073017647713 0.04179324799853374 0.05372452701301111
2 0.6164915721525372 0.7104177554359922 0.03295475792494847 0.036023858588863
2 0.524993986920453 0.6886553658797854 0.05521530512289574 0.10976112209536855
1 0.4788923787570438 0.17696535928923085 0.04462212574394502 0.15094674923523319
1 0.9813141671063461 0.4335347985108064 0.03737166578730782 0.11234082477387501
0 0.6234882851518319 0.985748224993074 0.08550283545931371 0.028503550013851964
0 0.7128089369802341 0.9784214754365755 0.08118729362767473 0.04315704912684895
0 0.7774528891223977 0.9819729821369726 0.08312918307373739 0.03605403572605484
0 0.6723258403556439 0.8652894699774966 0.106109724699946 0.19021409531030523
0 0.7594472649472591 0.9035204511010986 0.09524852010185769 0.17451187089123152
0 0.8280983211627037 0.831406688261911 0.10286720272113649 0.1741286873170708
0 0.9102522595809505 0.8181072982828588 0.10294802779957687 0.17690646509484856
0 0.9547570732232872 0.7822614585869186 0.09048585355342564 0.16974861573276157
0 0.6871356177816782 0.7306368072651626 0.10058180669170219 0.16709935354436709
0 0.7501853621881405 0.6090477102139011 0.09866755479295143 0.14898720510330557
0 0.9139316386025421 0.42011870891231506 0.0840108276588795 0.12203238735935523