2 0.9694444444444444 0.9201388888888888 0.058333333333333334 0.1597222222222222
1 0.41388888888888886 0.7145833333333333 0.09583333333333334 0.06319444444444444
1 0.6513888888888889 0.9229166666666667 0.11944444444444445 0.15416666666666667
1 0.8465277777777778 0.575 0.11458333333333333 0.15347222222222223
1 0.7520833333333333 0.6569444444444444 0.12569444444444444 0.26944444444444443
0 0.7798611111111111 0.5111111111111111 0.07777777777777778 0.1375
0 0.8597222222222223 0.49930555555555556 0.07222222222222222 0.13055555555555556
0 0.9694444444444444 0.48125 0.06111111111111111 0.1375
2 0.3402777777777778 0.7493055555555556 0.044444444444444446 0.07152777777777777
2 0.1423611111111111 0.6291666666666667 0.05277777777777778 0.07569444444444444
0 0.6548611111111111 0.5923611111111111 0.075 0.1375
0 0.6111111111111112 0.4638888888888889 0.09375 0.1673611111111111
0 0.5694444444444444 0.3263888888888889 0.09861111111111111 0.17430555555555555
0 0.6590277777777778 0.3472222222222222 0.06944444444444445 0.1375
0 0.7138888888888889 0.3090277777777778 0.08958333333333333 0.16527777777777777
0 0.7486111111111111 0.21597222222222223 0.08333333333333333 0.15833333333333333
0 0.6590277777777778 0.18819444444444444 0.09583333333333334 0.17777777777777778
0 0.7048611111111112 0.08263888888888889 0.10138888888888889 0.16527777777777777
0 0.8020833333333334 0.022916666666666665 0.08194444444444444 0.04583333333333333
1 0.8263888888888888 0.11944444444444445 0.17222222222222222 0.08402777777777778
0 0.8423611111111111 0.1527777777777778 0.11875 0.16597222222222222
0 0.9430555555555555 0.15416666666666667 0.10625 0.17708333333333334
0 0.9895833333333334 0.17083333333333334 0.020833333333333332 0.1451388888888889
3 0.31666666666666665 0.3770833333333333 0.07361111111111111 0.14791666666666667
3 0.3763888888888889 0.24027777777777778 0.08541666666666667 0.09444444444444444
3 0.020833333333333332 0.475 0.04097222222222222 0.13819444444444445
2 0.5659722222222222 0.07430555555555556 0.05347222222222222 0.07569444444444444