0 0.8157006937932522 0.7109558241035104 0.032681970494685526 0.05588685985571702
0 0.7332905527106454 0.5573538258716725 0.025432155279975176 0.042619690077090724
0 0.6885295570432064 0.5068770709031475 0.037059124574975046 0.05871312118961593
0 0.5433666670437398 0.34005589992217855 0.043035654957776934 0.06433332148666643
0 0.6370872261983518 0.45979173222997605 0.05278977833306663 0.08318028859890884
0 0.8359050251933954 0.8402436996604801 0.05169589986427418 0.1053701884503836
0 0.6936570578315856 0.6935775787537738 0.060681416138815315 0.09576109452577744
0 0.5621783100253036 0.8446907544380574 0.08883872734316248 0.1377186625291712
0 0.3023380234384211 0.7119206299596752 0.07903198211446714 0.1181772509724845
3 0.4112763575943668 0.41900341753304815 0.03581774089613437 0.06979999052266647
3 0.3634761150872407 0.4566079787113515 0.049275294607607774 0.07342574400593915