3 0.01456820412821395 0.5239688127927628 0.0291364082564279 0.04872718812586593
3 0.384211108371272 0.2867505435143047 0.04970500925310704 0.06255138847510516
3 0.7538410124113022 0.6814786333938696 0.045716350674705884 0.06513510063393398
3 0.6244321187235948 0.5814215007780287 0.04195952841146809 0.04972794577685688
3 0.4701279422911262 0.8263738799717772 0.03789945369755148 0.062001535888083166
0 0.2995885352036401 0.824699533864695 0.0386922283909603 0.04195967980866852
0 0.31237901364176973 0.2012158851193046 0.04500431832164406 0.05402398952282286
0 0.5696959976703168 0.14215586600220778 0.029014508190804297 0.04220130447556561
0 0.5532001418891755 0.22566613546278833 0.038237881965465056 0.05647832460235236
0 0.5922577126614983 0.20310717047777335 0.030109470833846155 0.04848364874539044
0 0.8707115367786376 0.6402553158673633 0.02966445061318268 0.041539204300945994
0 0.8161504846150679 0.5025897650910819 0.036920409212091464 0.04672375811030539
0 0.7717257570813325 0.5980330524729387 0.0288365001025391 0.03942352669778775
0 0.7605837281571695 0.8371160069807767 0.04996269518067385 0.08818114437990011
0 0.5080585681063098 0.9816230193902805 0.038727404208195065 0.03675396121943903
0 0.5816313098970489 0.8580348848421128 0.05157409417989432 0.09171805514177184
0 0.5765796709897035 0.6760086223663169 0.04932207896312724 0.06738015531639152