3 0.46419377355582364 0.29179242017982027 0.031131958389780657 0.03885845933264262
3 0.42198414543386303 0.26627299714904445 0.03584453942397911 0.04946919161825826
2 0.38870684255375826 0.5037216086739393 0.02404193678066109 0.03575723885661672
1 0.1704693155423588 0.49009328572672184 0.062454746972118294 0.0417028403636487
3 0.09818412281882895 0.604493938792072 0.04815961505589751 0.05974126642750264
3 0.3749831669916043 0.7441591930872626 0.04684056183710857 0.0742275669513614
1 0.41652588622357645 0.8098270168165169 0.043908348157942596 0.1108067126181431
1 0.5596739414028161 0.5671044775271027 0.05512864214256012 0.11340755426867367
3 0.6247304005213435 0.5791402723985892 0.05276006030435194 0.08143076555440448
3 0.617580361323154 0.6806414088750756 0.07399077792830408 0.10320208271265775
3 0.9586833961488632 0.7651107240099408 0.07278681340749686 0.09344751622061077
3 0.8757415412816733 0.8083546010437096 0.03280904869578194 0.05764080360246769
3 0.8109742429245754 0.9551062151899027 0.09255290064798487 0.08978756962019456