2 0.6243407313727903 0.009831621952476211 0.049331405167958704 0.019663243904952422
0 0.9755143073540874 0.24385979569281063 0.04897138529182522 0.14699112429222005
0 0.8231916861982704 0.4705481294820392 0.12949257522661115 0.183282617490243
0 0.7560323037857365 0.6285501457387402 0.12867288641975375 0.21372498727478634
0 0.9857999384787342 0.7023346112399093 0.02840012304253163 0.21599579227699764
0 0.9324459777859829 0.7195341839309064 0.12812127424633987 0.19430883927309486
0 0.8600167043599547 0.8387604970697311 0.11216663993273496 0.20474083575813262
0 0.893169900602931 0.94324078780067 0.08692040921209146 0.04856275846200964
0 0.8051358763381345 0.9384728062542228 0.08108851531930618 0.06564090514559003
0 0.6886648056683509 0.9571437939683793 0.08694732332554038 0.038174388238095644
0 0.745274015348019 0.7974828910196408 0.13080072177515312 0.2145043210474897
1 0.8902194372421165 0.6690354513917447 0.1770004619908949 0.14643107247957454
1 0.47671692645092506 0.060977915547584784 0.05412829734629459 0.12195583109516957
2 0.6635470128132579 0.6086458686282804 0.04639320721053303 0.053837712784023335
2 0.6280019082810406 0.8036538787337971 0.05127190623026144 0.06511860255165264
2 0.5491240996595725 0.6049531519064494 0.07709879223985909 0.12227408871975078