1 0.75182281722925 0.9700199884456617 0.0973500819134715 0.05996002310867665
2 0.030989888688788478 0.8326165950557838 0.061979777377576956 0.10602564347079427
0 0.965016152570804 0.1657887774541127 0.06570956279164478 0.19536650156880644
0 0.8974337228004426 0.15478078525454703 0.10628440072324818 0.1757455444120779
0 0.7989317945628378 0.14982816163658227 0.11929982662408634 0.1594830031376129
1 0.7824411935275397 0.11944168751560906 0.17768431880977667 0.09600358335513227
0 0.6781958324540602 0.09137033453487683 0.10746082968959961 0.14527081393496274
0 0.6238678647172132 0.18576902272589446 0.10467714608734645 0.1715384652061911
0 0.709181254334849 0.21676702864937675 0.09448179807993017 0.16222779965387218
0 0.6716989718082748 0.29496379437475956 0.081948356700999 0.147995404181612
0 0.6200277873267486 0.3386680381213327 0.07376355344457848 0.13735646854923433
0 0.6044756133487296 0.5823372130428923 0.0852386074673774 0.14462421330744002
0 0.5647171737283446 0.4518167263123503 0.09795106738991485 0.17550306917675695
0 0.5295650851808893 0.32629879458018995 0.1037977772748205 0.18122027488919312
2 0.5439467360170321 0.07842254045274344 0.0606930564348286 0.07318469188580437
2 0.10518186944212458 0.6206675080494626 0.05275710739211424 0.09375534371420666
3 0.008623288482287352 0.4567955692794721 0.017246576964574704 0.14067447189227758
3 0.2865941298566219 0.370696314183991 0.07434586210327897 0.14846757966034546
3 0.34643240012114274 0.23750976845213484 0.09964882808157982 0.10205360822252645
1 0.5774267556179311 0.8993952301098523 0.12398191919159116 0.142977986627827
1 0.6848275677184607 0.654921060554601 0.12286351424638897 0.2407127968680028
0 0.7269289723112321 0.4753151996707193 0.07632296547534358 0.13327062696100805
0 0.7984597030012475 0.49061109615461207 0.08041684355967252 0.13200297568977976
0 0.9309077616975796 0.45829876373019607 0.07781808432550102 0.14856861100839594
1 0.7980711774473416 0.5511085878997191 0.13066274486114113 0.17784165273731958
1 0.36561330066997955 0.6943181127235154 0.10005802402114926 0.0701697825869123
2 0.9043251645831829 0.8991699546043678 0.10851626413349418 0.16540970282385134