0 0.9693035815356299 0.9467994981216847 0.03276168181731628 0.10640100375663053
2 0.6811396890359566 0.456314923391803 0.04744901731565581 0.05630344195596548
0 0.6833375689074035 0.6490970093301603 0.10992283657864574 0.21846781023775227
0 0.7298187979849906 0.8146387164775268 0.10957131096550812 0.19832892134886354
0 0.7924177081592015 0.9407106986262271 0.10306675793530486 0.1185786027475457
0 0.798691590913418 0.6933015255155938 0.09794757900295457 0.2078510165076316
0 0.8854850248961068 0.7005737016357618 0.1111783881659998 0.21093416505567497
0 0.905028019123245 0.5768892479709065 0.10899808224973179 0.20522074393990203
0 0.9724669516623521 0.4978605462666786 0.042625848122904444 0.1773050011996855
0 0.7925573542597738 0.48700926401235717 0.12186172943573613 0.22700127063453962
0 0.8455306544031801 0.3602951037554242 0.12314152416882393 0.2208565143413512
0 0.9573014224398945 0.2512482454824276 0.08248797763217479 0.19627666906603766
3 0.03643748097233359 0.6555563756581154 0.07287496194466718 0.19099458312768022
3 0.3785249440877597 0.6232182379072415 0.09085767568410859 0.1989914646402405
3 0.4423512875210379 0.4722934054513953 0.11047885173076016 0.13112567579796963
1 0.4905111064280754 0.9984705015270442 0.10690456493480806 0.003058996945911632
2 0.6595493658025682 0.29891760296704484 0.06606216522308507 0.0896160545889605
1 0.9371922290790515 0.4472075432229109 0.11442733008582404 0.1189414069184044