0 0.22913794596298753 0.45082568003393786 0.1349943793758711 0.21603784001696894
0 0.19429007315811747 0.6470544758823016 0.15062794412172198 0.22385450194496867
0 0.2846287100483877 0.7064706086356748 0.13800048175600124 0.25077622342456496
0 0.43491023490891806 0.8480958992856554 0.1851941891355559 0.3038082014286892
0 0.20820737395916822 0.9580757274206054 0.12067735612494504 0.08384854515878905
0 0.5507816978250144 0.6609301227455722 0.07355791085293314 0.17853735349034297
0 0.5309017689557356 0.14792104540629966 0.09219183383817832 0.1315575490487267
0 0.3270223712903351 0.1990498957493312 0.10133377391713227 0.14901562727208023
0 0.3960748550697245 0.26794583294432067 0.0801465683293044 0.17097927052832276
0 0.4614287067381178 0.34166247828698687 0.09138514180613634 0.14404138786335305
0 0.39988392298524517 0.05190088538791667 0.08075536531524044 0.09463886519555507
0 0.5000133000645445 0.050286712957047376 0.07752476775991492 0.0848843206025854
0 0.8683751688266467 0.06291084100710567 0.09638893006109141 0.10245552712355498
0 0.31438543828722715 0.0675817197467859 0.079562456758879 0.1286343206025854
0 0.2224771469536636 0.05678477869721072 0.11337903942600612 0.10959390579248415
2 0.7949542939073271 0.11764217610860107 0.054366476426351555 0.09433180267345426
2 0.7247906166724222 0.25162098380363174 0.05401068945827837 0.08669291378456537
2 0.5770582361958 0.902338696972885 0.08731742266252272 0.1759211875663027
3 0.5145014123714762 0.2762720587382189 0.08456815972741256 0.11689340978852478
3 0.5352300540410206 0.3981068990380976 0.0642180757278731 0.09722270874884803
3 0.6524065701705701 0.5078624166843191 0.07067927083852352 0.11673179793478741