3 0.8583333333333333 0.5229166666666667 0.07013888888888889 0.08402777777777778
2 0.8979166666666667 0.6305555555555555 0.05347222222222222 0.05138888888888889
2 0.10625 0.4361111111111111 0.03194444444444444 0.05138888888888889
2 0.4326388888888889 0.6125 0.041666666666666664 0.04722222222222222
2 0.49444444444444446 0.7388888888888889 0.029166666666666667 0.034722222222222224
2 0.6819444444444445 0.7180555555555556 0.05416666666666667 0.05625
2 0.7229166666666667 0.7284722222222222 0.022222222222222223 0.02013888888888889
2 0.7756944444444445 0.6888888888888889 0.059722222222222225 0.06875
2 0.8319444444444445 0.6701388888888888 0.04861111111111111 0.05486111111111111
2 0.7347222222222223 0.8722222222222222 0.059722222222222225 0.08680555555555555
2 0.7770833333333333 0.85 0.029861111111111113 0.0375
2 0.8395833333333333 0.9298611111111111 0.06805555555555555 0.11041666666666666
2 0.9555555555555556 0.6236111111111111 0.0625 0.06041666666666667