2 0.9772130033195487 0.4964712231622954 0.04557399336090258 0.06687042574646934
2 0.942362776075192 0.6240306414208324 0.08418206775435964 0.09164698372330583
2 0.3511217726615271 0.4830943202622357 0.03681860580238118 0.05029612068418885
2 0.09139140526278146 0.6191626006635284 0.04167971691349225 0.05063604268669211
2 0.6321737957957587 0.772477682875028 0.06592427828397783 0.0869121940632144
2 0.2967186264098595 0.534619372073825 0.042745031538659044 0.04517760770328039
2 0.17765190128017228 0.5090030123304938 0.03776258007865208 0.04275435236744379
2 0.3417156275477478 0.570963443143615 0.0313507929467911 0.03953953201501908
3 0.3884407341700497 0.37573695161809756 0.04465972860609639 0.05430250605320184
3 0.6550738031877861 0.38193266175577223 0.06703688882614468 0.07039120825476348
2 0.3732070122030509 0.7197881548062093 0.0486104630898669 0.07463563608637824