2 0.9777777777777777 0.3798611111111111 0.044444444444444446 0.04583333333333333
2 0.8222222222222222 0.6243055555555556 0.03263888888888889 0.04375
2 0.7486111111111111 0.4895833333333333 0.03125 0.03333333333333333
2 0.90625 0.7138888888888889 0.08472222222222223 0.12152777777777778
2 0.7652777777777777 0.6465277777777778 0.07430555555555556 0.10555555555555556
3 0.9472222222222222 0.26180555555555557 0.10486111111111111 0.09930555555555555
2 0.9013888888888889 0.42291666666666666 0.06527777777777778 0.058333333333333334
2 0.8277777777777777 0.44583333333333336 0.08055555555555556 0.07013888888888889
2 0.6902777777777778 0.46319444444444446 0.06666666666666667 0.08402777777777778
2 0.5381944444444444 0.28125 0.04583333333333333 0.04722222222222222
2 0.45694444444444443 0.4951388888888889 0.03194444444444444 0.034027777777777775
2 0.39791666666666664 0.3638888888888889 0.04722222222222222 0.04513888888888889
2 0.059027777777777776 0.20555555555555555 0.034027777777777775 0.05625
2 0.4736111111111111 0.9215277777777777 0.06597222222222222 0.09861111111111111