0 0.7458333333333333 0.46111111111111114 0.06388888888888888 0.1076388888888889
0 0.10833333333333334 0.3 0.04097222222222222 0.06111111111111111
0 0.25833333333333336 0.7055555555555556 0.06180555555555556 0.09791666666666667
0 0.5270833333333333 0.2881944444444444 0.03888888888888889 0.05486111111111111
0 0.5701388888888889 0.3402777777777778 0.05625 0.06875
0 0.4701388888888889 0.42291666666666666 0.034027777777777775 0.08958333333333333
0 0.7506944444444444 0.13125 0.05416666666666667 0.075
0 0.9048611111111111 0.16944444444444445 0.07013888888888889 0.12222222222222222
0 0.5222222222222223 0.7625 0.07083333333333333 0.11527777777777778
0 0.5722222222222222 0.8486111111111111 0.07847222222222222 0.12986111111111112
3 0.6208333333333333 0.4375 0.04722222222222222 0.07222222222222222
3 0.5784722222222223 0.45069444444444445 0.049305555555555554 0.09444444444444444
3 0.05138888888888889 0.6430555555555556 0.04513888888888889 0.07361111111111111
0 0.02361111111111111 0.6555555555555556 0.04722222222222222 0.1111111111111111
0 0.06458333333333334 0.7375 0.06111111111111111 0.10416666666666667