2 0.9326744265860643 0.6320350870448941 0.05692876978569643 0.0606253451963315
2 0.7397795098309944 0.7297808244006043 0.023215648596080503 0.02662822705529556
2 0.6920082938326912 0.715328369850643 0.06058684563971673 0.07673904963231892
2 0.11134204261264896 0.4026421726064282 0.029070186081050213 0.05254904304176446
2 0.5000668870146712 0.7311296627619087 0.03026514074545427 0.03593896926060375
2 0.7552659234387529 0.8915993465805419 0.06224239408727215 0.09971230918449187
2 0.8013820775161264 0.8691613562466886 0.02691412741353487 0.04621415371350521
2 0.8663603868378644 0.949814829639998 0.0693646115708276 0.100370340720004
2 0.8006406090954385 0.6940481704756764 0.06271058193648413 0.08029616118280039
2 0.8640532295424284 0.677873146766205 0.05276210311902976 0.060455566539812995
3 0.8929385350449325 0.5241155969224635 0.07747168830892848 0.09616816425839261
2 0.4377294719216602 0.5951930566952935 0.046407055414100756 0.05117312077725779