0 0.5478387431501487 0.7471318993724635 0.0284545292098626 0.05238552128296621
0 0.5017578314140042 0.6361284447151483 0.023750230130887614 0.038924064706123654
0 0.3439975165176985 0.5380545513719709 0.032026970578714835 0.03806920008203115
0 0.3310777962643802 0.4589593008408195 0.02817156478233187 0.04544107683852193
0 0.7662456101035724 0.9909073438866339 0.02981512165599851 0.018185312226732246
0 0.6995400435637593 0.95148270682909 0.03809186210382557 0.05092521625856218
0 0.6371815257775247 0.9509497470653394 0.03001319675526967 0.05664119199376564
0 0.5894393641553539 0.8841682267421367 0.0330892687789491 0.04714147988187531
0 0.5181249912952186 0.8678234649358119 0.030069789640775942 0.058030080882654524
0 0.3653873259301379 0.6890335958574308 0.03077956390359115 0.04145241826012062
0 0.36308586129118453 0.7685386907920111 0.04065623496396095 0.06286427788031687
0 0.25157387359355293 0.8195736925064605 0.0510163087451215 0.06214291932242336
0 0.146558375529407 0.38410532661498736 0.03800697277556632 0.04884188292522885