2 0.9923463376498114 0.41970250250742364 0.015307324700377321 0.04764430566952929
2 0.8731838382726432 0.6578085437751819 0.03621017010265588 0.045079932809393916
2 0.7885754485032656 0.5200868986211351 0.033970976162870176 0.03460667325722113
2 0.9586015077900623 0.750815746681636 0.0827969844198754 0.1249799437936512
2 0.8180533779367789 0.6777104576916531 0.0829219800713108 0.1085832749301332
3 0.9560547731016334 0.30040190347073337 0.08789045379673313 0.10357831841126802
2 0.9359112739553032 0.4596454493601423 0.07003948606280043 0.06099319895212116
2 0.864170833956165 0.4795626930949843 0.0862809428982612 0.07342127624824413
2 0.7280880090409934 0.491321108540989 0.07352579407723504 0.08674423628207187
2 0.5611526808186608 0.3031797431336237 0.049688049564065924 0.04908978744392437
2 0.49736227786374393 0.5137579482204043 0.034722107610707556 0.03532941414441856
2 0.4276206564446652 0.3801027505863939 0.05090687744277539 0.04706304699609708
2 0.07580713078214332 0.20796075318956592 0.038619425052621045 0.057636525694900104
2 0.5488347646137904 0.9408259517353665 0.07402177670404626 0.10129927317265192