0 0.5395220451591628 0.7199250916259765 0.02786394657042466 0.051001506966545346
0 0.4947032004333235 0.6111069227314314 0.023313360781166477 0.037758578965979776
0 0.3379703375261766 0.521118586710503 0.031606281575279775 0.03646665718933314
0 0.3259648068380153 0.4425332361906647 0.027661883874323934 0.044057062522100905
0 0.7550488104736848 0.9695714916542582 0.029232629189703454 0.0503232237074744
0 0.6889500069195954 0.9167366632010464 0.03752554998381675 0.04903130193082809
0 0.6265510382676458 0.9194816320814507 0.02937407307697413 0.05518433481858551
0 0.5795531725746295 0.8550675046679158 0.032563407524655315 0.045502515559797986
0 0.5083763326579248 0.8424377286583 0.029414485616194322 0.05657322370747472
0 0.3576126695397318 0.671296359749614 0.030318424034441214 0.03992271822618155
0 0.35438083498933554 0.7510928261192302 0.039952389900521405 0.060861099264444204
0 0.2421892727476934 0.808100942251918 0.05032864402796796 0.059593419265858455
0 0.14218159185905355 0.3772216764622618 0.037464931174986504 0.046947968597494755