3 0.6254300678241681 0.4269714219869845 0.0350217467528569 0.05833097013934447
0 0.928388091995189 0.5235770613961677 0.03668943181768264 0.07435978524707297
0 0.6570957160926757 0.4416420078425658 0.03933387229392527 0.06683408212919631
0 0.8554902160919435 0.3266896700990045 0.02414446031725106 0.031517634609159725
0 0.629205689759578 0.6877429757850587 0.03364497943683473 0.05896882169828296
0 0.5286774325442332 0.6425687008714505 0.032316698412279896 0.06238445103499891
0 0.38016996320661106 0.44390451072326 0.028686895742789098 0.05321519104345593
0 0.595383618329019 0.39904979880145247 0.035070233044324085 0.06110874791712225
0 0.7086922489200599 0.3083829604070983 0.028686895742789098 0.053215191043455845
0 0.6563266046197539 0.28692237894521994 0.0264581035350539 0.044796968381863346
0 0.6310407788617455 0.2248031993253919 0.027895478715410132 0.047631339045147235
0 0.5291357543303786 0.17899107285284518 0.02301012445856543 0.04604437505698687
0 0.4047625613284173 0.10841828454670516 0.02576365909060946 0.044768671939110286