2 0.6402777777777777 0.7541666666666667 0.029166666666666667 0.034722222222222224
0 0.5361111111111111 0.7923611111111111 0.04027777777777778 0.08402777777777778
0 0.4777777777777778 0.9527777777777777 0.05625 0.08402777777777778
0 0.5097222222222222 0.7083333333333334 0.03263888888888889 0.05347222222222222
0 0.5361111111111111 0.6770833333333334 0.02638888888888889 0.05
0 0.5236111111111111 0.6298611111111111 0.027083333333333334 0.052083333333333336
0 0.6611111111111111 0.6701388888888888 0.035416666666666666 0.05277777777777778
0 0.6527777777777778 0.5819444444444445 0.035416666666666666 0.05625
3 0.3659722222222222 0.7409722222222223 0.043055555555555555 0.050694444444444445
3 0.6416666666666667 0.6458333333333334 0.03333333333333333 0.049305555555555554
0 0.23819444444444443 0.5763888888888888 0.03888888888888889 0.06597222222222222