3 0.6333333333333333 0.4527777777777778 0.034027777777777775 0.05694444444444444
0 0.9381944444444444 0.5618055555555556 0.035416666666666666 0.07291666666666667
0 0.6652777777777777 0.46875 0.03819444444444445 0.06527777777777778
0 0.8618055555555556 0.36180555555555555 0.02361111111111111 0.030555555555555555
0 0.6416666666666667 0.7138888888888889 0.03263888888888889 0.05763888888888889
0 0.5402777777777777 0.6645833333333333 0.03125 0.06111111111111111
0 0.38819444444444445 0.4597222222222222 0.027777777777777776 0.052083333333333336
0 0.6027777777777777 0.4236111111111111 0.034027777777777775 0.059722222222222225
0 0.7145833333333333 0.3375 0.027777777777777776 0.052083333333333336
0 0.6618055555555555 0.3138888888888889 0.025694444444444443 0.04375
0 0.6354166666666666 0.25069444444444444 0.027083333333333334 0.04652777777777778
0 0.5326388888888889 0.20069444444444445 0.022222222222222223 0.04513888888888889
0 0.40694444444444444 0.125 0.025 0.04375