3 0.7798611111111111 0.17291666666666666 0.10416666666666667 0.13125
3 0.5493055555555556 0.2708333333333333 0.07361111111111111 0.09930555555555555
3 0.5722222222222222 0.15902777777777777 0.08472222222222223 0.12708333333333333
3 0.4395833333333333 0.16875 0.05347222222222222 0.09166666666666666
3 0.44375 0.30625 0.06319444444444444 0.09722222222222222
0 0.8881944444444444 0.8993055555555556 0.06805555555555555 0.10277777777777777
0 0.5083333333333333 0.8284722222222223 0.07569444444444444 0.08611111111111111
0 0.5159722222222223 0.9729166666666667 0.05 0.05277777777777778
0 0.7013888888888888 0.9680555555555556 0.0625 0.06388888888888888
0 0.6513888888888889 0.6555555555555556 0.06388888888888888 0.14097222222222222
0 0.4930555555555556 0.7256944444444444 0.075 0.1388888888888889
0 0.4534722222222222 0.6006944444444444 0.09444444444444444 0.14375
0 0.3736111111111111 0.6048611111111111 0.07083333333333333 0.09236111111111112
0 0.29305555555555557 0.6743055555555556 0.06527777777777778 0.075
0 0.19722222222222222 0.4979166666666667 0.14305555555555555 0.14375