0 0.8121781934982207 0.4495323291142586 0.041935635167152444 0.06828242342101858
0 0.970989899651668 0.2804238317321288 0.05366843911960031 0.0664738674432716
0 0.8005048654143379 0.0953494990737339 0.03456350215632571 0.07574351519746914
0 0.729076331833892 0.37849061381512283 0.04989860205510613 0.0976107238262655
0 0.7246164755698012 0.5294113454935797 0.07630292042610007 0.078796650962284
0 0.6455445984181878 0.47426103554737603 0.051884933250962544 0.09488143617006178
0 0.11595903479997208 0.2954598338402468 0.037865970637962855 0.07096322095564815
0 0.06399695413848508 0.30014430910182094 0.03925485952685174 0.07099554770336422
0 0.3226786454426835 0.542936605624043 0.039634047024495724 0.061983933299444516
0 0.27449743552037864 0.5961837018751541 0.03638007961159689 0.06815311643015447
0 0.305363852215318 0.7038866636280243 0.05388669392892361 0.0727238674432717
0 0.5808488040278416 0.2735192622442588 0.04610230183381911 0.0683794036641667
0 0.5306062986841489 0.26773858071759216 0.038778669891730684 0.07722938432950623
0 0.4018364616196548 0.3020111316290429 0.04450397918787116 0.08221980243148153
0 0.288368623429877 0.1176947356476232 0.037671966363008694 0.0654076654000926