3 0.797865386367198 0.5483180098259797 0.04471972582934553 0.057083339220819575
3 0.885043195890589 0.49021396497665803 0.062489455626892565 0.12085979649012649
3 0.9062628423559012 0.5882364548330661 0.044768212120812396 0.059861116998597357
3 0.9546714015193122 0.6413471316621732 0.07095612626176072 0.12878969179144645
3 0.8420712745368591 0.8820084927450116 0.06637732611762254 0.10503307747411997
0 0.4674431681131774 0.5291358665773187 0.025141944083365945 0.048765435369590986
0 0.4789679899015196 0.38639556796856367 0.026433860389320312 0.04325838088277405
0 0.49818599964404753 0.7185185872058573 0.019416686507674936 0.03884920887241492
0 0.46336680483889076 0.7228616160429494 0.025787902236343207 0.04601190812618244
0 0.4906874776387653 0.7898281101743116 0.030891444804790544 0.06007055075565625
0 0.4604904772784192 0.8478373655085802 0.029990933621610337 0.04824074466573178