3 0.9490751675441538 0.02035648660507734 0.06079702019579574 0.04071297321015468
3 0.8122516525790476 0.769082668820145 0.059282166899756954 0.10776012783598597
3 0.2460395020978144 0.9252628079098857 0.08189346279615826 0.09621673311798544
3 0.280825225643063 0.35246294475872375 0.07566500359905651 0.12341178746290069
3 0.08033962840712208 0.27712237568389 0.12374035592850034 0.17443631243816782
0 0.4782475749287392 0.3505259393559366 0.07688484647499902 0.08481426029044306
0 0.5472925853488355 0.36803781382918627 0.047507692394709186 0.07999695049764628
0 0.8203662974731597 0.3049608199725772 0.05163209755813922 0.07061465027792717
0 0.7700162048919782 0.147214969039864 0.044266678286448445 0.06457349186165283
0 0.6733401018015924 0.0967290426429799 0.04052098644702811 0.06983768570077713
0 0.597319565886544 0.10693178522199807 0.05512586058325976 0.09848954862784877
0 0.5014423308448546 0.02598780474322835 0.055146581283598076 0.0519756094864567
0 0.6763742098895775 0.9014539908313907 0.08408203983630326 0.09775130286509023
0 0.38451695640706635 0.8548427223124112 0.07938915463557869 0.0905154967042143
0 0.3724848123697997 0.5394338641158559 0.07411824914995024 0.12123133355742369
0 0.24148130144928937 0.800617330351827 0.07321331729188264 0.11840499549357383
0 0.1923071500356941 0.501768176778114 0.13438823070912853 0.159984059523612