0 0.48839473429553804 0.24021138038556103 0.03857836487199238 0.04404301314200201
0 0.7368036114918229 0.24831840676062636 0.028404378903117176 0.04772451576129634
0 0.7813892956660236 0.2884858516643852 0.03404082802460317 0.04937215880878385
0 0.6131191039700604 0.15806531439835894 0.027298617494985127 0.0525209383327578
0 0.5570171928338515 0.18176962889178733 0.025134390595721357 0.05103501663439442
0 0.921564984454522 0.400283851296132 0.03493750638387433 0.052876725300830825
0 0.2879968365002685 0.9819230840450702 0.03433080463939512 0.03615383190985963
0 0.4235070780580989 0.33899559819676217 0.02995505492386725 0.050566982078723774
0 0.6626529939340935 0.2594085589528785 0.02996190405790205 0.03879377079299297
0 0.6794335037943767 0.34537507820656727 0.031876601125339396 0.0478862371104204
0 0.9266475808400756 0.5113302738675934 0.04669576602242955 0.06450534472913919
0 0.4224049256777805 0.6886873702766371 0.04130199759873503 0.06702436834831833
0 0.4724734170181298 0.5732840448467171 0.03771528416165179 0.053006102380130135
0 0.7262493141232136 0.5546311805866974 0.05702468998913067 0.07537483117335345
0 0.6350817071201998 0.5351486477316922 0.05730781746988751 0.08023594228446455
0 0.6943371712852109 0.7082784242225882 0.056532479459512626 0.07881470912575075
0 0.8123105372323475 0.8550554855215773 0.055655700481102285 0.11132422093534033
0 0.9200159733978528 0.9494051361527618 0.06141348995148424 0.10118972769447636
0 0.9754108534032396 0.9260125547239798 0.049178293193520836 0.09438358533195192