2 0.5368055555555555 0.6902777777777778 0.04027777777777778 0.07777777777777778
2 0.7229166666666667 0.7659722222222223 0.05763888888888889 0.10902777777777778
2 0.27708333333333335 0.5569444444444445 0.041666666666666664 0.07569444444444444
2 0.5118055555555555 0.8 0.12152777777777778 0.1597222222222222
2 0.7180555555555556 0.8805555555555555 0.06458333333333334 0.12638888888888888
2 0.5048611111111111 0.6611111111111111 0.04236111111111111 0.09375
2 0.31805555555555554 0.6451388888888889 0.05138888888888889 0.09652777777777778
2 0.7569444444444444 0.5145833333333333 0.1111111111111111 0.15347222222222223
2 0.6729166666666667 0.46944444444444444 0.09236111111111112 0.10208333333333333
2 0.5909722222222222 0.3229166666666667 0.03958333333333333 0.07708333333333334
2 0.6076388888888888 0.34652777777777777 0.04097222222222222 0.07847222222222222
2 0.6159722222222223 0.21388888888888888 0.059722222222222225 0.06041666666666667
2 0.3277777777777778 0.33958333333333335 0.035416666666666666 0.05347222222222222
2 0.013888888888888888 0.6090277777777777 0.027777777777777776 0.06805555555555555
3 0.3888888888888889 0.2 0.05138888888888889 0.04791666666666667
3 0.49375 0.08194444444444444 0.035416666666666666 0.03263888888888889