3 0.07000955062818635 0.7382479414742353 0.10130388868345847 0.14594032739291518
2 0.3969927715897477 0.4917710686412714 0.046525690214282794 0.07411637188755485
2 0.48401408380959093 0.26598138434158236 0.04076807196262643 0.0668483531793882
2 0.7832218641678078 0.399183936107008 0.06220759338426218 0.08889509000167964
2 0.7630574252951021 0.3494807618558347 0.059914766077126085 0.1053999695364852
2 0.8287509348697732 0.20078810915754883 0.09001300870935186 0.06763674143658878
3 0.5762655637077333 0.10081060062338629 0.06005086625019026 0.062425307546860154
3 0.11192286765716407 0.6061952069277207 0.13854120717852744 0.13909667589526167
2 0.2158384592235915 0.43685090740882304 0.04444235688094938 0.07399503153865905
2 0.15812408897046895 0.47855181974566424 0.041793247998533824 0.05442924674531879
2 0.3068522625722504 0.6341869728246619 0.031619056567188074 0.06215587833417307
2 0.41174101123067336 0.6174182171687157 0.058937433858140764 0.09563730053129768
2 0.8449733132159563 0.6391847875168196 0.18242521978809614 0.17007659866133054
2 0.5780323586396668 0.7810089842662893 0.07159165273731957 0.12549156250837384
2 0.5514500069195953 0.9224578220057549 0.14485716970156437 0.15508435598849024
2 0.9149708631561753 0.7819497184363391 0.1700582736876495 0.29421351795098977
2 0.6068406561675587 0.8180435222515667 0.04422008791523856 0.06635614264977031