3 0.9458668213439507 0.07210071716524663 0.05620325177277816 0.08813028622957542
3 0.769121271274044 0.8302548178795913 0.05381339496759255 0.10476463052549466
3 0.19682055470833412 0.9395363093570899 0.0771174019754013 0.0918449262324038
3 0.2613928560441052 0.3730802246269075 0.06943060359638899 0.11952573689793901
3 0.06557394419027801 0.2819368503783835 0.11499032083703717 0.1679595614965649
0 0.4581954111774695 0.38717258791284564 0.07269212132700618 0.08068533156517124
0 0.5260737502520374 0.41017862762569374 0.04346080116490738 0.07756816889454525
0 0.8014443465878707 0.36964470351506573 0.0480956250420061 0.06790251082113107
0 0.7595161627822224 0.20878360425062156 0.041021873606697706 0.062266149338706826
0 0.6658296550147532 0.15076444097882416 0.03698451393089515 0.06777322133814118
0 0.5895539097428705 0.1547366868943802 0.05013104888521617 0.0956964497842825
0 0.49899961271515436 0.052321562734259516 0.05109969005379627 0.0776570554141007
0 0.6268271361841674 0.9507881962302589 0.0792330620564507 0.09325805689935325
0 0.3384698967382415 0.8807842447839171 0.07490476165120377 0.08626512889878736
0 0.3429534439361116 0.5663382815262605 0.06799322458592603 0.11742624237923185
0 0.1987884218988587 0.8152873179503423 0.06723412664604946 0.11464038400876701
0 0.16540079212944486 0.5142858109837971 0.1264402821677162 0.15281915379446376