2 0.5319003005194531 0.80932291149437 0.056817544097512176 0.07954149784001996
2 0.7330580526680619 0.9293781705688346 0.08579042765938424 0.13007613564891912
2 0.003338494146141085 0.6453824282693644 0.00667698829228217 0.08779301314200201
2 0.3292857425004897 0.3849868234520625 0.03905609578354456 0.07109400220551045
2 0.25890589879029063 0.6121310158978882 0.051298382833125405 0.07997718812586593
2 0.29617476205001037 0.724553027293694 0.051989874365332235 0.09317163257031054
2 0.5106213769553816 0.7770055505901508 0.08616027639554744 0.11069637974412419
2 0.4946088481854359 0.9121961573833061 0.15028620784919186 0.17560768523338796
2 0.6275397758687052 0.2728769723340447 0.07085791597555158 0.05664196066505514
2 0.6204822362941999 0.4208259832705362 0.045488067239388544 0.07485732285615619
2 0.604282789588252 0.3845683655884241 0.03459532187528996 0.07850648120562577
2 0.6935799150723935 0.5801658183955963 0.1199303412229063 0.12058223802904927
2 0.7846731318170725 0.6352267392663922 0.1433053691135784 0.19648787758414446
3 0.3950405583200162 0.23281028673641183 0.06011074777612811 0.06306889679230242
3 0.5102189713053176 0.1205272259877983 0.046955650535090224 0.04998669993545551