0 0.044444444444444446 0.13680555555555557 0.05347222222222222 0.06041666666666667
0 0.7333333333333333 0.2076388888888889 0.03194444444444444 0.04652777777777778
0 0.5972222222222222 0.4479166666666667 0.03819444444444445 0.05763888888888889
0 0.5701388888888889 0.5493055555555556 0.027777777777777776 0.04791666666666667
0 0.6430555555555556 0.8854166666666666 0.03263888888888889 0.059027777777777776
0 0.5201388888888889 0.64375 0.04583333333333333 0.07152777777777777
0 0.5708333333333333 0.7055555555555556 0.04513888888888889 0.08263888888888889
0 0.2826388888888889 0.09305555555555556 0.04236111111111111 0.08263888888888889
0 0.275 0.21805555555555556 0.05416666666666667 0.08263888888888889
0 0.0763888888888889 0.6722222222222223 0.04722222222222222 0.052083333333333336
0 0.32708333333333334 0.6881944444444444 0.044444444444444446 0.05277777777777778
0 0.19791666666666666 0.9263888888888889 0.0625 0.08402777777777778