3 0.3561051102667285 0.03602738470817697 0.05526577608901246 0.049113763903025215
2 0.2747454504384261 0.2073501245363124 0.03708149417404327 0.07276455503061048
2 0.584787456349105 0.05303358829344433 0.06957491269820998 0.06765433014596615
2 0.5673166854096916 0.22658737728355255 0.04830574890216058 0.07801367469162991
2 0.5504393142514199 0.18714072610417046 0.050793166581944625 0.09544753740584887
2 0.624862077844136 0.4034546684299863 0.11991550481212983 0.14365742310737062
2 0.7147375131698152 0.47875670851710567 0.1450627170712039 0.2402910240748898
2 0.6341912477174699 0.9418144119327371 0.0976124657206174 0.11637117613452592
2 0.6524863507236426 0.8151962934346983 0.07786091717287036 0.12553572437854793
2 0.4510789759350931 0.6881217517161985 0.04817644191129647 0.07245811913607443
2 0.4246733430408956 0.65666892638898 0.0721437278787347 0.11839727565914918
2 0.41766772888972287 0.8326698067279605 0.13023693313000012 0.22936509618646836
2 0.22975958012311778 0.5999030272999538 0.058319492485277874 0.12069004274954157
2 0.2032875518391362 0.4761618424647321 0.04313811431919758 0.09448633708334234
2 0.11206078005534006 0.6707319353884396 0.0479986447988581 0.06481923024718554