2 0.6638888888888889 0.02638888888888889 0.06180555555555556 0.05277777777777778
2 0.19236111111111112 0.18541666666666667 0.08541666666666667 0.08680555555555555
2 0.05694444444444444 0.5993055555555555 0.052083333333333336 0.07152777777777777
2 0.5611111111111111 0.9506944444444444 0.12083333333333333 0.09791666666666667
2 0.5875 0.6888888888888889 0.07916666666666666 0.13125
2 0.7055555555555556 0.7625 0.10208333333333333 0.15763888888888888
2 0.9458333333333333 0.8520833333333333 0.10833333333333334 0.19027777777777777
2 0.6395833333333333 0.23194444444444445 0.08194444444444444 0.09166666666666666
2 0.22152777777777777 0.42083333333333334 0.08333333333333333 0.10347222222222222
2 0.2916666666666667 0.4395833333333333 0.09305555555555556 0.11041666666666666
2 0.024305555555555556 0.2548611111111111 0.04861111111111111 0.09513888888888888
2 0.33194444444444443 0.09236111111111112 0.059722222222222225 0.0763888888888889
2 0.43333333333333335 0.15902777777777777 0.07916666666666666 0.06805555555555555
2 0.47291666666666665 0.2763888888888889 0.052083333333333336 0.08194444444444444