0 0.6736111111111112 0.91875 0.05486111111111111 0.07152777777777777
0 0.11944444444444445 0.275 0.05416666666666667 0.09375
0 0.04027777777777778 0.3729166666666667 0.08055555555555556 0.1125
0 0.010416666666666666 0.45694444444444443 0.020833333333333332 0.075
3 0.17083333333333334 0.3013888888888889 0.05625 0.04375
0 0.17152777777777778 0.2652777777777778 0.043055555555555555 0.04513888888888889
0 0.50625 0.2375 0.024305555555555556 0.04861111111111111
0 0.5430555555555555 0.725 0.05138888888888889 0.09097222222222222
0 0.7902777777777777 0.3229166666666667 0.027777777777777776 0.04513888888888889
3 0.33125 0.2638888888888889 0.04722222222222222 0.05486111111111111
3 0.2923611111111111 0.24305555555555555 0.027777777777777776 0.03263888888888889
3 0.49722222222222223 0.5513888888888889 0.020833333333333332 0.04861111111111111