2 0.5652777777777778 0.9395833333333333 0.09305555555555556 0.12083333333333333
2 0.74375 0.25 0.10902777777777778 0.1638888888888889
2 0.7861111111111111 0.4479166666666667 0.09583333333333334 0.15902777777777777
2 0.7229166666666667 0.68125 0.11805555555555555 0.18958333333333333
2 0.8375 0.6201388888888889 0.13333333333333333 0.20416666666666666
2 0.40347222222222223 0.9208333333333333 0.08958333333333333 0.15763888888888888
2 0.44305555555555554 0.7791666666666667 0.08263888888888889 0.18472222222222223
2 0.4152777777777778 0.5048611111111111 0.11875 0.17708333333333334
2 0.26458333333333334 0.41041666666666665 0.06458333333333334 0.11458333333333333
2 0.05416666666666667 0.18611111111111112 0.06388888888888888 0.09791666666666667
1 0.7208333333333333 0.021527777777777778 0.06111111111111111 0.03888888888888889
1 0.06458333333333334 0.7694444444444445 0.12638888888888888 0.17569444444444443