3 0.7979166666666667 0.5743055555555555 0.05416666666666667 0.09513888888888888
3 0.5131944444444444 0.3506944444444444 0.052083333333333336 0.08263888888888889
0 0.8770833333333333 0.9208333333333333 0.043055555555555555 0.07013888888888889
0 0.9305555555555556 0.9368055555555556 0.041666666666666664 0.06875
0 0.8416666666666667 0.5229166666666667 0.04791666666666667 0.07777777777777778
0 0.5868055555555556 0.7041666666666667 0.04722222222222222 0.07916666666666666
0 0.7166666666666667 0.35138888888888886 0.043055555555555555 0.06597222222222222
0 0.6861111111111111 0.45069444444444445 0.043055555555555555 0.075
0 0.6361111111111111 0.4791666666666667 0.035416666666666666 0.07291666666666667
0 0.04791666666666667 0.5013888888888889 0.034027777777777775 0.05625
0 0.027083333333333334 0.5597222222222222 0.043055555555555555 0.059722222222222225