0 0.38958333333333334 0.4015319244297892 0.027083333333333334 0.05707190424344301
0 0.42569444444444443 0.32150086692001323 0.025 0.049262954344374776
0 0.46944444444444444 0.2561240301506907 0.02638888888888889 0.0472929950178277
0 0.5215277777777778 0.27062250489620615 0.02361111111111111 0.040816247004255186
0 0.7506944444444444 0.00624061042386501 0.029166666666666667 0.01248122084773002
0 0.7423611111111111 0.031068260039414097 0.03263888888888889 0.04363651138169918
0 0.6736111111111112 0.26029138448644473 0.03333333333333333 0.06591542060731455
0 0.6909722222222222 0.2915130982905055 0.04375 0.06676572565821143
0 0.6451388888888889 0.3758099960700074 0.03680555555555556 0.06480996673539134
0 0.5729166666666666 0.49837211108955926 0.03888888888888889 0.06984113885668172
0 0.5041666666666667 0.46995634664770103 0.03819444444444445 0.08159000740884419
0 0.4736111111111111 0.555783908130332 0.05416666666666667 0.0905326973757749
0 0.4097222222222222 0.8929435568869442 0.05277777777777778 0.11194710114676683