2 0.35811398948816264 0.2893121227729928 0.040146898994405766 0.04925044605697653
2 0.11926163727843131 0.3838866703789789 0.04581564032097359 0.05222222810970847
2 0.16218395085662607 0.464448834364375 0.04534756741855364 0.05775353313089479
2 0.18570308305751157 0.5637698194020354 0.05274475494704708 0.06910714958569852
2 0.05854194997788546 0.4638954973187295 0.06282186430067702 0.06113757426790427
2 0.06757911864650584 0.736884915588504 0.06508794291491085 0.0827138531144205
2 0.2751991638685969 0.5926344459815827 0.05294283004631855 0.07396826069680963
2 0.3278201296142384 0.6040101003483319 0.057945423371194946 0.07761023665961678
2 0.3453451423394522 0.48795630547073754 0.03718401274173873 0.061629193385130066
2 0.4128194392215756 0.48838178141469624 0.055365720692688566 0.08237434563325065
2 0.4496863140506149 0.4203328342889812 0.057904160304059676 0.059578931638430456
2 0.4624987255753366 0.6153019694372852 0.059802385162503746 0.07212743270716891
2 0.5365130764669571 0.5202247984768159 0.04891764559341709 0.07729497971281615
2 0.4459216746249068 0.5498147579024484 0.04577201405984965 0.06817019979756146
2 0.5103753417144189 0.37370584175130245 0.04088260650598556 0.06730600161253208
2 0.43617000530549344 0.3616930650611117 0.04734601142362781 0.05574295140066915
2 0.5845724378869398 0.3001806991029803 0.04200386078571464 0.04376764210452874
2 0.5919212727663316 0.3951983353200228 0.03826164076034391 0.054038805564979794
2 0.4719851234795791 0.7457120217866251 0.05091372640450263 0.10926367469162983
2 0.5181709807503313 0.7698301814970671 0.07354742864363857 0.10311949788137124
2 0.6179729056510599 0.7614769934367811 0.06902587484556413 0.11128307747411996
2 0.4566801999134864 0.9333178449763665 0.06466113307962615 0.10627646315679284
2 0.8553043395340921 0.5271736092912461 0.06847527580887408 0.08075177245293348