2 0.5802985862619019 0.33610044977783354 0.05433171893520744 0.07611623937425055
2 0.8906280622914331 0.6885041338638521 0.04942934475696114 0.05774495269826032
2 0.010485697263170345 0.8181392584594688 0.02097139452634069 0.117088461596473
2 0.6965313535113172 0.20198650878846292 0.08100357225162706 0.08506031424811498
2 0.6699644457295055 0.2933063632841873 0.07509076637067488 0.12684258497176237
2 0.7618776020296579 0.7730286893302998 0.12672959685636379 0.20483167026572302
2 0.5278274048515428 0.672380606901891 0.08921899342597044 0.15075906685313908
2 0.050020118091461174 0.4884351928060154 0.049344455428701944 0.05566161936492683
2 0.2992596279855554 0.33524270003836143 0.05734883487939181 0.09919077160113458
2 0.21657123579312682 0.44466119169543766 0.06158742424993559 0.08428134679719726
2 0.484822503253965 0.38556551109872605 0.06736935134751561 0.09025787717999915
2 0.5471208524211539 0.13092442764884749 0.06272164515404689 0.07813659050400892
2 0.4430449521251622 0.024551613872073934 0.035100679408405236 0.04910322774414787
2 0.2255317553698925 0.08883216652268403 0.04190364163908448 0.05994389008857439
2 0.6974793152861012 0.3826050465475935 0.03539897365430689 0.05322029340792227
2 0.6240945757170147 0.3826274074530515 0.06311543215860098 0.12178134679719727