2 0.5055555555555555 0.6606952579987139 0.07291666666666667 0.09591357887801956
2 0.8895833333333333 0.44209010675628385 0.07569444444444444 0.07385314378765852
2 0.5236111111111111 0.8554968743558107 0.07916666666666666 0.14766648881359604
2 0.19722222222222222 0.19273688636213562 0.049305555555555554 0.07023283270164503
2 0.46458333333333335 0.5131700089148743 0.10694444444444444 0.1485899156877622
2 0.5340277777777778 0.609575798322512 0.0625 0.08905687713354066
2 0.6006944444444444 0.8141531339316219 0.12916666666666668 0.17557865718709517
2 0.42986111111111114 0.9583771349084031 0.10555555555555556 0.0832457301831937
2 0.7534722222222222 0.34666253729509167 0.06805555555555555 0.07479711806392939
2 0.8305555555555556 0.34281879687090283 0.06041666666666667 0.07782442567353375
2 0.7527777777777778 0.27926097940101524 0.05625 0.07341507830907545
2 0.8194444444444444 0.24842164834345862 0.05763888888888889 0.06794041631945041
2 0.6409722222222223 0.17344349178805188 0.04722222222222222 0.06247260346386033
2 0.6451388888888889 0.2153528391525101 0.0375 0.06051745961345768
2 0.6652777777777777 0.26860912919183616 0.05694444444444444 0.0727610806475963
2 0.7090277777777778 0.4482406098519813 0.06875 0.07900423151356127
2 0.7729166666666667 0.5283506027736746 0.07361111111111111 0.09248180343876271
1 0.6430555555555556 0.406898165470281 0.09791666666666667 0.07584188528699151
2 0.8229166666666666 0.5916794378138406 0.04375 0.05463148066014519
2 0.94375 0.7403838447164635 0.044444444444444446 0.07411637188755485
2 0.10208333333333333 0.46011234376256077 0.06597222222222222 0.07953688882614485
2 0.14444444444444443 0.3889684864123309 0.05 0.07860661281794358
2 0.44930555555555557 0.8775579574674162 0.09861111111111111 0.1286601098477345
2 0.51875 0.5316026357639428 0.059722222222222225 0.10695064555723503