2 0.5270833333333333 0.25555555555555554 0.029166666666666667 0.06319444444444444
2 0.47291666666666665 0.2222222222222222 0.04236111111111111 0.03680555555555556
2 0.4388888888888889 0.25833333333333336 0.034722222222222224 0.04236111111111111
2 0.44930555555555557 0.3527777777777778 0.04513888888888889 0.05277777777777778
2 0.4840277777777778 0.36875 0.05 0.059027777777777776
2 0.2833333333333333 0.5319444444444444 0.049305555555555554 0.05416666666666667
2 0.29791666666666666 0.5625 0.05625 0.05694444444444444
2 0.5479166666666667 0.3597222222222222 0.04583333333333333 0.07152777777777777
2 0.37916666666666665 0.5048611111111111 0.05416666666666667 0.08819444444444445
2 0.1638888888888889 0.5465277777777777 0.0625 0.07222222222222222
2 0.775 0.6826388888888889 0.1597222222222222 0.21319444444444444
2 0.8638888888888889 0.7291666666666666 0.08055555555555556 0.14375
2 0.8506944444444444 0.7930555555555555 0.08055555555555556 0.13680555555555557
2 0.9027777777777778 0.8576388888888888 0.10069444444444445 0.14930555555555555
2 0.41875 0.43680555555555556 0.04513888888888889 0.07708333333333334
2 0.44305555555555554 0.48333333333333334 0.04861111111111111 0.08819444444444445
2 0.3423611111111111 0.39791666666666664 0.04722222222222222 0.06458333333333334
2 0.4534722222222222 0.9666666666666667 0.09583333333333334 0.06666666666666667
2 0.46875 0.8847222222222222 0.059722222222222225 0.08680555555555555