2 0.5314571622597734 0.5238963398328091 0.06809966081687738 0.1021976382132408
2 0.16195321250933314 0.3776842813233335 0.05408069820387777 0.07827942299882724
2 0.4030003106447942 0.972827646529275 0.08554013196093674 0.05434470694145009
2 0.5981281952964259 0.8437621932604634 0.13669094075098057 0.1787331587297533
2 0.6705533311581594 0.16294918498608083 0.04403439798259067 0.048902632472006186
2 0.6757274865936471 0.21380526316910548 0.04590829755886495 0.06282384810861114
2 0.7007010234368541 0.2748523014162352 0.06231702939973394 0.07569560570734571
2 0.9581679459627341 0.34548073657246997 0.06286597063796269 0.07154510241453711
2 0.8656326853036215 0.24880574653561804 0.05855380076508065 0.06728145550472232
2 0.8749801158356165 0.33937446504284025 0.0737676479920149 0.08567644191129631
2 0.790599613716988 0.26790959886614263 0.07362214478579922 0.08150977524462964
2 0.7880290570738454 0.34152070997725376 0.07404983335218181 0.07388704972959882
2 0.806335909587927 0.5337692581028094 0.07204807267422066 0.09604461845638891
2 0.7415211045855892 0.4592847441719142 0.08684966081687738 0.1026340493074075
2 0.5034236328411908 0.6698907262732721 0.07722444073213224 0.10518553985117289
2 0.5482494774057031 0.6201984110080251 0.06055777406546557 0.1047976188785804
2 0.47542541706909686 0.5163371065503091 0.1258377644656671 0.16599070812188282
2 0.12317454261760241 0.45323267477160506 0.06169533655839739 0.07776277566682097
2 0.014048140032318347 0.4755495547111729 0.028096280064636693 0.054409697905987604
2 0.019718332470521977 0.49998441725759263 0.039436664941043954 0.05680013534262353
2 0.026131470421908585 0.5265349398850618 0.05226294084381717 0.06891279500148152
2 0.4448720152611032 0.8937107999816363 0.1006261180861843 0.1196078200773766
2 0.5176519997738186 0.8794195686406485 0.08203044234466417 0.1434608011649074