2 0.2965277777777778 0.4930982393626232 0.05277777777777778 0.04914508307987657
2 0.9520833333333333 0.9000622366628694 0.09513888888888888 0.15707549332966045
2 0.9159722222222222 0.8502082876590424 0.11805555555555555 0.14649777355586416
2 0.9326388888888889 0.7380148111308943 0.10555555555555556 0.17537349949308648
2 0.8381944444444445 0.6978519188644745 0.18055555555555555 0.26600803275864215
2 0.4666666666666667 0.4426104349896292 0.05625 0.08117034439361122
2 0.4388888888888889 0.39256252549950577 0.04861111111111111 0.09418699172561734
2 0.3951388888888889 0.46163637360811693 0.05625 0.09297589994916677
2 0.3090277777777778 0.5226684097442899 0.05555555555555555 0.06587640324197537
2 0.1736111111111111 0.5015147120910493 0.06527777777777778 0.06888046825376554
2 0.8354166666666667 0.18263879458212892 0.052083333333333336 0.05329558637268524
2 0.5736111111111111 0.32067683097104893 0.06388888888888888 0.0959314748393828
2 0.5076388888888889 0.3249901292653391 0.0625 0.07576025920277785
2 0.47430555555555554 0.2979881934327465 0.04513888888888889 0.0628561748563272
2 0.46041666666666664 0.20247812757657369 0.034027777777777775 0.04593089420793209
2 0.5534722222222223 0.19822890214626498 0.02847222222222222 0.05969047610595687
2 0.36041666666666666 0.3492500978565738 0.05625 0.08186478883805558