2 0.4479166666666667 0.3173611111111111 0.027083333333333334 0.04375
2 0.48680555555555555 0.2951388888888889 0.03125 0.04027777777777778
2 0.4395833333333333 0.2881944444444444 0.0375 0.04375
2 0.3145833333333333 0.4527777777777778 0.05625 0.08125
2 0.275 0.5861111111111111 0.03958333333333333 0.07361111111111111
2 0.5944444444444444 0.675 0.07430555555555556 0.07569444444444444
2 0.6263888888888889 0.5263888888888889 0.07291666666666667 0.10208333333333333
2 0.7048611111111112 0.5847222222222223 0.04861111111111111 0.09930555555555555
2 0.7798611111111111 0.6395833333333333 0.09513888888888888 0.13958333333333334
2 0.9006944444444445 0.5243055555555556 0.052083333333333336 0.075
2 0.88125 0.4125 0.05138888888888889 0.07013888888888889
2 0.9034722222222222 0.3680555555555556 0.04861111111111111 0.05138888888888889
2 0.9465277777777777 0.35555555555555557 0.059722222222222225 0.06736111111111111
2 0.7659722222222223 0.3923611111111111 0.04583333333333333 0.05555555555555555
2 0.8111111111111111 0.41875 0.05625 0.07708333333333334
2 0.9666666666666667 0.7569444444444444 0.06597222222222222 0.13958333333333334
2 0.7569444444444444 0.9604166666666667 0.09305555555555556 0.07916666666666666
2 0.7104166666666667 0.8798611111111111 0.08402777777777778 0.11458333333333333
2 0.7493055555555556 0.7826388888888889 0.09166666666666666 0.14930555555555555
2 0.51875 0.8763888888888889 0.07916666666666666 0.12777777777777777
2 0.4888888888888889 0.9527777777777777 0.049305555555555554 0.08402777777777778
2 0.6152777777777778 0.9159722222222222 0.0625 0.075
2 0.5611111111111111 0.4388888888888889 0.0375 0.0375
2 0.5930555555555556 0.3854166666666667 0.04791666666666667 0.04652777777777778
2 0.10347222222222222 0.5590277777777778 0.04027777777777778 0.05277777777777778
2 0.14444444444444443 0.46597222222222223 0.04027777777777778 0.05
2 0.40555555555555556 0.7645833333333333 0.06875 0.09027777777777778
2 0.6020833333333333 0.27708333333333335 0.03333333333333333 0.04375
2 0.5979166666666667 0.22847222222222222 0.024305555555555556 0.04583333333333333