0 0.2883916608342583 0.8566602071468767 0.029975964767647016 0.04734968202122079
0 0.5040576914072448 0.6000125958425231 0.042778152717279895 0.07464556296439974
0 0.5857156611131624 0.23571235369161164 0.021019603125384693 0.0369472157582811
0 0.6013401288626395 0.26392942709280753 0.02484784152413779 0.04278620633080234
0 0.8558473527993112 0.17141153848312743 0.023458952635248744 0.042672832324016
0 0.8326098457733484 0.18609416003103468 0.028720581944957264 0.049319641347767944
0 0.7944588388499246 0.23755405093855814 0.02904968400803922 0.06523517656659708
0 0.9527815271728004 0.7893110042092014 0.06284562547065364 0.0859550212816294
0 0.5862070580534037 0.5991194603574163 0.04116675371805943 0.07105996673539133
0 0.5364450270702613 0.7173311057424534 0.04024047295845147 0.08894546128076747
0 0.4186098526229461 0.8189330006872461 0.04035639111603315 0.07997437050638294