3 0.2573950407168961 0.7891028076006197 0.06015035658425939 0.13004831125180846
0 0.1714379921005947 0.9027311025480724 0.0409931811410812 0.07609113855894425
0 0.5271878191361108 0.40127858831057983 0.05339614833160656 0.0743715180785925
0 0.5080725615306504 0.3040637973660593 0.031512583585755906 0.0661062348317911
0 0.44594547799042517 0.2793083601648753 0.02527779836387904 0.05136125134157715
0 0.38250366473834796 0.35743173208951956 0.03004187666551559 0.04941936189551433
0 0.33088262181994954 0.4505021502004785 0.031415550776281345 0.06402290149845777
0 0.2988258268574017 0.6908681843343983 0.05649736880763277 0.08139678760147717
0 0.45197077695421845 0.7620812616633331 0.11388516239223728 0.19680114671112203
0 0.8046041687355853 0.25288882718890116 0.07547377869640665 0.08680346799206048
0 0.8556353559428225 0.2919245036792673 0.08779684256915946 0.098258085686543
0 0.7905420702161008 0.43536606592090943 0.07597607223548077 0.11247770616689491
0 0.6483920512851344 0.665574858742382 0.10999054994871389 0.15785163901340302
0 0.5044689445850444 0.5904577962517116 0.08707196856846859 0.1273641335443794