2 0.9197935479156573 0.5683739290400311 0.05250530026617039 0.07458836672692147
2 0.11337634102100158 0.4942590601084586 0.0396079159755515 0.05368635068054207
2 0.08941996381594558 0.5670141203914876 0.0459700517612955 0.04261564116534042
2 0.4739661204067992 0.5393993380129398 0.03989907030490182 0.059241906236097625
2 0.5099287014409974 0.5500220528187445 0.05411846072654719 0.052382305143062996
2 0.642856751091316 0.7285189790037098 0.056778196894105785 0.0898863453026539
2 0.45816206442354956 0.7677099538515244 0.044575257047931256 0.06898836941586556
2 0.495149591434949 0.7713963045320664 0.04585496306331389 0.06691311640171402
2 0.9434282823246696 0.46298806018729505 0.045672991607470216 0.0634408941794918
2 0.8983592291058806 0.4773047429876262 0.04293456103309868 0.0509287737007191
2 0.9621782823246696 0.9601882295907729 0.07564343535066075 0.07962354081845432
2 0.8055337760670015 0.9182967030026058 0.0615999608018105 0.10241058626019961
2 0.972777179003081 0.8193996665709327 0.05444564199383801 0.11506411232465534
2 0.8258409060741497 0.6566891152670064 0.08301560279384432 0.11364290215903894
2 0.541340002511178 0.6460089122165336 0.0419430564348286 0.07174998655527957
2 0.5088378320502511 0.6881680153480976 0.04183682647356003 0.056476248937092854
2 0.38571756419776004 0.6173342190095669 0.04114238202911559 0.0564722087775018
2 0.3179708804449807 0.5433514132160892 0.04764418915505928 0.07456008560978486
2 0.38356048293777223 0.4569539137792186 0.039316761646201334 0.04813079512498651
2 0.3908078933605174 0.4097882537912696 0.04154567214420979 0.050920693381537145
2 0.41757253681004475 0.36412460716075584 0.03409170762340226 0.04115806956340546
2 0.4738441665400253 0.431098325956334 0.025170159806893366 0.056379285106910024