1 0.9737806094979666 0.5177264123057114 0.052438781004066626 0.0679120241047899
2 0.5518527141136423 0.2626507131175292 0.046505483944672694 0.07212653458837848
2 0.3502745375205609 0.28589184868517376 0.045548357995297155 0.06307855054099068
2 0.31030845365185267 0.46498303398760676 0.04961399331391342 0.059727565936428875
2 0.3894697766043127 0.4147224400461707 0.05569491187933109 0.07794477164886504
2 0.41939359408774907 0.34434850719966253 0.05011915005416544 0.07708867704754
2 0.44617917709113786 0.38110087522408964 0.04603330846593915 0.07974521720765734
2 0.866865972433932 0.7698938268681966 0.08787440028139473 0.1107984982257632
2 0.8277494708651256 0.7154294098715853 0.07676328917028362 0.11047519791200165
2 0.8466227960462811 0.6474621106721719 0.07598058836969698 0.13126811870611496
2 0.7720013714546661 0.6148817530286182 0.12977402334218577 0.21540227154614985
2 0.48240968786735255 0.9096613538024538 0.10309690296454903 0.15703595695129813
2 0.1789446473118939 0.44100403489652407 0.06599034092833725 0.07408119902634967
2 0.058330576404497944 0.7864694802498858 0.06947533814246785 0.09846757966034544
2 0.2969193777890092 0.43479119128503263 0.04918966165210179 0.045144232603095545
2 0.4887593010172482 0.2679617058742687 0.051576089029586256 0.0556215180785925
2 0.4588854149142288 0.24450481364233656 0.03865175736777455 0.04067447189227767
2 0.43732674343842753 0.14852260514403096 0.04465185085475191 0.0561138998269361
2 0.4722052721033238 0.10511076801319565 0.04835377332038667 0.04026291522237434
2 0.5270717269286416 0.15147155191988615 0.03443724688418604 0.06275525022722933
2 0.19155402891392448 0.15775895791933278 0.039548264508319796 0.04763912260633221