0 0.529160060556639 0.9048347733109194 0.054564666890756855 0.06935924202208273
0 0.5780625333841815 0.8967000164067339 0.057847406936449235 0.09655594936220256
0 0.49305814384487784 0.7496617117638743 0.03703343301031165 0.11488085414251133
0 0.8258668319669358 0.6707087388221988 0.05621571661720092 0.09297035313319416
0 0.937554936934656 0.38678047848202407 0.06141674973081498 0.09822827326805705
0 0.8113215703756632 0.43437076508600064 0.06666634313050142 0.1041806378473644
0 0.85861582418658 0.18262766838454061 0.04915479219341705 0.07098907932827118
0 0.6779869428976687 0.05029992765098383 0.038738125526750385 0.07013877427737432
0 0.46099116630867515 0.40842002570538416 0.07564080165444978 0.07453207434609889
0 0.1533852666579242 0.12695633198039297 0.06270851804756035 0.09695275838595442
3 0.653383095979489 0.9057422238112677 0.06184903333770456 0.07478722316712537