0 0.385152425680081 0.7719081505415121 0.05069953643523964 0.0810087106550308
0 0.6175711886660906 0.9130858515722834 0.05560913383781793 0.08389963204981478
0 0.6209295851332335 0.5482762310049378 0.04807933910473044 0.08997183493737661
0 0.6819597204168298 0.22380788044790068 0.05949348953751199 0.1075915600302161
0 0.6866217943712768 0.1326901878609562 0.05424448809466279 0.08525619419098768
0 0.6384662110383096 0.08031707506107971 0.04970205266912476 0.06363143617006178
0 0.5628773459586307 0.12792837951879582 0.04647226190423876 0.07743950818966054
0 0.30854692567934866 0.8806790562319133 0.05788641233702047 0.09505923328250011
0 0.17314747257634397 0.9644187964375 0.057365184703747234 0.065198122171389
0 0.22476509414994308 0.856924216650432 0.05211266846986212 0.08242992629163584
0 0.22805391557940372 0.7269337985484567 0.04993236255359427 0.07682588061450638
0 0.20706687698135476 0.4002060594399999 0.04217225793603718 0.06970363905762346
0 0.3152809321772964 0.23164769740049354 0.04301216125488341 0.07805313576481486
2 0.41781979328877367 0.17576713247342557 0.03490053102418863 0.05079200531904324
3 0.3775792366463213 0.8554516077349997 0.05593641630522212 0.10264963204981478
3 0.5504794105323604 0.213668313662623 0.04186921861436667 0.05234252794651234