2 0.826968358406158 0.2770223432862587 0.036790693000151954 0.04969879681188824
1 0.4994369813797532 0.8435103398565716 0.12372282988757491 0.10775504533206307
2 0.5688249821423574 0.9713617669038705 0.09306624298396887 0.05727646619225892
2 0.387977019971064 0.8955600368794366 0.06956893821281654 0.1282243382879399
2 0.5185400068043212 0.9283490420581333 0.09663206527653977 0.12942374500029877
2 0.8765446961096868 0.9791737815996227 0.11265213131568366 0.04165243680075466
2 0.9373740880334732 0.8351658709068968 0.08429371543342054 0.13410521540656045
2 0.8433435374333653 0.45561104548782033 0.04941193061781254 0.05473954862784877
2 0.8449695578433685 0.4953886199654412 0.040101265065493726 0.044386042686692107
2 0.8344997036455732 0.5204032204048793 0.03903567649036606 0.05540003322565939
2 0.6610716175481693 0.31065244437611145 0.04302048673054218 0.04944139494209073
2 0.7009984574648741 0.30161482512665316 0.03758616879264704 0.05321957932018238
2 0.6738479930212873 0.5411787990527909 0.060576229260052294 0.0811623973633715
2 0.700334657107515 0.659239113576104 0.05202062696100806 0.07294078504161992
2 0.7301541870921894 0.8540767992768811 0.086634386557478 0.09545912794803099
2 0.6352259607643196 0.6727785625269744 0.06842995583695029 0.11289800022409034
2 0.5549916179590303 0.5843609995955316 0.05177072044798542 0.08817000253332594
2 0.5108045113053101 0.6202391507479639 0.05256619624048019 0.09169078504161993
2 0.5677501243369713 0.4328603896950609 0.05191216433525593 0.09303111364443706
2 0.3111034302224712 0.4524902044206082 0.04560897680412745 0.06694818691141759
2 0.2739820056308561 0.48468729176709263 0.047591278789410295 0.06362164554741095
2 0.1590807156979682 0.4397721684375327 0.04407864402796796 0.06198995522816265
2 0.03343085891973399 0.5729407850416199 0.05328827823223646 0.0688712389470971
2 0.06727143655681438 0.6295840262979526 0.06071767314732285 0.0860235084744826
2 0.09676791583866556 0.3811379554522528 0.0479145791031716 0.07473275665852207