0 0.96875 0.2847222222222222 0.03263888888888889 0.049305555555555554
0 0.9118055555555555 0.275 0.03194444444444444 0.03263888888888889
0 0.8048611111111111 0.3 0.02847222222222222 0.034027777777777775
0 0.7430555555555556 0.36666666666666664 0.02638888888888889 0.04722222222222222
0 0.6902777777777778 0.3861111111111111 0.022916666666666665 0.03958333333333333
0 0.6479166666666667 0.4263888888888889 0.029861111111111113 0.04583333333333333
0 0.5631944444444444 0.5256944444444445 0.018055555555555554 0.04236111111111111
0 0.5375 0.5951388888888889 0.022222222222222223 0.04375
0 0.6388888888888888 0.6680555555555555 0.03263888888888889 0.04513888888888889
0 0.9736111111111111 0.75625 0.052083333333333336 0.09791666666666667
0 0.7145833333333333 0.7180555555555556 0.05 0.07152777777777777
0 0.6743055555555556 0.70625 0.034722222222222224 0.06736111111111111
0 0.5861111111111111 0.775 0.03333333333333333 0.06458333333333334
0 0.525 0.9506944444444444 0.030555555555555555 0.058333333333333334
0 0.48125 0.9458333333333333 0.034027777777777775 0.06041666666666667
0 0.44583333333333336 0.8951388888888889 0.03333333333333333 0.06736111111111111