2 0.010201875212194084 0.7419333412697366 0.02040375042438817 0.0969883975467168
2 0.3691501374213361 0.4495890833307703 0.04094846697078746 0.05834194011516429
2 0.16327992527761873 0.41335008730043654 0.04152978311761587 0.04863183946580894
2 0.1828703069170526 0.34145514754561845 0.03453685511705026 0.044343957070474005
2 0.020380894184537087 0.5858409217170053 0.040761788369074174 0.06121669047587659
2 0.3650456828630349 0.742632517313459 0.05443381275195899 0.08357224999963396
2 0.49120072109063057 0.7052431886690198 0.04873280652804005 0.07097527741669928
2 0.5398284799137413 0.644968466085719 0.036806042082181356 0.06035254401129685
2 0.5357431057005692 0.5782169484089847 0.04241816178654511 0.06531062770534232
2 0.5742926096966099 0.6080624231561932 0.03278482608387839 0.07277981457409592
2 0.5533471211189122 0.4979523106022327 0.04448533393450463 0.0639581035350539
2 0.43269915489075084 0.5396052784962733 0.044444930971070246 0.06048588131283168
2 0.3317936419831961 0.6753718935763183 0.04098078934153493 0.061119717892942065
2 0.24510218777850842 0.5446657871555658 0.043807050675433994 0.06533487085107607
2 0.4421280431431165 0.863446699491854 0.04254745126953499 0.07642173881645375
2 0.6619613290897822 0.7144750955942569 0.04675452089963588 0.0799666904758766
2 0.8002346333545917 0.9488802193306652 0.05394946371737319 0.10161568398232249
2 0.8468209213876811 0.7058938784212749 0.08926964979842308 0.15361065151455242
2 0.9454011697079224 0.5311898881608736 0.038873214230141194 0.05900001984100843
2 0.9664274642124886 0.6343555562703896 0.05308532682650448 0.08702022907612243
2 0.8316021403918408 0.4020943737316486 0.03674947793337348 0.05549143290018558
2 0.4483905024754363 0.3252522550474095 0.03736311645094917 0.048559110028608014
2 0.5305283946177396 0.3697502777741164 0.029094427859110775 0.053969206709761706
2 0.4381187999505073 0.3723047752494963 0.0450747306740199 0.054942447330143
2 0.47806624648137547 0.28201136110781583 0.029691905191312803 0.045647994949295244