2 0.2584331373053346 0.2923070046037041 0.059797204981086025 0.07588164458514181
2 0.22406100766429396 0.4513698512064954 0.059565176764564694 0.04538670783841654
2 0.21147648465782076 0.43160210644828967 0.05283121973374342 0.04796242292009351
2 0.19985987571299016 0.40631921867374854 0.04541317860864685 0.04151036022399271
2 0.07509190392951151 0.4331770268906594 0.08277685385132767 0.06823532441855112
2 0.31060263385026077 0.4046911107002502 0.06571075316031295 0.08991197736130137
2 0.34161978553117955 0.3293731541006957 0.05274751682983 0.07429069300015212
2 0.6824278823558143 0.5748801805804942 0.14374292006007008 0.1961194772585862
2 0.7783059375000637 0.7245675676951463 0.08944864878113397 0.1197050383858804
2 0.7594275127852341 0.6034513465872718 0.08874384398652005 0.12869240362443815
2 0.7473517680227199 0.7915723972309776 0.08753354135818717 0.11272018140221576
2 0.8207030502770413 0.9616435707160047 0.09486705947681047 0.07671285856799051
2 0.9756672588810958 0.5806220173004687 0.048665482237808214 0.12887426005092883
2 0.8954587205221227 0.2588740581204751 0.06305893978968508 0.07320489815541444
2 0.8830942251768821 0.1871442176465965 0.05142161014451606 0.06593715339720868
2 0.9350221532576775 0.323773260489868 0.07848422277751108 0.08474034092833717
1 0.9061952188220233 0.49200532875770764 0.12549595758611012 0.083336589484045