2 0.4618055555555556 0.29444444444444445 0.03125 0.059722222222222225
2 0.34444444444444444 0.6055555555555555 0.05347222222222222 0.07708333333333334
2 0.6895833333333333 0.5986111111111111 0.06111111111111111 0.09166666666666666
2 0.9229166666666667 0.3111111111111111 0.08541666666666667 0.10694444444444444
2 0.7298611111111111 0.06458333333333334 0.059722222222222225 0.07847222222222222
2 0.5277777777777778 0.68125 0.05277777777777778 0.08125
2 0.5819444444444445 0.9493055555555555 0.0798611111111111 0.10069444444444445
2 0.7041666666666667 0.5145833333333333 0.06319444444444444 0.08611111111111111
2 0.5680555555555555 0.42430555555555555 0.05347222222222222 0.07569444444444444
2 0.2652777777777778 0.3541666666666667 0.034027777777777775 0.06180555555555556
2 0.33125 0.2 0.03888888888888889 0.050694444444444445
2 0.8368055555555556 0.11597222222222223 0.0625 0.06736111111111111