2 0.7846901599369823 0.2320441533059105 0.08397784639736111 0.09943155347041023
2 0.13592274238319715 0.23513546995808116 0.05447510442502453 0.0620239150747964
2 0.3850369226710652 0.12900767951367406 0.07101310219632906 0.08258524609889414
2 0.2805490432541323 0.21878493045512964 0.07788949655424157 0.10455006645131885
2 0.020034538987392332 0.5202798107793469 0.040069077974784664 0.10294757701094663
2 0.605418037184337 0.5578303122824105 0.12945815430612603 0.18577562454020027
2 0.5953748518227866 0.18845378753123368 0.09256642995792358 0.13260460550608982
2 0.8621680998213205 0.11782042491844133 0.11217252455924849 0.1395198490716581
2 0.9155903906631256 0.03715296306454084 0.12094505210979713 0.07430592612908168
2 0.329650448550092 0.1508994976689083 0.02966439212921696 0.04296319395116939
2 0.8998467000970994 0.22814981248464475 0.05878321497896195 0.06717638790233878
2 0.8465084904844461 0.20346529257602933 0.05262147133510382 0.04595457228043042
2 0.7276628028506025 0.16742177762202048 0.0723413722763875 0.08059903333770456