2 0.17690466323697976 0.3104166666666667 0.032420205833482756 0.04652777777777778
2 0.5928426020764029 0.22152777777777777 0.03833028383097946 0.041666666666666664
2 0.6400308644519913 0.23194444444444445 0.04012225544788161 0.0375
2 0.5175512403599716 0.22569444444444445 0.05684224136837786 0.06805555555555555
2 0.5526232260563775 0.2604166666666667 0.06798731232612264 0.07847222222222222
2 0.25147681506168273 0.15763888888888888 0.0553222720607113 0.05625
2 0.13093073154935367 0.3819444444444444 0.06559801683691996 0.08402777777777778
2 0.22602073661600536 0.2833333333333333 0.06422372838746923 0.07430555555555556
2 0.41127712198501837 0.27569444444444446 0.07168773553926637 0.09166666666666666
2 0.6136029332125458 0.17291666666666666 0.08191016106164536 0.08888888888888889
2 0.6471254251862438 0.10069444444444445 0.07607784422909655 0.075
2 0.7095153218554883 0.5888888888888889 0.17889401728510057 0.21458333333333332
2 0.42832340007707537 0.5284722222222222 0.10767728416711514 0.13958333333333334
2 0.8725685208733094 0.4618055555555556 0.06601570000437139 0.07013888888888889