2 0.3692800205651936 0.24097222222222223 0.06557890122636505 0.08055555555555556
2 0.10057558708830569 0.29444444444444445 0.0689527931996229 0.10069444444444445
2 0.19500031462204126 0.19722222222222222 0.06325546987408244 0.06597222222222222
2 0.35805005209794366 0.5354166666666667 0.09666741654567122 0.14305555555555555
2 0.5818951285263098 0.6618055555555555 0.16376871272712412 0.22569444444444445
2 0.5654320652557315 0.14930555555555555 0.08154179724375565 0.10208333333333333
2 0.6107830735490749 0.07013888888888889 0.08269058811369534 0.0875
2 0.7456307944382906 0.5666666666666667 0.05893770923259909 0.05277777777777778
2 0.47013382068824033 0.1951388888888889 0.05987225169599305 0.06736111111111111
2 0.49896312358803924 0.24375 0.07110754266847152 0.09097222222222222
2 0.5440926862720965 0.2222222222222222 0.03822029405684759 0.04375
2 0.5801417074525239 0.23402777777777778 0.04447029405684759 0.04375