2 0.7680555555555556 0.5201388888888889 0.052083333333333336 0.07708333333333334
2 0.7979166666666667 0.8097222222222222 0.08472222222222223 0.1284722222222222
2 0.5409722222222222 0.8743055555555556 0.07361111111111111 0.12986111111111112
2 0.4375 0.9263888888888889 0.0875 0.14652777777777778
2 0.38333333333333336 0.8951388888888889 0.041666666666666664 0.11180555555555556
2 0.35694444444444445 0.7506944444444444 0.058333333333333334 0.09097222222222222
2 0.4395833333333333 0.6 0.05138888888888889 0.10416666666666667
2 0.4930555555555556 0.43194444444444446 0.043055555555555555 0.07013888888888889
2 0.4722222222222222 0.33194444444444443 0.04027777777777778 0.052083333333333336
2 0.4756944444444444 0.37430555555555556 0.04375 0.05138888888888889
2 0.40208333333333335 0.42777777777777776 0.04375 0.06875
2 0.3388888888888889 0.5097222222222222 0.07083333333333333 0.08611111111111111
2 0.2965277777777778 0.5986111111111111 0.05555555555555555 0.1076388888888889