2 0.5702896020064181 0.5573918875361733 0.047321166006777715 0.07605061930077157
2 0.8977164419231226 0.5531992810677476 0.07355374845299265 0.11899361187077173
2 0.6678383806931133 0.4290183874514512 0.05055091299367878 0.06779810283672845
2 0.7066464445035617 0.4327013141652784 0.04223778592995554 0.06829858679487665
2 0.7080576272255558 0.5036154643679018 0.059187340371163404 0.07840872998969135
2 0.4686710128741166 0.5390436493568214 0.047199928389117136 0.07188395263410491
2 0.45187242116137616 0.6387203818796608 0.05383384751170865 0.08522386744327169
2 0.3935081941300194 0.7339550897487966 0.04452318195938984 0.07529152136089515
2 0.4763215081676973 0.7060012567529326 0.05256619624048019 0.0893582073622222
2 0.5237841180617454 0.627190764942593 0.0621267683058218 0.08402893904067904
2 0.9012927020331689 0.8840619407266056 0.11207149321119832 0.130993708544074
2 0.8418034362050709 0.7791350148571613 0.0916699228173785 0.12149719292441369
2 0.594820433067458 0.8845727817441056 0.05584913075851006 0.1067839719687653
2 0.5293203863239694 0.8906923134903401 0.07300817917352036 0.10024361187077173
2 0.31896550705334953 0.6926099486649385 0.05836422703135674 0.09782084768641981
2 0.35789898360844863 0.8352787445108028 0.05889702131892057 0.09228145550472201
2 0.7799725802766369 0.3725605861170994 0.048649436086836 0.07399961271515439