2 0.7165022874498287 0.23438456497287605 0.03433080463939512 0.04320599538152881
2 0.7533215412734541 0.2081026381278114 0.05258859410977708 0.04794078504162
2 0.6476632487073747 0.3932955392351491 0.04542821748243631 0.06749695049764613
2 0.7173914686538202 0.3214814822448629 0.06169041631945049 0.06171795291892705
2 0.9708032524818185 0.2806946303037436 0.05839349503636287 0.06851671650515574
2 0.7234503409220868 0.5811405437415751 0.07931410750921372 0.10306405699028622
2 0.5657560109396743 0.758815794907121 0.06938280223813015 0.11066898603254142
2 0.2966713304928593 0.5084847437678024 0.05070749469126999 0.051267326405626555
2 0.36018314808823526 0.4496562896382351 0.058541768360950326 0.06703070704412319
2 0.37453000183656765 0.5044348806166405 0.05698424320616545 0.07591280396368537
2 0.3958884953272052 0.5838249893064709 0.06604561863287364 0.0889955273965479
2 0.2864898473687051 0.5970530700613839 0.054004231513561346 0.07224634059717548