2 0.45389979303888106 0.8657120158991389 0.05305556733052804 0.08924603847458741
2 0.3722044918054007 0.682680722652925 0.034982369670443665 0.04838624787194716
2 0.6314285159179874 0.38994700303657953 0.03929453954332587 0.05269841774482952
2 0.8156613316454074 0.29820094689953364 0.04248457640538119 0.06460097543786208
2 0.39283499981151554 0.7076234005319222 0.03529762661724413 0.05741402564972494
2 0.40909601582374516 0.75838177552721 0.04162037822035198 0.05971561379238166
2 0.8266136343783292 0.8783596728529166 0.08164243379475616 0.1332473648705445
2 0.7013402700704267 0.850828825663679 0.07862215067328546 0.12620591828862315
2 0.7191930297361946 0.6573852615582152 0.056470467431747315 0.06786376390302516
2 0.662839419168877 0.622592500355309 0.05033289905132929 0.051003092961404504
2 0.7369465746420616 0.5263689458496436 0.0529254936064174 0.06565917789784553
2 0.6974051339476263 0.4868275051552082 0.04779762661724413 0.05785053526837171
2 0.6350197781896322 0.4460029987616254 0.03864859616762004 0.05406305609934918
2 0.5679871408850026 0.5183971873468564 0.030936955675623306 0.05171296688795369
2 0.5182582925704813 0.6116886398162641 0.04099868537901538 0.06177469659134576
2 0.9396383839570506 0.4423014586179606 0.0482341362358909 0.0703505352683717
2 0.8064924170314 0.6203504175186481 0.0452866047175282 0.06539242201978368
2 0.5194112551080872 0.8766026595785029 0.06754189852638413 0.08697752191856441