2 0.5465944033263842 0.3788522747682431 0.03435785830860046 0.046812427847704896
2 0.6354785332475156 0.3420977008609738 0.03311465027792716 0.04879051747422665
2 0.7234536475642233 0.5818691607024723 0.05448690572580877 0.08771130751618285
2 0.7937718536217963 0.6889387494515069 0.08377005237181517 0.11134395943019229
2 0.7690927397532691 0.5756183405999125 0.050917562931442714 0.08605930936026517
2 0.8402517181858328 0.4850550926496477 0.06362640451516831 0.0801146801305306
2 0.6046055563835836 0.8889739310148135 0.07617972376899805 0.11145956348717302
2 0.5158817077601061 0.9180369941797882 0.07197909725569755 0.1007797875534774
2 0.4763907360311589 0.8924063520414786 0.058590411666965436 0.09700219456098959
2 0.5177470051103639 0.7650064674851507 0.05795912794803099 0.08797441678321181
2 0.6478217167729582 0.7781880912717466 0.059430536969625636 0.09913814974772903