3 0.2590277777777778 0.7354166666666667 0.034722222222222224 0.05486111111111111
3 0.32222222222222224 0.7347222222222223 0.04027777777777778 0.05347222222222222
3 0.6756944444444445 0.7430555555555556 0.06388888888888888 0.11180555555555556
0 0.55 0.4791666666666667 0.029166666666666667 0.052083333333333336
0 0.45555555555555555 0.3055555555555556 0.027083333333333334 0.049305555555555554
0 0.49236111111111114 0.4486111111111111 0.029861111111111113 0.059027777777777776
0 0.4861111111111111 0.3736111111111111 0.03680555555555556 0.05625
0 0.5354166666666667 0.16111111111111112 0.03194444444444444 0.0625
0 0.5409722222222222 0.10347222222222222 0.03263888888888889 0.058333333333333334
0 0.4736111111111111 0.11458333333333333 0.02847222222222222 0.050694444444444445
0 0.55 0.7493055555555556 0.06180555555555556 0.12222222222222222
0 0.44027777777777777 0.9680555555555556 0.0625 0.06319444444444444
0 0.47638888888888886 0.8194444444444444 0.03958333333333333 0.07916666666666666