2 0.5263888888888889 0.25 0.04791666666666667 0.04791666666666667
2 0.019444444444444445 0.7486111111111111 0.035416666666666666 0.09513888888888888
2 0.0798611111111111 0.6756944444444445 0.05694444444444444 0.09652777777777778
2 0.04375 0.625 0.08125 0.11944444444444445
2 0.1284722222222222 0.5104166666666666 0.04791666666666667 0.07847222222222222
2 0.2125 0.38333333333333336 0.04236111111111111 0.050694444444444445
2 0.22916666666666666 0.475 0.04722222222222222 0.06597222222222222
2 0.1701388888888889 0.6465277777777778 0.052083333333333336 0.08263888888888889
2 0.35 0.5722222222222222 0.04861111111111111 0.07777777777777778
2 0.4979166666666667 0.4479166666666667 0.05277777777777778 0.07013888888888889
2 0.8659722222222223 0.5972222222222222 0.07222222222222222 0.06527777777777778
2 0.9729166666666667 0.6347222222222222 0.05347222222222222 0.125
2 0.9493055555555555 0.5180555555555556 0.0875 0.09375
2 0.8833333333333333 0.4701388888888889 0.07222222222222222 0.07083333333333333
2 0.9659722222222222 0.4166666666666667 0.06805555555555555 0.07916666666666666
2 0.7284722222222222 0.4395833333333333 0.058333333333333334 0.07708333333333334