2 0.5861111111111111 0.54375 0.04513888888888889 0.075
2 0.9131944444444444 0.5319444444444444 0.07013888888888889 0.11736111111111111
2 0.6798611111111111 0.4131944444444444 0.04861111111111111 0.06666666666666667
2 0.71875 0.41597222222222224 0.04027777777777778 0.06736111111111111
2 0.7222222222222222 0.48680555555555555 0.05694444444444444 0.07708333333333334
2 0.4840277777777778 0.5277777777777778 0.04513888888888889 0.07083333333333333
2 0.4701388888888889 0.6277777777777778 0.05138888888888889 0.08402777777777778
2 0.41458333333333336 0.7243055555555555 0.04236111111111111 0.07430555555555556
2 0.4965277777777778 0.6944444444444444 0.05 0.08819444444444445
2 0.5416666666666666 0.6145833333333334 0.059722222222222225 0.08263888888888889
2 0.9263888888888889 0.8625 0.10833333333333334 0.1284722222222222
2 0.8638888888888889 0.7590277777777777 0.08819444444444445 0.11944444444444445
2 0.6201388888888889 0.8701388888888889 0.05277777777777778 0.10555555555555556
2 0.5548611111111111 0.8777777777777778 0.07013888888888889 0.09861111111111111
2 0.3388888888888889 0.6847222222222222 0.05555555555555555 0.09652777777777778
2 0.3819444444444444 0.8263888888888888 0.05625 0.09097222222222222
2 0.7902777777777777 0.3541666666666667 0.04652777777777778 0.07291666666666667