2 0.5956023026658295 0.5232825489923367 0.04644801875850517 0.07657628473400248
2 0.9224795692604268 0.5000549917488554 0.07218743470338104 0.11981041508240746
2 0.6870734469668676 0.3894531712969298 0.04977478210632569 0.06836420407251562
2 0.7260108221472238 0.39087291915002853 0.04145357034585907 0.06876764210452867
2 0.7307194448018616 0.4615849998115155 0.058289939032661345 0.07907187715161336
2 0.4932401731565592 0.5108751553223971 0.0463752893213044 0.07240961806733581
2 0.4810967907604922 0.6113601660097825 0.05285559920577391 0.08582231732110365
2 0.42722613383342434 0.7098279865371018 0.04365811940786052 0.0757848381520808
2 0.5086493506445955 0.6771053123704169 0.051539439754085946 0.08994048291903185
2 0.5523942586538004 0.5956679165253033 0.06116468939337349 0.084724434844646
2 0.9414438823894765 0.8301497871513948 0.11057582431369484 0.13225530558382811
2 0.8771377680323208 0.7288601130224067 0.09027935497753706 0.12252426230934171
2 0.6353272196910115 0.8484831616971313 0.054620256853534166 0.1073985961676202
2 0.5701827792147688 0.8584016008167317 0.071860152235977 0.10106041508240714
2 0.35084075973557116 0.6728879614500188 0.05724045418404321 0.09846782052731934
2 0.3963691161559576 0.8130510949857909 0.05783792604555313 0.09293651550613302
2 0.7964597799398548 0.32656955855443826 0.04780054292879375 0.07454145246940777