2 0.4795871793821359 0.8854589202833659 0.05050906010845861 0.08779089149054786
2 0.3924754977080637 0.6988347089042052 0.03360806418551729 0.04741614988258742
2 0.6434334785363143 0.4162573484195753 0.037798971809729666 0.05160705750679963
2 0.8251804181660002 0.3318951634061443 0.04064543230055367 0.06342877370071902
2 0.4138537895809767 0.7246543982959689 0.033660586260199604 0.05644392766036503
2 0.4316103733268025 0.7761483313342222 0.0399227067389723 0.05856362243001709
2 0.8530488045883822 0.9133269705877366 0.07784288333643019 0.13100401327015004
2 0.7268457630406766 0.880647217097741 0.0750247039627431 0.12404340818734201
2 0.7390800385180695 0.6876563040956405 0.054550481827806155 0.06628735467031548
2 0.6816552780875004 0.6505154152940368 0.04889796244206792 0.04958836672692147
2 0.7530340329656108 0.5571775115723128 0.05106613912681092 0.06418382053902766
2 0.7123001801592541 0.5159669199342249 0.0461605862601996 0.05651665053300216
2 0.6486617811650035 0.4725396696963028 0.03711260768446702 0.05299190623609762
2 0.5836703917129852 0.5423028237432341 0.02946159831680543 0.05086413114726408
2 0.5366093128692032 0.6336987997173078 0.03924038277330087 0.06064291560375952
2 0.9534824906802053 0.4812577442011705 0.046233309132836416 0.06901665053300216
2 0.8253891174491366 0.6541295061071394 0.04342725023792203 0.06413937878352714
2 0.5454826385721303 0.8990371798889498 0.0650762328034282 0.08509795706417991