2 0.5173611111111112 0.41805555555555557 0.03125 0.044444444444444446
2 0.6083333333333333 0.38819444444444445 0.029861111111111113 0.04652777777777778
2 0.6791666666666667 0.6333333333333333 0.04861111111111111 0.08402777777777778
2 0.7416666666666667 0.7451388888888889 0.0763888888888889 0.10555555555555556
2 0.725 0.6305555555555555 0.04513888888888889 0.08263888888888889
2 0.8020833333333334 0.5458333333333333 0.058333333333333334 0.07569444444444444
2 0.5395833333333333 0.9298611111111111 0.06875 0.10625
2 0.44930555555555557 0.9520833333333333 0.06527777777777778 0.09583333333333334
2 0.41180555555555554 0.9236111111111112 0.052083333333333336 0.09305555555555556
2 0.4618055555555556 0.8 0.052083333333333336 0.08402777777777778
2 0.5902777777777778 0.8229166666666666 0.05277777777777778 0.09513888888888888