0 0.8868055555555555 0.31527777777777777 0.06319444444444444 0.06875
0 0.9243055555555556 0.3638888888888889 0.05277777777777778 0.06458333333333334
0 0.8326388888888889 0.26875 0.07152777777777777 0.0875
0 0.7756944444444445 0.18333333333333332 0.059722222222222225 0.1
0 0.675 0.8805555555555555 0.0798611111111111 0.09375
0 0.8590277777777777 0.9104166666666667 0.09375 0.1125
0 0.9416666666666667 0.9305555555555556 0.09583333333333334 0.11875
0 0.9583333333333334 0.7708333333333334 0.08333333333333333 0.125
0 0.9722222222222222 0.6354166666666666 0.05555555555555555 0.11527777777777778
0 0.9701388888888889 0.5277777777777778 0.03611111111111111 0.08125
0 0.9166666666666666 0.47291666666666665 0.075 0.10833333333333334
0 0.7694444444444445 0.5180555555555556 0.11944444444444445 0.13958333333333334
0 0.5631944444444444 0.7416666666666667 0.075 0.09583333333333334
0 0.5958333333333333 0.6527777777777778 0.06805555555555555 0.09375
0 0.7673611111111112 0.4013888888888889 0.09375 0.11041666666666666
0 0.5076388888888889 0.14444444444444443 0.07361111111111111 0.09375
0 0.4638888888888889 0.21805555555555556 0.04791666666666667 0.10625
0 0.5236111111111111 0.41458333333333336 0.06458333333333334 0.10416666666666667
0 0.45902777777777776 0.3854166666666667 0.05486111111111111 0.08333333333333333
0 0.35 0.6395833333333333 0.05486111111111111 0.07083333333333333
0 0.36944444444444446 0.7277777777777777 0.0798611111111111 0.10208333333333333
0 0.9590277777777778 0.09583333333333334 0.07152777777777777 0.07916666666666666
0 0.8666666666666667 0.1111111111111111 0.06458333333333334 0.07708333333333334
0 0.8993055555555556 0.1638888888888889 0.06458333333333334 0.08125