0 0.775 0.8888888888888888 0.10625 0.14583333333333334
0 0.7847222222222222 0.5284722222222222 0.058333333333333334 0.10277777777777777
0 0.6576388888888889 0.8638888888888889 0.1076388888888889 0.16527777777777777
0 0.7263888888888889 0.7722222222222223 0.08402777777777778 0.06944444444444445
0 0.5444444444444444 0.7923611111111111 0.10972222222222222 0.10555555555555556
0 0.6013888888888889 0.6444444444444445 0.09236111111111112 0.1736111111111111
0 0.5930555555555556 0.4125 0.06944444444444445 0.1125
0 0.6423611111111112 0.5131944444444444 0.07361111111111111 0.12361111111111112
0 0.41875 0.7534722222222222 0.15069444444444444 0.1111111111111111
0 0.3090277777777778 0.6104166666666667 0.08958333333333333 0.17916666666666667
0 0.30486111111111114 0.3784722222222222 0.04722222222222222 0.0763888888888889
0 0.425 0.2423611111111111 0.08263888888888889 0.09583333333333334
0 0.3125 0.12916666666666668 0.07361111111111111 0.10277777777777777
0 0.09930555555555555 0.32083333333333336 0.07361111111111111 0.10416666666666667
0 0.05555555555555555 0.22847222222222222 0.0625 0.09583333333333334
0 0.08541666666666667 0.16319444444444445 0.08263888888888889 0.1076388888888889
0 0.16111111111111112 0.04861111111111111 0.06111111111111111 0.05555555555555555
0 0.23680555555555555 0.10972222222222222 0.04375 0.0798611111111111
0 0.2604166666666667 0.18680555555555556 0.06388888888888888 0.10277777777777777