0 0.07368268618731855 0.21021762951000242 0.10809204108149023 0.1093722738088438
0 0.13854991298367575 0.3415352669564082 0.09542198007131084 0.10707075216390775
0 0.12202639646942398 0.7648312171729821 0.1165954354250029 0.11160106601657907
0 0.1035743757246602 0.8719453636375618 0.07820264377443983 0.09151417821019298
0 0.46981525950254827 0.6838674033225077 0.1332479016879426 0.1202131955258491
0 0.5938942962675605 0.7524340025297461 0.12210850438089235 0.10268238239460269
0 0.6686105174160512 0.6526592204234205 0.11954315960144551 0.14771217712769003
0 0.759994092900296 0.7564692694861542 0.12967639125114658 0.14442177849847
0 0.7172646881844014 0.8126915115493849 0.14163780741315452 0.155032390331006
0 0.8772708038696474 0.9423484935130365 0.09535120727570516 0.08071822799361933
0 0.6922069696773772 0.5080087092402402 0.10452053064469406 0.13358085678146475
0 0.030914860724505017 0.9075610674608927 0.061829721449010035 0.09335156529515416
3 0.48948553506844883 0.40891588961397496 0.11758740067862543 0.14074348953751198