0 0.8736593919305172 0.5791181902473398 0.08853476405823117 0.11586727668761448
0 0.8617043469537319 0.7275595227019325 0.08923806723938822 0.07639712912529338
0 0.3563425745029709 0.7563784537042706 0.09650415447987655 0.10926238955620672
0 0.44656328760391634 0.6681922494962306 0.09014201869413259 0.12009053623978742
0 0.5207015613855295 0.24948114936937701 0.07410881953852343 0.06538623716081243
0 0.39005158751765584 0.31235845590112205 0.105716856625736 0.09993631753252746
0 0.15758684557150163 0.5916961137638579 0.08293395547479376 0.15444490470621966
0 0.23891059349815616 0.43425057358626273 0.0766564199203379 0.1139973482719234
0 0.2922923096646149 0.3584818432439525 0.08948692145309455 0.10759053623978726
0 0.018921433866576246 0.5290794141444187 0.03784286773315249 0.11707342029560297
0 0.04551933137378469 0.3424566038697636 0.09103866274756937 0.09113491129677413