0 0.5138888888888888 0.1361111111111111 0.1111111111111111 0.18263888888888888
0 0.40069444444444446 0.21597222222222223 0.10138888888888889 0.1361111111111111
0 0.47291666666666665 0.31875 0.15138888888888888 0.17291666666666666
0 0.6173611111111111 0.24166666666666667 0.13194444444444445 0.19722222222222222
0 0.6506944444444445 0.3590277777777778 0.15416666666666667 0.23958333333333334
0 0.20069444444444445 0.2604166666666667 0.12083333333333333 0.12569444444444444
0 0.10277777777777777 0.4173611111111111 0.14166666666666666 0.19236111111111112
0 0.020833333333333332 0.6965277777777777 0.041666666666666664 0.20277777777777778
0 0.13333333333333333 0.6347222222222222 0.14166666666666666 0.2763888888888889
0 0.10555555555555556 0.8618055555555556 0.2111111111111111 0.2763888888888889
1 0.1840277777777778 0.3590277777777778 0.13194444444444445 0.10138888888888889
2 0.29583333333333334 0.14097222222222222 0.07222222222222222 0.10833333333333334
1 0.3701388888888889 0.07777777777777778 0.0763888888888889 0.11597222222222223
1 0.2298611111111111 0.6138888888888889 0.0763888888888889 0.175
2 0.5402777777777777 0.50625 0.16111111111111112 0.19236111111111112
0 0.8722222222222222 0.18055555555555555 0.18333333333333332 0.2569444444444444
1 0.7923611111111111 0.0875 0.15138888888888888 0.175
1 0.9381944444444444 0.26319444444444445 0.12361111111111112 0.3284722222222222
1 0.9013888888888889 0.8284722222222223 0.19166666666666668 0.33819444444444446
0 0.8840277777777777 0.5923611111111111 0.23194444444444445 0.3013888888888889
0 0.7055555555555556 0.8291666666666667 0.28888888888888886 0.3416666666666667