0 0.08181626088347413 0.7013623126787502 0.16363252176694826 0.30698179807993015
0 0.17909869833886885 0.6302142017181653 0.16482849955293105 0.2176561776970159
0 0.19376596751568637 0.8163214005727217 0.22403109191583706 0.3673571988545566
1 0.02054293029202994 0.7863575108045597 0.04108586058405988 0.4272849783908804
0 0.2126689361880141 0.4542954857022328 0.08771105490340873 0.13748228252657416
1 0.2757381362700453 0.4269426277695298 0.06930880937615384 0.10952548620519009
0 0.22452512646733033 0.3127743962002413 0.09684542463393665 0.15041901402059946
1 0.301278293236536 0.27847414091085615 0.07822999520118148 0.09753500628155301
0 0.30902270957712924 0.21198944570003342 0.08208514771338365 0.09289226091745459
0 0.2263382541651282 0.1540043313728826 0.08197749125958767 0.1344133504194461
0 0.37854095346376077 0.7872461993061355 0.26858106381198593 0.4255076013877291
0 0.453439175407079 0.15475775918279336 0.06888963876789345 0.1461854645960705
0 0.49537391870718955 0.20712338810876393 0.11965549934785319 0.1391564199203379
0 0.541650143259095 0.09388369063643777 0.1222552690373656 0.13652421930723524
2 0.5155149365981699 0.31687609879767964 0.14510984577334843 0.12595606965141823
0 0.6151029631926496 0.1980690341208473 0.1310501459989341 0.20896480727647015
0 0.5424866097781046 0.5266258565743577 0.22750437863910505 0.3316788321016293
0 0.5953845637176471 0.7558505472621737 0.27736874357081454 0.4401852781540937
0 0.7682212982404325 0.32036500426972403 0.22465837822894913 0.1792649972355394
1 0.7527812255854952 0.6682728870789645 0.28636534923096013 0.663454225842071
2 0.8317221886386928 0.5146097597848988 0.12896574816455517 0.26284031961378657
0 0.8336107361716089 0.11545568721849357 0.16888963876789345 0.15142624252437464
1 0.9036968613346457 0.15257402683337987 0.15093961066404202 0.21692829187364038
2 0.9534567633156965 0.16981414342203405 0.09219643292728014 0.22907616061090322
0 0.9323358907427904 0.48852774913086533 0.10244122420737559 0.36734339363768526