0 0.1261170405267573 0.5481770225427469 0.08432462034693704 0.09769212132700633
0 0.07536748111055623 0.6947521291791976 0.09160963698133145 0.12005981391395074
0 0.3951105799072328 0.5745549737408336 0.13043192261699216 0.08974728959771627
0 0.61189130594457 0.3437454492551548 0.05346275158483486 0.10529810283672844
0 0.6108848041528431 0.26256010275058694 0.04656586618833845 0.0912637435831173
0 0.6209191866528534 0.5971530179819449 0.10609785221876898 0.14814469579503095
0 0.6791442047562521 0.923849591605587 0.13834860986975994 0.14057104103302467
0 0.8799528115018728 0.938807538541528 0.1423212109174775 0.12238492291694393
0 0.9688909682912766 0.9458582061789511 0.06221806341744664 0.10828358764209788
0 0.8349754381010964 0.4418924675759884 0.09492205256800806 0.14649719292441368
0 0.8207801330751554 0.19668892519166736 0.06070403859843875 0.2011960896654939