0 0.8133353888340142 0.4192279981765596 0.14790958672673657 0.2024645069650224
1 0.884929429225606 0.24864823386264578 0.14439510300127772 0.1925317973291771
1 0.9188296023911143 0.3266476795067757 0.13429334735248613 0.15033891212845252
1 0.39276732409228077 0.8350362586034517 0.12314407525093761 0.32992748279309675
1 0.48429848610418813 0.7889090904697759 0.18622127543328146 0.28891288999946657
1 0.47865676733703977 0.8763561130991759 0.20325629507378867 0.24728777380164818
1 0.6160092621269916 0.9066920510447788 0.1738567800880408 0.18661589791044234
1 0.7497532099374019 0.8935564337570244 0.2282451146210595 0.2128871324859511
1 0.80177520127228 0.8206487882185158 0.2691862557927743 0.2903664012970501
1 0.9084805375602731 0.6659998047261475 0.10557955666613326 0.1723291061341535
1 0.880578435580465 0.5549301350157132 0.1778017788883555 0.1778017788883555
1 0.6260504958798877 0.7339978178129384 0.20126620489197805 0.21410265671275144
1 0.5704335983258768 0.6292092291530117 0.13563125459308892 0.24089015952342835
1 0.5664152569718182 0.5716333224676977 0.15082450936439343 0.2227086395607229
1 0.6582820507019389 0.5667212297083005 0.10740060083499732 0.21458497353845302
1 0.7198986596467694 0.5462467091011983 0.11295615639055288 0.21500594836569936
1 0.7932578419435805 0.5182808048152553 0.10915620249260706 0.12841088022376695
1 0.5617360125315021 0.40295666502144195 0.14196331729188263 0.12399228474280019