0 0.3 0.7291666666666666 0.3111111111111111 0.5416666666666666
0 0.6090277777777777 0.68125 0.4041666666666667 0.6368055555555555
1 0.9409722222222222 0.5527777777777778 0.11805555555555555 0.22708333333333333
1 0.7625 0.21736111111111112 0.14444444444444443 0.3506944444444444
0 0.9534722222222223 0.2520833333333333 0.09305555555555556 0.3701388888888889
0 0.88125 0.16666666666666666 0.23472222222222222 0.3333333333333333
1 0.8104166666666667 0.6513888888888889 0.37916666666666665 0.6972222222222222
2 0.5284722222222222 0.37430555555555556 0.20416666666666666 0.2
2 0.5243055555555556 0.18125 0.18194444444444444 0.225
1 0.5840277777777778 0.10486111111111111 0.17916666666666667 0.20972222222222223
2 0.16319444444444445 0.08402777777777778 0.12638888888888888 0.13819444444444445
1 0.06111111111111111 0.11597222222222223 0.12222222222222222 0.23194444444444445
0 0.4756944444444444 0.05694444444444444 0.1375 0.11388888888888889