0 0.9020833333333333 0.5423611111111111 0.08263888888888889 0.1125
0 0.8979166666666667 0.6909722222222222 0.08541666666666667 0.07291666666666667
0 0.3951388888888889 0.7402777777777778 0.09097222222222222 0.10555555555555556
0 0.48055555555555557 0.6486111111111111 0.08402777777777778 0.11666666666666667
0 0.5326388888888889 0.22777777777777777 0.07083333333333333 0.0625
0 0.40555555555555556 0.29583333333333334 0.10069444444444445 0.09583333333333334
0 0.18819444444444444 0.5840277777777778 0.075 0.15138888888888888
0 0.2611111111111111 0.4236111111111111 0.07083333333333333 0.1111111111111111
0 0.3104166666666667 0.3458333333333333 0.08402777777777778 0.10416666666666667
0 0.03194444444444444 0.5277777777777778 0.06111111111111111 0.11458333333333333
0 0.05347222222222222 0.3402777777777778 0.10625 0.08680555555555555