0 0.17899992240651746 0.40194742283753426 0.15272367127037081 0.23850248001979696
0 0.09709705908850977 0.5932903792701005 0.1696435006007717 0.34283075854020095
3 0.5797422106678838 0.38439578318831963 0.33510847851924697 0.3989044450809677
2 0.5098009597371674 0.0802124688096534 0.11958171320472483 0.14925804505268614
2 0.4368842930705008 0.07936400657753265 0.07801073417190214 0.10434492623240356
2 0.7008667820297384 0.10950988453918756 0.14062245294836578 0.20434541275902945
2 0.838139169349821 0.05557044752100487 0.14850056092186417 0.09336359113090818
2 0.4078144826248945 0.22550391590634095 0.16928396287478037 0.18732368654076662
2 0.29594204557002357 0.436630215149574 0.1534659595317371 0.21629641898294855
2 0.8677164737101124 0.30860680426476234 0.23605700460370416 0.23947215114222078
2 0.6715078211191058 0.46043817964492517 0.156546831353666 0.2267454080203627
2 0.6145805764044979 0.7901342732159178 0.290144014779147 0.4197314535681645
0 0.3953370260689377 0.6078680646438764 0.24375976845213485 0.3610484124761197
1 0.22878533432944642 0.8240435444515147 0.2115930550419796 0.35191291109697054
1 0.8461408521154128 0.8247524207864626 0.30771829576917437 0.35049515842707485