0 0.03664050586198809 0.11908674276279275 0.07328101172397618 0.18613207002997004
0 0.11605376380939698 0.06829526550887384 0.09011469460342825 0.13659053101774768
0 0.1518954457078211 0.09126896186087573 0.08999335425453243 0.14201106828377386
2 0.24392058032962868 0.21164373127592565 0.1529382688671504 0.1525609414568971
2 0.15315253608596555 0.4264097448772421 0.18024308747492626 0.2646423806627529
2 0.05345394289447231 0.5552606276999749 0.10690788578894463 0.26308985571116134
2 0.18623143451717017 0.6194786004973422 0.18904743591452872 0.36824397996427427
0 0.2768102950928326 0.36039751953088056 0.17092533308235677 0.27113400532964976
0 0.33270377120142436 0.4471345571196293 0.17913732606679428 0.2694388032342144
1 0.32102214807974155 0.7309359250086332 0.3195077516148397 0.467815948532743
0 0.06368304594624885 0.8453918989067517 0.1273660918924977 0.3092162021864965
2 0.5063866137591059 0.9134491633148745 0.22092662912484526 0.13079536843937944
2 0.4761494482973185 0.3386470583609805 0.22699364656963514 0.23496203510604627
2 0.681709260901932 0.06456751121368338 0.14293291916417117 0.12913502242736677
0 0.8094061451137792 0.07187580296103067 0.17840993199466387 0.14375160592206135
2 0.9271586738077174 0.08632572392689597 0.13787642327226876 0.13177516717151164
2 0.8759260189591433 0.21683563514808218 0.22979817286230855 0.25933227920125146