1 0.3856423702801358 0.15902777777777777 0.04325941325622422 0.04652777777777778
0 0.6523007752430167 0.19166666666666668 0.03257573445715944 0.04236111111111111
0 0.6096539995898441 0.1527777777777778 0.030492401123826104 0.04236111111111111
0 0.9148908437881951 0.24444444444444444 0.041176079922890886 0.04652777777777778
0 0.9393227082072096 0.32916666666666666 0.04750575776219219 0.06944444444444445
0 0.69687152855092 0.2763888888888889 0.03844280416717949 0.04722222222222222
0 0.543050487354907 0.1951388888888889 0.032664738501292034 0.04375
0 0.5674378497518553 0.28055555555555556 0.0388609102743942 0.06458333333333334
0 0.6040944403346858 0.40208333333333335 0.05408485982527399 0.08541666666666667
0 0.6356881911078281 0.6784722222222223 0.06254237301997484 0.10902777777777778
0 0.21223004866904482 0.3076388888888889 0.0390037425454248 0.04513888888888889
0 0.09830491946187535 0.27569444444444446 0.06171548701037707 0.05277777777777778
3 0.03742564466592763 0.29375 0.06514320721053293 0.052083333333333336
3 0.3448854609655053 0.2423611111111111 0.07224807183462537 0.04375
3 0.8575925121693113 0.35833333333333334 0.06709303447766722 0.05
1 0.8278803660309251 0.23680555555555555 0.10549133662278033 0.09652777777777778