1 0.8118055555555556 0.6180555555555556 0.08194444444444444 0.05277777777777778
1 0.7111111111111111 0.6375 0.07222222222222222 0.08402777777777778
0 0.3958333333333333 0.4395833333333333 0.02361111111111111 0.030555555555555555
0 0.6895833333333333 0.4548611111111111 0.030555555555555555 0.034027777777777775
0 0.6048611111111111 0.5902777777777778 0.027777777777777776 0.034027777777777775
0 0.6104166666666667 0.6208333333333333 0.027083333333333334 0.03958333333333333
0 0.5625 0.5861111111111111 0.027777777777777776 0.05
0 0.4444444444444444 0.7340277777777777 0.02638888888888889 0.05
0 0.3458333333333333 0.90625 0.04652777777777778 0.05347222222222222
1 0.7777777777777778 0.55625 0.06527777777777778 0.07152777777777777
1 0.7145833333333333 0.8576388888888888 0.1076388888888889 0.06180555555555556
1 0.45625 0.6944444444444444 0.06458333333333334 0.052083333333333336
1 0.2951388888888889 0.8645833333333334 0.059722222222222225 0.1673611111111111
3 0.5048611111111111 0.5604166666666667 0.043055555555555555 0.052083333333333336
3 0.19236111111111112 0.7243055555555555 0.08541666666666667 0.08888888888888889
3 0.8229166666666666 0.7909722222222222 0.07708333333333334 0.07222222222222222