0 0.0497993358024686 0.21049864479885805 0.03432063952257918 0.04864401849027773
0 0.6716772513596633 0.8272589022267289 0.1007802549854399 0.16599012749043204
0 0.9305744622697989 0.5314463773188588 0.07475777297895926 0.09535017401194447
0 0.7943471786965258 0.05256716759293276 0.048761140584881936 0.06839556703802473
0 0.7425505744062997 0.14455594047385864 0.03631496881177977 0.04730361972296298
0 0.6863544026331976 0.164112367272408 0.04231554458799896 0.05437737115827161
0 0.552988022484721 0.291758515533519 0.048049108231820035 0.05728445592691366
0 0.5844325539805582 0.22433333155842644 0.0588745548008698 0.09636730530209879
0 0.5503147076576018 0.17068273159231528 0.039315256699889445 0.0508404954406173
0 0.43849688669865766 0.45044512056592634 0.05430736993560572 0.09002032505895051
0 0.05475477346294122 0.48046031720675936 0.06437734663057315 0.06321176908120378
0 0.23639890465526395 0.15294405656796317 0.03479257385669183 0.045187959641913585
0 0.2747609664820965 0.07524767629092616 0.03805987387719962 0.052891502026234605
1 0.6820720721135294 0.6216386931757414 0.17211030776424346 0.2619539290775309
3 0.14320877853246355 0.09861401426836432 0.044327461785817 0.06413192012820991
3 0.5087743498543942 0.25456445837392017 0.0746687689348265 0.09396128512305559
3 0.813820920561091 0.638614786471513 0.1265098752471191 0.18877806779768522