3 0.00233633604448136 0.9207934538236969 0.00467267208896272 0.12699145274119386
0 0.673471972361706 0.780209978349938 0.026105339260408617 0.030967689033027393
0 0.7468423642785467 0.8440797160838883 0.033418191921151044 0.05259243939373985
0 0.44462985197349636 0.35478256890008064 0.02545338141563036 0.03997122366507158
0 0.4445025067860123 0.4159785310212595 0.026473747476706597 0.05247122366507142
0 0.3753702420005311 0.530213853532491 0.034183523772715795 0.044977793650584394
0 0.33207385263919065 0.557970902955571 0.0383075892282016 0.07001415836918486
0 0.2542253020658074 0.5830385404019768 0.030541240540314065 0.042833852452917
0 0.24689836361285253 0.6302001547598648 0.034594533200194476 0.041517693001229046
0 0.060998883219470494 0.34321822799361934 0.027069018318091845 0.04277324458858295
0 0.0932130207232119 0.46826319949405076 0.053316132392740634 0.058487398989566154
0 0.009833335507615587 0.7878237676763683 0.019666671015231174 0.057062145382076955
0 0.18958596939816832 0.7870632629852774 0.05675995380750902 0.07519043037483313
3 0.44962060050238284 0.9705338427111213 0.056887528218022176 0.0589323145777573
3 0.1028509574151891 0.6909702846309458 0.058148842696397904 0.07521467352056688
3 0.1651100089978897 0.686493549060537 0.06843793495255142 0.08232881998514661