3 0.8993055555555556 0.6166666666666667 0.052083333333333336 0.08125
0 0.9805555555555555 0.5 0.029861111111111113 0.05555555555555555
0 0.8381944444444445 0.33958333333333335 0.02638888888888889 0.05347222222222222
0 0.5756944444444444 0.33541666666666664 0.03333333333333333 0.05
0 0.29375 0.29930555555555555 0.029166666666666667 0.049305555555555554
0 0.2701388888888889 0.5548611111111111 0.03333333333333333 0.06319444444444444
0 0.5277777777777778 0.5076388888888889 0.03888888888888889 0.06875
0 0.7763888888888889 0.50625 0.03888888888888889 0.07569444444444444
0 0.45208333333333334 0.5090277777777777 0.03958333333333333 0.06458333333333334
1 0.35347222222222224 0.5402777777777777 0.09652777777777778 0.07847222222222222
1 0.24722222222222223 0.8229166666666666 0.06805555555555555 0.21944444444444444
3 0.5944444444444444 0.7409722222222223 0.06875 0.12222222222222222
3 0.6256944444444444 0.8451388888888889 0.06111111111111111 0.10208333333333333