0 0.6778222977859574 0.5782183522196943 0.03415766540009252 0.037942515630144495
0 0.7636938614464513 0.7108452405532943 0.029054684312562053 0.05696598524734261
0 0.529485383398982 0.5713712514395717 0.028796070330833364 0.045854874136231495
0 0.9590301946103403 0.8838742308667024 0.05328000363027804 0.08514401715202856
0 0.16481716877620403 0.38612937150377 0.033447638213240795 0.06700393858999958
0 0.40553716396265493 0.6858095398705363 0.040327429162253105 0.06475237934627971
0 0.31117469765040184 0.7562658000849796 0.03719405715959883 0.04926411415487893
0 0.3069745429731179 0.6953651763874915 0.030087978976574132 0.04179345117637641
0 0.419495351398581 0.9268447442963333 0.04853145550472233 0.05982828603159381
0 0.5682028621213897 0.8898366013696445 0.07062553199898156 0.11557360830043421
0 0.6566051079001858 0.7725264719068194 0.04657742916225326 0.06522597602693167
3 0.12504103621947568 0.44062294974360044 0.054700638635432126 0.056829660490023554