0 0.718611075786194 0.3176477023692663 0.03548280983993411 0.04424513748355029
0 0.5584589523751655 0.35773325312607984 0.028013674691629832 0.04852740820719769
0 0.5102424582438032 0.3826271893167084 0.02942681411488811 0.04932709635845388
0 0.45417321622164536 0.5127609499424579 0.0275132345221397 0.054030341909347454
0 0.27131825570842594 0.6646201551017595 0.036589513368655936 0.05610331489251179
0 0.17653867015279753 0.9774822275265387 0.04442240653249899 0.045035544946922655
0 0.2751034928175939 0.9350644147609141 0.04159612768598267 0.06063833453301868
0 0.4977798962004226 0.6796915459787134 0.04111993805086153 0.06683571267961305
0 0.9191886633662089 0.43589630504834587 0.036638014437394555 0.05749220378140052
0 0.7913314961180516 0.6079374807023329 0.04122576124060326 0.08969975749287393
0 0.7057605051929051 0.6258231701423823 0.04243607533664273 0.0648576230530913
1 0.4683927326645778 0.9426809427443449 0.07329367097931778 0.11463811451131013
1 0.5888733710944911 0.6831127865526494 0.10942682000237419 0.09902336579330798
3 0.9172154901551718 0.9292799063734364 0.10896166404194155 0.14144018725312718