0 0.20833333333333334 0.6673611111111111 0.04236111111111111 0.06041666666666667
0 0.1423611111111111 0.9715277777777778 0.06597222222222222 0.05625
0 0.35625 0.4840277777777778 0.02361111111111111 0.03680555555555556
0 0.5583333333333333 0.4048611111111111 0.024305555555555556 0.02847222222222222
0 0.6083333333333333 0.5104166666666666 0.027777777777777776 0.04513888888888889
0 0.44305555555555554 0.8034722222222223 0.027083333333333334 0.05
0 0.5395833333333333 0.79375 0.03263888888888889 0.06388888888888888
0 0.6569444444444444 0.9541666666666667 0.08055555555555556 0.09166666666666666
0 0.8923611111111112 0.9222222222222223 0.06111111111111111 0.09097222222222222
3 0.36319444444444443 0.5534722222222223 0.05 0.04652777777777778
3 0.7944444444444444 0.8423611111111111 0.06527777777777778 0.10069444444444445
3 0.6631944444444444 0.6986111111111111 0.075 0.11736111111111111