0 0.5306021042557464 0.18638720062242295 0.05342882792155008 0.07950915357019521
0 0.3861682041844094 0.061006625308333715 0.04000407359263597 0.0657001679990791
0 0.136192447330143 0.050751577060285415 0.06518589718563837 0.0772812283794395
0 0.1279228762606624 0.29253049131454967 0.05045710497790326 0.06826866537978478
0 0.46700025793310806 0.5178749958621626 0.07077430266875856 0.11917430493487997
0 0.2830241208463162 0.7507763654063015 0.07555056276980195 0.11453960371254274
0 0.05553180843502968 0.9536539194007895 0.0786955025246201 0.09269216119842112
0 0.395175749632697 0.9649981676308259 0.06678085281326326 0.07000366473834813
1 0.35447286038785575 0.27255151199171207 0.11127026875813913 0.13355027258471985
3 0.554551042207369 0.08758393860594149 0.07100812734426398 0.09281776031581587
3 0.8696685811635673 0.8086304846940098 0.09043693542480595 0.13257994448997515