3 0.08164643556828224 0.09093693801316477 0.08944644978428253 0.05102073506593313
0 0.7801189073837923 0.8904915190299607 0.043960581936484444 0.07928131090867258
0 0.6614705494023403 0.4854408288887432 0.03192068919300968 0.05873016293550614
0 0.7481715437795925 0.5331282070713982 0.022133822229292516 0.05283509989878073
0 0.42053162260411725 0.6161264876058403 0.03109695526557551 0.04759480129002564
0 0.5355926839592274 0.7725903171703161 0.03611967823042382 0.0616534439194993
0 0.5453276616804421 0.3554143892818948 0.036911089787110676 0.07001102778720202
0 0.47428228683074675 0.10084649720563874 0.020559079708605862 0.03681437660781993
0 0.3185337701039582 0.20910489575087135 0.031080794080201694 0.04620591240113675
3 0.5273154282480762 0.717995961937267 0.0516237126034339 0.08163140012006775
3 0.5939074234740574 0.4704320196114512 0.04526058430581783 0.07169092308852214