3 0.25833333333333336 0.9201388888888888 0.11388888888888889 0.15902777777777777
0 0.7215277777777778 0.3138888888888889 0.043055555555555555 0.06875
1 0.8472222222222222 0.41805555555555557 0.10625 0.11041666666666666
1 0.4979166666666667 0.2875 0.11597222222222223 0.08402777777777778
1 0.25625 0.6256944444444444 0.08125 0.21388888888888888
0 0.3159722222222222 0.40902777777777777 0.030555555555555555 0.050694444444444445
0 0.2673611111111111 0.1951388888888889 0.04027777777777778 0.06319444444444444
0 0.8902777777777777 0.3923611111111111 0.04027777777777778 0.04652777777777778
0 0.8569444444444444 0.5270833333333333 0.05416666666666667 0.058333333333333334
0 0.9034722222222222 0.6465277777777778 0.04722222222222222 0.05347222222222222
0 0.9236111111111112 0.75625 0.049305555555555554 0.05486111111111111
0 0.6125 0.5076388888888889 0.04722222222222222 0.07569444444444444
0 0.2013888888888889 0.5069444444444444 0.06319444444444444 0.075