0 0.6469982883111167 0.577064545261878 0.02803634799159814 0.045252695228847666
0 0.4492791264592087 0.48590929802594846 0.028056548789552632 0.04872491745106989
0 0.4407240473535711 0.5668966165210174 0.01828584465223931 0.04010869634319552
0 0.2547983205784458 0.4740015425351259 0.03297422213493704 0.05858858356056263
0 0.814444705778835 0.7159418277460751 0.028181793736872074 0.07025269522884767
0 0.8611228954718725 0.9755170751586165 0.041323716106633886 0.04896584968276695
0 0.6761703841529667 0.9368803675544487 0.03499291291481528 0.04753809125828196
0 0.5556521832677267 0.9793292556666943 0.05171614181575516 0.04134148866661146
0 0.38533552735683646 0.9498432340691868 0.0658757213972371 0.10031353186162638
0 0.04239309626982725 0.9605953293451803 0.07337320470044302 0.0788093413096394
0 0.049660290476349546 0.897820979032823 0.055890888801603665 0.05925539045769534
0 0.28189066024135595 0.7150269522884767 0.03911109766639069 0.03932599554260889
0 0.3316644113042632 0.6775929148115136 0.03078584465223923 0.040472409196176944
0 0.48531890371327524 0.8327327385701756 0.0399105862601996 0.057401757367774864
0 0.6080497230387587 0.8043648038467156 0.026643418943118037 0.04451783824518303
0 0.6202830725057565 0.7588951833663635 0.03362018466429014 0.05027545649683955
0 0.6932158998107869 0.7637946194531998 0.02802422751282513 0.04316936189551433
0 0.6971845986574975 0.7298880792930826 0.03564695576335042 0.0406138530834473
0 0.6255760176879009 0.7139179446343553 0.04054038815118904 0.04631085252627353
0 0.5307154368055895 0.6396421141896067 0.030749483215920748 0.034222409196176945
0 0.48268968582996746 0.6194978815865112 0.030802005290602903 0.04325018697395472
0 0.43799117433649115 0.6938789185063002 0.0252222087775018 0.03892187015040728
0 0.3952785693409681 0.6322296693934187 0.03911109766639069 0.03932599554260889
0 0.28240687465860154 0.5650673648276968 0.027967665278551993 0.03344713967329211
0 0.0809654636950304 0.5501797688629957 0.034960591638087735 0.041982535702726094
0 0.0385962722647374 0.5475582975278919 0.03078584465223921 0.040472409196176944
0 0.02179224017197873 0.5234622359461388 0.0370156438542845 0.03718204340044527
1 0.5392588584376518 0.6759957005360387 0.07526261037341125 0.04732116600677756
3 0.2182401407683326 0.7541401977065715 0.05723129577540125 0.05096246966358219
3 0.4065881112772328 0.7860049856597922 0.06910149388441197 0.06241708735806463
3 0.5231335731561713 0.7685663056209524 0.057263617052128915 0.05651802521913775
3 0.33856395098800984 0.5507318504438911 0.03978130115328942 0.035179535145552325