0 0.2742702933010613 0.6901162875272023 0.03314586166445521 0.04926179851296284
0 0.1060944623925271 0.6058782240233336 0.02649971146591233 0.038992772143703607
0 0.18934290639760126 0.6006708353961733 0.034364971896825754 0.04521664387897112
0 0.34714448436104206 0.48099375578559744 0.02552230259393724 0.03198757168292177
0 0.8789521110945862 0.09816976759786178 0.028752823455764086 0.04334170685938269
0 0.5349769520921124 0.3545375008058447 0.029220896358184076 0.03784690732016461
0 0.6104450249945323 0.3534706505806185 0.044156753628936306 0.06475647209135794
0 0.7557678717038723 0.5400435709700427 0.042541493198022966 0.05907940450312752
0 0.16425335256647705 0.9446984872131279 0.05722268248399745 0.07973896927432078
0 0.06940803153551213 0.8948709961670371 0.03987690119125727 0.06161415821555541
0 0.3047704685106615 0.9095698612626344 0.03559704875357836 0.05847184433975296
1 0.3090644382271606 0.7022955084717701 0.06046853316419521 0.07448719380045267
3 0.45615456912646013 0.42094288482518605 0.043675714102134104 0.052950916535802306
3 0.9456023591735565 0.6701325965851047 0.05105520861826784 0.11518176420572009
3 0.7249211114843819 0.6347741667183142 0.09977950550039118 0.12221246312711918