3 0.2913860881958026 0.7490068862493324 0.07871512652945398 0.08281865775188445
3 0.18219007755147834 0.5811905497783864 0.06602927289765614 0.06648272267668082
3 0.09415773148739708 0.5049930361571849 0.04642321659947442 0.0520280582387097
0 0.1521284112030733 0.418455505820767 0.02965958282056541 0.043209774434734526
0 0.13785165386521492 0.45138471376189876 0.01903282074404026 0.02485112483502784
0 0.19512691608319493 0.4843118341395355 0.036652510821131065 0.047578503797501996
0 0.056107278131438516 0.6706089768041275 0.04076261333898964 0.04283863030405131
0 0.12033457885992394 0.7627861439252527 0.040770693931676524 0.043533074748495756
0 0.19376840345854993 0.7204633577898668 0.038865133637454204 0.05875023371744324
0 0.28039569944836856 0.7980093477607368 0.04371008356319158 0.05750278871582503
0 0.3547568460994804 0.914795164481569 0.041085837046464256 0.07061640808182909
0 0.390677428672488 0.5143155577251338 0.030160093040525107 0.026563314037677956
0 0.4248910600820636 0.4993334427138054 0.03590958282056533 0.04339163086122524
0 0.46207591696727596 0.5275079146060832 0.031702513190464285 0.039798171021342595
0 0.5078521996251754 0.5934450680032919 0.020518676745171483 0.03322487070758121
0 0.560217867175923 0.6303974111603247 0.027640894228726943 0.048704711181459796
0 0.5936719228729334 0.6806930739267741 0.02974846934012084 0.050848663323623415
0 0.607948193684166 0.7075062944774747 0.02896513837612089 0.04318956816512443
0 0.6798467056722877 0.7971279527865331 0.05222118993563593 0.07302304172892364
0 0.5470780407737831 0.8641220948939513 0.03873584415446424 0.04763912260633245
0 0.6287154226961267 0.8928953235968297 0.04799795912016123 0.06804069300015196
0 0.657251803133218 0.9479106535871198 0.038041399710019956 0.04761891633672235
0 0.5080588893486525 0.9858342137471194 0.05118736059834311 0.028331572505761137