0 0.11287472824284765 0.20425074789581865 0.043124073522362416 0.06228307474849575
1 0.2977660218769912 0.8479944852053336 0.15665344894652675 0.2514453325707292
1 0.881028922529939 0.9415329036680359 0.1552093421553754 0.1169341926639283
0 0.9374787322896238 0.8638266817384397 0.04994105560108627 0.08952805823870955
0 0.8357093710171515 0.7496038051073763 0.04144408620505007 0.05599266220927556
0 0.7812230910793937 0.6951691132215719 0.03721273099873391 0.05448253570272625
0 0.6708520687470964 0.7357669351623994 0.06696159452224733 0.06783119902634951
0 0.7205153259843036 0.699661167765495 0.03853693134797298 0.05313405935305755
0 0.7194365797291186 0.6481712475285556 0.02981546677674171 0.044558250784403224
0 0.8435766874388985 0.46124771050605123 0.02899164525299827 0.04176026673701535
0 0.4103193250656749 0.7754724250896717 0.044980996966921954 0.05748258244621462
0 0.23407331918164134 0.30443586047302096 0.03721273099873375 0.05448253570272625
0 0.4637669648028925 0.4043009288871736 0.047581838617452375 0.06865431236615634
0 0.2433313362753501 0.24003438356617834 0.041590592776051157 0.0740280114952211
0 0.16376323830624107 0.20155913891068783 0.039813572649264335 0.06565426562266757
0 0.18596450160960434 0.2773067708862608 0.03963663652201706 0.07674517046416866
0 0.019581804660694195 0.5324825824462149 0.03916360932138839 0.06158863030405131
3 0.782788813165024 0.9550939625666347 0.07400498648974481 0.08981207486673068