1 0.6722222222222223 0.5916666666666667 0.06597222222222222 0.14097222222222222
0 0.10416666666666667 0.4076388888888889 0.021527777777777778 0.030555555555555555
0 0.11944444444444445 0.53125 0.03125 0.04375
0 0.7423611111111111 0.2520833333333333 0.02361111111111111 0.030555555555555555
0 0.525 0.32916666666666666 0.030555555555555555 0.03819444444444445
0 0.45208333333333334 0.35833333333333334 0.021527777777777778 0.035416666666666666
0 0.3416666666666667 0.27152777777777776 0.03125 0.04652777777777778
0 0.3138888888888889 0.33194444444444443 0.034722222222222224 0.04722222222222222
0 0.325 0.41388888888888886 0.022222222222222223 0.04652777777777778
0 0.3125 0.4375 0.027083333333333334 0.049305555555555554
0 0.2701388888888889 0.4673611111111111 0.03819444444444445 0.04652777777777778
0 0.37777777777777777 0.6152777777777778 0.03611111111111111 0.041666666666666664
0 0.9604166666666667 0.5215277777777778 0.04375 0.04097222222222222
0 0.5451388888888888 0.4222222222222222 0.04513888888888889 0.05347222222222222
0 0.9777777777777777 0.6243055555555556 0.043055555555555555 0.06597222222222222
0 0.5041666666666667 0.6395833333333333 0.04027777777777778 0.06944444444444445
1 0.7423611111111111 0.38125 0.049305555555555554 0.08125
1 0.6979166666666666 0.4152777777777778 0.06944444444444445 0.06388888888888888
1 0.18958333333333333 0.9611111111111111 0.0625 0.07777777777777778
3 0.66875 0.91875 0.04652777777777778 0.06388888888888888
3 0.3402777777777778 0.6916666666666667 0.030555555555555555 0.04652777777777778
0 0.24375 0.3402777777777778 0.024305555555555556 0.04513888888888889
0 0.42430555555555555 0.16458333333333333 0.02847222222222222 0.03888888888888889