3 0.7119833683323141 0.8667198939662311 0.10192030050375252 0.1947513226792997
1 0.3648726738823776 0.08356159204066266 0.11655914971062471 0.11919950248729291
1 0.1440100054125155 0.1763121880499967 0.15865358621866577 0.10614177647081063
0 0.05051491883423587 0.4448595462084893 0.0413808409086582 0.06530531333223356
0 0.35422799531403515 0.5344016136497822 0.049883876262126925 0.07546426704848115
0 0.4626618160213388 0.5627154877140618 0.03921265656525716 0.06033501934761602
0 0.238681965733428 0.6750561053325154 0.05686468542517183 0.07791154329350213
0 0.25793949459407506 0.7642420543752299 0.05691317171663918 0.08068932107128023
0 0.4427258394716672 0.790635889744277 0.06039751551172812 0.08156573697156849
0 0.5565533997131876 0.23170452384673798 0.03436366702701277 0.06077470375387917
0 0.7149183661658435 0.5793290768397374 0.04794600180319561 0.08368841750830806
0 0.9380915234539897 0.7119453766543289 0.04431619913370481 0.07447866827468645
0 0.5903500111897709 0.918885833962932 0.07184803066311013 0.10159249007471342