2 0.3861111111111111 0.6597222222222222 0.044444444444444446 0.07152777777777777
3 0.6833333333333333 0.74375 0.04861111111111111 0.08055555555555556
3 0.8965277777777778 0.6715277777777777 0.11388888888888889 0.17847222222222223
0 0.8986111111111111 0.09930555555555555 0.03611111111111111 0.050694444444444445
0 0.54375 0.15902777777777777 0.044444444444444446 0.05
0 0.5923611111111111 0.3020833333333333 0.03958333333333333 0.04375
0 0.16597222222222222 0.23680555555555555 0.027083333333333334 0.03958333333333333
0 0.08680555555555555 0.2590277777777778 0.03819444444444445 0.04097222222222222
0 0.04722222222222222 0.34930555555555554 0.03125 0.04513888888888889
0 0.09444444444444444 0.33125 0.03611111111111111 0.050694444444444445
0 0.18611111111111112 0.30972222222222223 0.0375 0.06388888888888888
0 0.24444444444444444 0.33819444444444446 0.049305555555555554 0.07777777777777778
0 0.3013888888888889 0.3611111111111111 0.03194444444444444 0.052083333333333336
0 0.4263888888888889 0.3951388888888889 0.03888888888888889 0.05625
0 0.4638888888888889 0.44583333333333336 0.044444444444444446 0.09513888888888888
0 0.49375 0.4284722222222222 0.03680555555555556 0.06111111111111111
0 0.3909722222222222 0.6069444444444444 0.03263888888888889 0.05277777777777778
0 0.45694444444444443 0.9201388888888888 0.06111111111111111 0.08333333333333333
0 0.6659722222222222 0.9680555555555556 0.06180555555555556 0.06388888888888888
0 0.8743055555555556 0.7868055555555555 0.05555555555555555 0.07777777777777778
0 0.9638888888888889 0.7090277777777778 0.06736111111111111 0.10833333333333334