2 0.78125 0.8145833333333333 0.04513888888888889 0.06041666666666667
2 0.43194444444444446 0.31666666666666665 0.03194444444444444 0.05763888888888889
0 0.4395833333333333 0.9319444444444445 0.09027777777777778 0.1361111111111111
0 0.5513888888888889 0.9069444444444444 0.049305555555555554 0.08958333333333333
0 0.6756944444444445 0.7006944444444444 0.05486111111111111 0.09375
0 0.24166666666666667 0.9645833333333333 0.0625 0.07013888888888889
0 0.2625 0.8604166666666667 0.050694444444444445 0.08333333333333333
0 0.24583333333333332 0.7590277777777777 0.050694444444444445 0.07430555555555556
0 0.3020833333333333 0.6284722222222222 0.04583333333333333 0.075
0 0.14722222222222223 0.8215277777777777 0.04861111111111111 0.07430555555555556
0 0.052083333333333336 0.5027777777777778 0.059722222222222225 0.07569444444444444
0 0.24305555555555555 0.2972222222222222 0.034722222222222224 0.052083333333333336
0 0.25972222222222224 0.21041666666666667 0.03194444444444444 0.04652777777777778
0 0.28402777777777777 0.14097222222222222 0.02638888888888889 0.03611111111111111
0 0.5305555555555556 0.05347222222222222 0.035416666666666666 0.05625
0 0.06597222222222222 0.3548611111111111 0.03333333333333333 0.041666666666666664
3 0.11527777777777778 0.45 0.058333333333333334 0.10555555555555556