0 0.2835868159387659 0.5730624859325857 0.07070634886827176 0.11507680302983705
0 0.39906494114879704 0.9079891976937846 0.06658817232317915 0.11708740692596961
3 0.16787262706682146 0.5563246670284774 0.0875346492735186 0.12231216522308506
3 0.089162599288334 0.7862635995675845 0.11432762250885813 0.1401338961031355
3 0.30240379196000056 0.6950059119788711 0.08036391759506184 0.11246872727219473
0 0.3024233448158025 0.039183681820245536 0.043040553444598825 0.05975507214978685
0 0.3509063101989507 0.09252608153196859 0.04628706906425929 0.079942447330143
0 0.2885696858318829 0.19018116558636042 0.06190427769305558 0.09479245526654631
2 0.6429292460287045 0.9683421020965984 0.0412475802092593 0.04236971789294191
2 0.7438753368774697 0.6192167929342858 0.03772744849691365 0.07007476623351908
2 0.42953387352055605 0.605251299425643 0.037953735730926044 0.07979698845574129
2 0.36019908890441393 0.4320851717195683 0.028521292975246915 0.03242930735911721
2 0.4242340287894757 0.467093219699799 0.021528358409228412 0.030224758297115607
2 0.62231000666892 0.35109008514128864 0.02887688720012357 0.04770708513689491
2 0.5222395468589816 0.05132548701655334 0.034303135764814856 0.042248502164273914
0 0.19580226215527852 0.8906953636375619 0.07335598091808654 0.16926771284223732