0 0.9694444444444444 0.35 0.03958333333333333 0.05347222222222222
0 0.7902777777777777 0.19236111111111112 0.03125 0.04375
0 0.28125 0.34791666666666665 0.029861111111111113 0.04375
0 0.3263888888888889 0.38958333333333334 0.030555555555555555 0.05277777777777778
0 0.12291666666666666 0.44930555555555557 0.043055555555555555 0.06388888888888888
0 0.1125 0.59375 0.03819444444444445 0.05347222222222222
0 0.4930555555555556 0.5368055555555555 0.025694444444444443 0.05277777777777778
0 0.5263888888888889 0.5097222222222222 0.0375 0.05277777777777778
0 0.68125 0.36666666666666664 0.027083333333333334 0.04791666666666667
0 0.7194444444444444 0.3125 0.034722222222222224 0.041666666666666664
0 0.7638888888888888 0.2965277777777778 0.034027777777777775 0.04236111111111111
0 0.9138888888888889 0.5090277777777777 0.030555555555555555 0.05625
0 0.8819444444444444 0.7743055555555556 0.03819444444444445 0.06875
0 0.5472222222222223 0.9819444444444444 0.05138888888888889 0.03611111111111111
1 0.49236111111111114 0.8548611111111111 0.14444444444444443 0.17291666666666666
3 0.34791666666666665 0.5979166666666667 0.04791666666666667 0.05
3 0.1986111111111111 0.5194444444444445 0.05486111111111111 0.06319444444444444