2 0.2548611111111111 0.45416666666666666 0.04027777777777778 0.03958333333333333
2 0.23680555555555555 0.50625 0.043055555555555555 0.06388888888888888
2 0.18194444444444444 0.5590277777777778 0.03888888888888889 0.041666666666666664
2 0.5326388888888889 0.5965277777777778 0.029166666666666667 0.06180555555555556
2 0.40694444444444444 0.8472222222222222 0.03611111111111111 0.07430555555555556
0 0.6104166666666667 0.9416666666666667 0.08472222222222223 0.11597222222222223
0 0.5305555555555556 0.8520833333333333 0.06944444444444445 0.16319444444444445
0 0.46597222222222223 0.9465277777777777 0.08472222222222223 0.10694444444444444
0 0.3402777777777778 0.8479166666666667 0.08333333333333333 0.13055555555555556
0 0.41944444444444445 0.7479166666666667 0.07777777777777778 0.11875
0 0.4930555555555556 0.6986111111111111 0.05277777777777778 0.10347222222222222
0 0.59375 0.6361111111111111 0.05416666666666667 0.09166666666666666
0 0.6298611111111111 0.5472222222222223 0.04861111111111111 0.0763888888888889
0 0.4756944444444444 0.5493055555555556 0.043055555555555555 0.10138888888888889
0 0.3736111111111111 0.5208333333333334 0.06666666666666667 0.10347222222222222
0 0.45902777777777776 0.4618055555555556 0.06527777777777778 0.08402777777777778
0 0.5131944444444444 0.14791666666666667 0.04027777777777778 0.049305555555555554
0 0.4479166666666667 0.24305555555555555 0.059722222222222225 0.08611111111111111
0 0.4354166666666667 0.3680555555555556 0.059722222222222225 0.07430555555555556