3 0.42090192851016217 0.6878288919975307 0.10263542990596478 0.18898201845355264
2 0.3023225625779143 0.5155005735862628 0.027607602156083842 0.03296311638355481
0 0.8481978094533411 0.7163140189590226 0.07457444633425073 0.11654875450767703
0 0.6973761344329271 0.6153460628630028 0.06839533374137072 0.10868349407676337
0 0.8433662452648295 0.36035995001093524 0.059466729566652374 0.11800956610044264
0 0.687723997337223 0.8447414642656825 0.0759633352231393 0.11660534739318298
0 0.586746347098842 0.7693370738307352 0.08132042896106179 0.1313584593830345
0 0.5263857943779957 0.937142687789491 0.08662095030710554 0.11150253492167635
0 0.3264727159730757 0.37044421083164425 0.06717650586266109 0.11071023452459058
0 0.08713044566855632 0.3212400869622696 0.08027177670404624 0.10155394115742966
0 0.19903540405020032 0.2676605560114507 0.0848069661985255 0.08928031269945412
0 0.08687598451661735 0.13158483092505913 0.06281149198987579 0.09115260430913391
0 0.1629672379848137 0.1395302542962541 0.07967650586266109 0.11121957049414577
3 0.6604294917322188 0.42557998424876886 0.12636002963537674 0.15741839438928007
3 0.5411267074905 0.4394064032097359 0.07936455542672702 0.15827201405984964