0 0.3763888888888889 0.4041666666666667 0.029166666666666667 0.04513888888888889
0 0.14444444444444443 0.8715277777777778 0.035416666666666666 0.05625
0 0.49722222222222223 0.6798611111111111 0.06111111111111111 0.09375
0 0.44375 0.6951388888888889 0.04722222222222222 0.06666666666666667
0 0.17708333333333334 0.9694444444444444 0.04375 0.06111111111111111
0 0.7652777777777777 0.5173611111111112 0.0375 0.04791666666666667
0 0.6506944444444445 0.4840277777777778 0.02361111111111111 0.03680555555555556
0 0.6763888888888889 0.3326388888888889 0.02361111111111111 0.04791666666666667
0 0.8701388888888889 0.20347222222222222 0.03958333333333333 0.059027777777777776
0 0.9840277777777777 0.29375 0.03125 0.06111111111111111
3 0.6104166666666667 0.5069444444444444 0.04027777777777778 0.058333333333333334
3 0.46805555555555556 0.8090277777777778 0.10138888888888889 0.14930555555555555