0 0.642744522011738 0.26350533738293347 0.08429655394495827 0.15212313209505435
0 0.6858427933899889 0.32532394318531466 0.08965376229439512 0.13308315548026262
0 0.4767443574281202 0.373849255660193 0.09260160108235233 0.1353282759454569
0 0.694020724562928 0.47302467766908507 0.09047566653783828 0.16008559524766527
2 0.6852486686637493 0.6574164764935503 0.03358825293133047 0.05586543155120786
2 0.7136645477171222 0.7623379337684872 0.06859379555900394 0.09522598356761022
2 0.629608254520376 0.7065067478874539 0.038746999463134243 0.05132789470381896
2 0.15272326839316136 0.659194469979941 0.030215318923682233 0.031478982429721705
2 0.32905489722108433 0.49921457274936887 0.06859379555900386 0.09522598356761007
0 0.19573564967996332 0.4656330056266975 0.06975593643432024 0.09252909935576288
0 0.5050610628784337 0.48853338194031737 0.06340676283126088 0.08248330286981861
0 0.016894933282807143 0.9490205537859789 0.033789866565614286 0.10195889242804222
0 0.6084495726279837 0.8887816157296555 0.11054366801960704 0.16885699405958185