3 0.8200701650610704 0.5434241129008675 0.09325728002881925 0.1261571010819812
3 0.7089076654748543 0.5924298305629835 0.1054014930607459 0.1188819250460739
3 0.4674007025132274 0.8789388043758111 0.1219406973616919 0.14640979631082904
0 0.8840694897544842 0.3307369127601701 0.08757234739396406 0.1232176731473228
0 0.8748911701175366 0.9149337719725301 0.08366252017231722 0.09883129251332687
0 0.7120696421328669 0.8967857849338424 0.0920967157422824 0.1607984982257632
0 0.7156734649394842 0.1047001303195708 0.0758790394260062 0.11039437283356154
0 0.6267083992294742 0.2875996131498957 0.07865681720378398 0.11047519791200189
0 0.530266268910205 0.2141204270848584 0.05365681720378398 0.10974777220603897
0 0.4248363639372973 0.026520918873563257 0.0862119733477428 0.053041837747126515
2 0.2760918404587181 0.5939274316885625 0.036309006157217286 0.06485878983017272
2 0.3569194502374167 0.6304117744938519 0.04164006653757768 0.0899800274478333