2 0.2839654335425138 0.46603701369237766 0.04281439303556059 0.04145930098317321
2 0.2692475296419356 0.5172793960102655 0.047149741585661153 0.06589423361802807
2 0.2177685722078682 0.567501976471882 0.04155901021287083 0.04347794577685688
2 0.5708661258438964 0.621335832733419 0.03312734663057313 0.06316401488819817
2 0.4612369113654097 0.8661759643395701 0.040872827472212075 0.0759874575864463
0 0.6707614085886575 0.9550690841361315 0.09215405990730513 0.0898618317277371
0 0.5851595366309853 0.8767943554795001 0.07990241963004034 0.16642887142692694
0 0.5266284782986776 0.9563927800743497 0.09157553362044236 0.08721443985130072
0 0.39461474672080943 0.8637653588808312 0.09169971348181005 0.1344368679345346
0 0.4673731222099195 0.7674526056408613 0.08538762355112621 0.12237255822038043
0 0.5378245897543187 0.7215755426867373 0.05940857906566603 0.10593038672890884
0 0.6345138522127903 0.6637654618113369 0.06004093357942679 0.0941895197130031
0 0.6649287044994067 0.576558474953339 0.053506333538411215 0.0786529877766267
0 0.5108955438989391 0.571461380385561 0.049552850777244827 0.10339423361802808
0 0.4069876276608848 0.5382345504990894 0.07329746795455508 0.10657727212540541
0 0.48862162245191043 0.48318511790976526 0.0706625224478079 0.08706813914131147
0 0.5226733751445801 0.17181908206721272 0.04343742134448973 0.05118152320539543
0 0.4634923743898944 0.26391760959256805 0.06524047295845148 0.08889271831604617
0 0.4590027383618401 0.38833541273572114 0.06448393858332319 0.07708716276049062