3 0.7126863408895987 0.6060144517519989 0.05362742101595314 0.06525333586665928
1 0.2403876516470896 0.9473808284736887 0.08351265050201752 0.10523834305262261
0 0.27445826013468577 0.685629296609654 0.020774931575581 0.040151456326757776
0 0.32499718224923413 0.6514799563486139 0.0254418015424046 0.037713600551483255
0 0.7896811009778076 0.25340647320738996 0.029253945767129922 0.04281751309295379
0 0.7830816610397894 0.3178441256825077 0.03242020583348272 0.04856730979279686
0 0.753725835732758 0.388366737892214 0.031225558088881496 0.0512479669984308
0 0.6461602725772249 0.5294849645088171 0.036635432786221306 0.04955311595367265
0 0.4748949791731675 0.5935735005820817 0.03910724840812965 0.0552543523674438
0 0.30408229939169096 0.9605562944124636 0.040724338287939886 0.06849735709796
0 0.66953431183423 0.8039749197369798 0.04022413498778311 0.07122657458966601
0 0.8524251965528282 0.6534693103967347 0.05152948724318157 0.07478131694459383
0 0.8828061939074571 0.7379388897169169 0.04521156754991391 0.05360806160875756