2 0.6398590111226221 0.5015309697716672 0.046740887602007 0.050340011482469055
2 0.4526462801238883 0.5507037345476548 0.02555368201417928 0.07204500574123453
2 0.5176898862280721 0.9304049538145377 0.05171616101429429 0.0677981028367286
2 0.1688600240825017 0.8075782998136114 0.004619486444214221 0.009819202465370344
2 0.16141328609898317 0.8331272738933334 0.04431889679230234 0.05791424687592597
2 0.14326835658826756 0.7152166080710496 0.024065845602237266 0.040100561296790085
2 0.16510053285901327 0.7539606072266668 0.03805176730060064 0.042507162107283926
2 0.16239510247519956 0.6329333134070372 0.039216161014294336 0.06750716210728393
0 0.5776081917133277 0.6439878998630252 0.09325536531524029 0.09581891185382732
0 0.8214343685344492 0.4689117280453402 0.1124753145844895 0.12123915957413595
0 0.5642712759860509 0.09447163981586466 0.04835810109324825 0.0850622337046914
0 0.0972979873213205 0.8365013546095063 0.09128619428308321 0.11311536946950614