1 0.42930325404904485 0.8874408497400746 0.07855448772896854 0.18966898079184172
1 0.4287565025461401 0.1836128405497794 0.06314742046820104 0.17784629574458463
1 0.3372191253624633 0.19899339527776744 0.062258555272645885 0.10145740685569575
1 0.6629387846382201 0.30541639904735174 0.10525754667939333 0.09860164047372383
1 0.6964650791427863 0.20102140777833266 0.08578886045688831 0.09561266758529538
1 0.9448029096824218 0.34509474754607516 0.08162219379022165 0.09541860196634641
1 0.8056826027653693 0.6899521115744337 0.10759186491264548 0.17991632901337357
0 0.7680594477685626 0.44226376951011936 0.0680161256453731 0.1190772721254054
0 0.5995751342739775 0.3535309607601245 0.04412219379022165 0.09367201139580585
0 0.5364771704151494 0.3050530561554699 0.0470130998656155 0.10352361069732739
0 0.4928635674375744 0.19938716772589543 0.03963230341608026 0.0657001679990791
0 0.06388986194214066 0.11653346016021016 0.05933532682650452 0.08882802977639644
2 0.8006775005657721 0.8569422209393486 0.025460593783151353 0.04074772704702683
2 0.6189483129641178 0.5256390206811705 0.039664625786827896 0.06847794577685688
2 0.052425637385936974 0.3852682453820871 0.0635908800127267 0.09666098428423438
2 0.25759332449252303 0.34236100818060533 0.05511209601102978 0.08377285304633643
2 0.6066532469410447 0.9021097276014108 0.056500984899918665 0.08383754158598593