0 0.2513222980408904 0.2326064416885583 0.11595752061672612 0.1830822380290492
0 0.7005869641063858 0.2748417992865158 0.04249896771341355 0.07346843396726731
0 0.6568854476625069 0.27271282161881316 0.041142401195272287 0.07618152320539542
2 0.701818429521217 0.7654905788104898 0.02270705778343414 0.042701683301061166
2 0.02591680882666953 0.45687784119121616 0.02994240356460565 0.0680251259993093
0 0.09524958455337554 0.28429600257376364 0.09622217483555459 0.15717659847395402
0 0.25158701149305335 0.4484492868314812 0.08485248475846387 0.1344368679345346
0 0.0722254375486502 0.5928405310177477 0.08462622816323163 0.11499242349009017
0 0.04770073293729752 0.7321023363664112 0.07802924920432235 0.14453009190295285
0 0.16708150569349883 0.6127149216073021 0.0834635958695749 0.13437217939488497
0 0.21594214212465093 0.7083028008465813 0.0723282429804033 0.13177133774435437
0 0.2077814203974971 0.33596833103676155 0.10334439231911005 0.17277781894998015
0 0.40233091254687076 0.31788415770803263 0.06072421571539337 0.08889271831604617
0 0.3304333736120008 0.11440055013484451 0.05939997156799943 0.09438358533195203
0 0.24116518339345516 0.09148962760891367 0.10245552712355498 0.09638893006109117
3 0.4478305089469133 0.6426710478838034 0.08569286639789767 0.20665909015675685
3 0.5236713771129731 0.5072657665681025 0.05846359586957482 0.1332077856811913
3 0.33198854926093263 0.5175816739286434 0.06416460209349407 0.14596653983978994
3 0.38425014216000286 0.44018819796160624 0.07223935646084764 0.12413244885546565