3 0.06464457238844702 0.41007494656307303 0.0989999526133324 0.15617285258947552
3 0.44308009350028876 0.9369179283002758 0.15386865779050443 0.09908511756123946
3 0.7774315815121671 0.8377776718030263 0.08253530076383729 0.172951950875724
3 0.8310022304265092 0.6484831322597006 0.09325046283329198 0.1393121816478547
3 0.7969612106231131 0.29287246720556587 0.10033227735341307 0.15136024254710287
3 0.3804689113091762 0.7100308118643203 0.06816157631373664 0.1308002735216721
3 0.3243572544381047 0.5807936062169697 0.08616056772048417 0.1265696763041619
3 0.715306207935518 0.4498279453246985 0.10464439468844344 0.16400574575331855
3 0.6554005647146275 0.16939585506341312 0.08343935409151441 0.13133378527779602
3 0.44485558161822275 0.06845893471270692 0.08448077749486803 0.10152117523542342
3 0.29206923672113216 0.13418646840624354 0.08318077512553465 0.1091115630555738
0 0.6034289000990326 0.340586337982445 0.06367976653228216 0.10357143698212307
0 0.9718304615602456 0.47696635871918 0.045882789942706066 0.12516314531074435
0 0.8529830079213773 0.5491445051175113 0.0565575490487267 0.08805115386065268
0 0.7082457160337022 0.8179805030177312 0.0876302625362415 0.13356262181734513
0 0.4214501871773371 0.5885096425163832 0.08062925394298917 0.1284590053625411
0 0.03966073357382075 0.8859479658003667 0.0793214671476415 0.13365962395482206
0 0.3779227419195154 0.03629462014826757 0.08280906786193895 0.07258924029653514
2 0.2990981889454991 0.6635868193643386 0.031242405933939052 0.06009480129002564
2 0.5235112248391134 0.348236260546022 0.03671715556262585 0.05334436112053535
2 0.6893526979984682 0.5326454090064366 0.030983826967959278 0.03787257906780342