0 0.2980420634584032 0.6195161341321664 0.12353965064641825 0.18667763731049863
0 0.2078482273763267 0.9533451062577674 0.12603433724177404 0.08202907380923313
0 0.4974745057553845 0.8017729874586033 0.08888843044283053 0.1424600554911412
0 0.7862804844522031 0.1434408002404155 0.09518103165401139 0.11814029953185884
0 0.8909008763690439 0.08172617197091016 0.11150734707729018 0.16345234394182032
0 0.9037555426276733 0.00021048745860318007 0.09010748754456933 0.00042097491720636014
3 0.9718952977548381 0.5940933311427666 0.05620940449032395 0.21047300983551623
3 0.8594221799597237 0.6540843295321692 0.08609645226132569 0.1505099538075091
3 0.4636881348409643 0.6619203049005167 0.14112739515958722 0.22467361993730986
3 0.3701519431774702 0.3039410647682398 0.06967084862347327 0.10984956740970628
2 0.6412968831121938 0.33703436657639024 0.036932900743039614 0.06371871326719496
2 0.439029632199498 0.25707339419313235 0.0313773451874839 0.06326521724004992
2 0.3530321243182022 0.19698241992006843 0.030640414143373422 0.05423743946227214