2 0.2659722222222222 0.6743055555555556 0.043055555555555555 0.049305555555555554
2 0.3416666666666667 0.8138888888888889 0.03333333333333333 0.08611111111111111
2 0.33611111111111114 0.7173611111111111 0.058333333333333334 0.0763888888888889
2 0.24583333333333332 0.9048611111111111 0.03888888888888889 0.05694444444444444
2 0.4847222222222222 0.6951388888888889 0.06388888888888888 0.05694444444444444
2 0.8180555555555555 0.60625 0.06388888888888888 0.08125
2 0.5243055555555556 0.8826388888888889 0.05138888888888889 0.07152777777777777
2 0.8493055555555555 0.8430555555555556 0.0375 0.052083333333333336
0 0.3284722222222222 0.28888888888888886 0.02361111111111111 0.06388888888888888
0 0.3659722222222222 0.43472222222222223 0.029166666666666667 0.07430555555555556
0 0.6569444444444444 0.5430555555555555 0.05277777777777778 0.08888888888888889
0 0.8083333333333333 0.24305555555555555 0.058333333333333334 0.09166666666666666
1 0.8284722222222223 0.41388888888888886 0.13472222222222222 0.13055555555555556