0 0.5235519608511858 0.37442076334657487 0.09350081940929442 0.15083587542414073
0 0.5548418610448194 0.5046929984966794 0.09513133296508032 0.14128371421209793
0 0.5128402633984327 0.6935250857706604 0.09397076867854379 0.1757791884207478
0 0.3636678114188279 0.8959480826782943 0.09201489771093113 0.14863916808402122
0 0.6172199369588229 0.8883950838808545 0.0907534711877629 0.12155583475068789
0 0.5265083836087778 0.8605177886654736 0.12394604209083109 0.19552115367437023
0 0.6713239327299243 0.6031061062362154 0.08663627828262292 0.13713124794915832
0 0.5334265367156507 0.035098618879621596 0.09172188456892912 0.07019723775924319
3 0.2978135809249391 0.8245334496842737 0.13247535575669195 0.2301158014860792
3 0.42782150739856856 0.05761120440340107 0.08532920742508515 0.11522240880680214
2 0.4643605470107052 0.41245911796153767 0.025601241062127165 0.0595095600008621
2 0.41618321147186144 0.45167381385554384 0.02148213344340838 0.0453372360950076
2 0.2302700983373622 0.1506952467250464 0.035000020586101105 0.05335873360392138
2 0.2186795673196145 0.0727756941330285 0.03622718812586593 0.04999988538848543