3 0.7046275151319755 0.6496220939569555 0.07826721371001087 0.1354751979120018
1 0.6190873831710388 0.5888524018657206 0.11983687823920029 0.13390979631082886
0 0.9188405114573602 0.8915577048190383 0.08650354490586729 0.13293989536954504
0 0.5299339510265116 0.6435827565179745 0.07627206146189028 0.11807367426167066
0 0.8784612768598268 0.5514139396508294 0.0583928680767599 0.08286650156880644
0 0.6969202704473956 0.5483544426857271 0.036953271384194866 0.06489920236939292
0 0.6215322324600564 0.3204533397267938 0.04720900536254109 0.08045986792171181
0 0.5829762426224967 0.370930858919734 0.049986783140318874 0.08054069300015211
0 0.4597531400612939 0.3856386860214394 0.047281756965648944 0.08254320125504522
0 0.48664025649724924 0.3195122449200382 0.058659623954822056 0.09050539045769533
0 0.38269845306974654 0.28916943948899687 0.03201058761771173 0.042555742529510276
0 0.32276679709046524 0.3048162738339627 0.03714727565914918 0.07045475792494847
0 0.2391512783969651 0.31906678801233807 0.03592814051084522 0.0752754564968394
0 0.17124565129247277 0.4447793511628975 0.07636906359936728 0.12085145203944844
0 0.05135811823697186 0.6943508443740958 0.058046752165749754 0.11268720014069736
2 0.3975971316621732 0.9546896925020955 0.041313942325815846 0.07057599554260921
2 0.5227205675190124 0.795335358259845 0.10571209243645935 0.08701830568006952
2 0.37728845959526847 0.731442294243966 0.06950397918787117 0.08318980188256767
2 0.44482153706938826 0.7941262382339517 0.043824964225531615 0.06301793173216039
2 0.24125449589468187 0.6380794695172691 0.05345018431027676 0.06052304172892364