3 0.35144181172540306 0.6269220814271838 0.06617398949079577 0.10755128625226039
3 0.3765827561149727 0.27500854732701935 0.05767161014451606 0.0682739150747964
3 0.3690084896347784 0.35737067493891506 0.08174595758611013 0.08515418229294625
3 0.5897979212597556 0.2719581201676754 0.0977923424646363 0.11459761023660617
3 0.36337631111523944 0.19188405557741164 0.07765345357574742 0.11318936194052154
3 0.49303267553064606 0.5173207746158932 0.06980407727323552 0.10987742101595314
3 0.0631612040693658 0.4962411750291041 0.06401813370627811 0.17026012783598599
3 0.20605889406470398 0.5041612606265785 0.07208753767002271 0.12178009714365237
3 0.15334655879818065 0.6289575015467759 0.08273541245065089 0.10732784422909655
3 0.12416081163629522 0.7360574683211163 0.06938310244598911 0.1043218654603976
3 0.161884119707767 0.8692498797639917 0.12462374698366976 0.14963055358245533
3 0.394089213111561 0.7521696418253009 0.09879297778190618 0.17338258658402436
3 0.524849515362821 0.444943030063775 0.07493865800154474 0.1047103477489726
3 0.4711452649240774 0.41079401333890014 0.07918984767468452 0.12434903333770456
3 0.6172959695829651 0.5163394038866098 0.08507149470084398 0.11992496480124039
3 0.9489468933208786 0.6128224097375775 0.10210621335824296 0.13438197668355373
3 0.953913992995584 0.43084876441425685 0.09217201400883192 0.1828134470898154
3 0.7165410032426252 0.6683398935510723 0.0779484639958437 0.1353144635906001
3 0.5434618513834906 0.9652005592824385 0.051380168743839265 0.06959888143512293
3 0.6183127059683228 0.8852788860631399 0.10495845477543292 0.15447230528637054
3 0.44944792201390177 0.917536616401853 0.12025777335610902 0.16492676719629396
3 0.38013026207916717 0.938526661807022 0.09476263587255858 0.12294667638595595
3 0.3269530502770413 0.9589764335876205 0.08306150392125476 0.08204713282475906
0 0.11339539161045822 0.06526285380217439 0.10313741060656874 0.11220831474740343
0 0.23727997233876744 0.06839958945348577 0.06609982683449181 0.07922474488825376
0 0.4955080619652892 0.08507512698333705 0.05519920313700387 0.08122555808888142
0 0.5550740588324137 0.17834904205813343 0.06928821908934676 0.09395375907980268
0 0.726947828678574 0.12198191500646342 0.050759066853139086 0.0864411916419338
0 0.6208813355544885 0.3722202810052305 0.05133790724060279 0.09408008053082269
0 0.5378948143920976 0.3436220608681536 0.05201163098470876 0.11208707580030632
0 0.22549841789378955 0.23197775721874764 0.06826768317429834 0.09871774961877011
0 0.1472797646909869 0.284532416509527 0.07396038358973288 0.11914800022409026
0 0.10389975786994705 0.3775152934040574 0.07091949654492614 0.11548153685758046
0 0.22630138645528486 0.41577733400560407 0.08694434062055414 0.1172928678816782
0 0.3043120125521438 0.49721649264596873 0.07061412577466054 0.10233565269920793
0 0.29710691914834986 0.6300302632719494 0.06585825837036102 0.10338461958559372
0 0.2005385200724551 0.7047877853777553 0.09983423439729286 0.15066016106164537
0 0.2752786912156654 0.888922201663192 0.07518104656823522 0.12614100495460656
0 0.4712044475979617 0.7762127130071358 0.08064171876714836 0.11616138086258666
0 0.5134267736440742 0.6679520583348277 0.061565627296544294 0.11966280396368521
0 0.530548776598734 0.8300975358928866 0.0625861632115928 0.11489881342471778
0 0.718260084114917 0.8915771228130464 0.07934771323490174 0.12643236667103805