2 0.6622751073234051 0.16985133764138832 0.0452866047175282 0.06489101806808648
2 0.32685404484932173 0.0784335085285491 0.03054894712571499 0.04026219503537038
2 0.8119223829825541 0.09698025793904252 0.03332672490349309 0.04032684853080251
2 0.4046648647763022 0.2743782435845367 0.03610450268127055 0.04039150202623461
2 0.3681745661675471 0.26620712462123425 0.034982369670443665 0.04799806416740743
2 0.3576344342066103 0.32959552955197496 0.05172178794021818 0.05046931847333332
2 0.3463601483473239 0.5928384641179935 0.036177254284378395 0.04247483535956794
2 0.5729276120290621 0.5625853676141352 0.04053792522599922 0.04812737115827161
2 0.749486225221105 0.7721909624306476 0.06716931945858089 0.05568602380932109
2 0.746598228446169 0.6959313805326227 0.05866623238466262 0.050630952211913736
2 0.8472397760144582 0.5957518415258326 0.06414903633711017 0.04867692586944451
2 0.8417988941383394 0.3342857168212956 0.048871258559332394 0.048321331644567936
2 0.8897155608050061 0.3331704440250918 0.06154101229991764 0.05347338348512349
2 0.9439307285404113 0.330520811975277 0.047555121273551514 0.0503723382301852
3 0.11823625465853584 0.5683112663800307 0.06394181520247505 0.12222338348512349
3 0.27660268901593377 0.32523664429336396 0.10230822600992819 0.18764721225907408
3 0.40463182262709946 0.07662321065645028 0.095443141598432 0.15001790526820996
3 0.5282914053695182 0.2909294441083946 0.12287480346519968 0.18049322458592612
0 0.23577591112506527 0.7591680224594443 0.07481702939973403 0.07598654643679008
0 0.41829797258695545 0.6390418131557095 0.0626565368809038 0.08541782792956794
0 0.6391114217559053 0.9523932462871291 0.059175493606417245 0.06521428554524707
0 0.597607900399983 0.9089509310218822 0.0416600582368261 0.040520809017098716
0 0.6393363144325002 0.7671220499851846 0.0845326431921156 0.11576384025641964
0 0.4748037242277601 0.4913179457124378 0.11237656414316083 0.1580447151296915
0 0.5748169999623032 0.13094802727299332 0.12870372332865765 0.14871041388006184