2 0.7641174193522527 0.47702226528362285 0.023936468522938032 0.03874974807835388
2 0.7397395164027332 0.3578293443914006 0.030880912967382476 0.039357308241728284
3 0.8778885223738198 0.8986813141891787 0.08181889679230242 0.06387063030691327
3 0.2238188885166276 0.9579968149123872 0.07606927561779789 0.059217915509547144
3 0.3364557185892298 0.5618524616187249 0.16254766197845372 0.25282814489489674
3 0.8674812234140348 0.5404956211532527 0.08850841650530519 0.11840183307160478
3 0.9287020343250115 0.3944982783528824 0.14259593134997697 0.22855721709094626
0 0.5030007699614174 0.9189288069950625 0.09545094623617116 0.08926979415654286
0 0.751687954963144 0.8239577063979027 0.09623295285270281 0.1951552580585182
0 0.7670360624908016 0.6594527578587669 0.10156018380590599 0.16104059599967052
0 0.7004435550011718 0.5620822655350218 0.07277781894998014 0.1073429784899588
0 0.6102666394600257 0.6320291272797953 0.07232499917243256 0.09762075626773657
0 0.6287825707169375 0.5055971111524291 0.08282348387045065 0.11513800716312737
0 0.6128730193902806 0.22389569077333446 0.08330864791782298 0.12555467382979404
0 0.721337541585986 0.026149643648231097 0.09823063872752742 0.052299287296462195