0 0.04387624541919799 0.2069082041261639 0.07011769346553988 0.11103863047455004
3 0.20257100771424175 0.5083477277388135 0.10637689344044227 0.13965262046675725
3 0.36006504784556065 0.1358459736762242 0.06673321394328313 0.1004439557196179
3 0.41298147326811774 0.4623321283130317 0.05874335425453236 0.14144309205528915
3 0.3411170709797922 0.4044542059062393 0.05349147358183851 0.1106650263894017
0 0.27200989906713974 0.38203745218817997 0.06216207944696382 0.0932324991427753
0 0.7106649004560046 0.18045271299782797 0.04807780577728364 0.07710918294573656
0 0.4808970851364055 0.28611085680653087 0.05500855195365817 0.10107631023337862
2 0.3472480436162217 0.8898356967556711 0.03379814732681178 0.04575259099298642
3 0.5516270334379708 0.5383266317050175 0.06261384319361664 0.08911033449817486
2 0.6842421348185337 0.9384135067470589 0.036825454936416056 0.03833621221442943
2 0.6621680014601027 0.9632893268856912 0.03282057540161042 0.04084697785980893
3 0.9206089768742619 0.9766122091956863 0.07526878119144272 0.04677558160862753
3 0.6671194473561562 0.6681856138140372 0.07710258469294963 0.11217809513965812
3 0.7747981350067663 0.7470386373241477 0.05701099172106107 0.09982092741068888
3 0.5655188833334291 0.9367298814158572 0.12711563493977518 0.12654023716828564