2 0.8430555555555556 0.59375 0.022222222222222223 0.03680555555555556
2 0.9763888888888889 0.7493055555555556 0.03611111111111111 0.03194444444444444
2 0.9534722222222223 0.6902777777777778 0.0375 0.03194444444444444
2 0.3729166666666667 0.59375 0.020833333333333332 0.05694444444444444
2 0.35347222222222224 0.8604166666666667 0.020833333333333332 0.027083333333333334
2 0.5944444444444444 0.8972222222222223 0.025 0.03680555555555556
2 0.6881944444444444 0.8743055555555556 0.02638888888888889 0.044444444444444446
2 0.6652777777777777 0.8791666666666667 0.027777777777777776 0.025
2 0.3368055555555556 0.49375 0.034722222222222224 0.019444444444444445
2 0.24305555555555555 0.7222222222222222 0.03333333333333333 0.041666666666666664
2 0.2569444444444444 0.7826388888888889 0.03888888888888889 0.044444444444444446
1 0.2520833333333333 0.41388888888888886 0.15416666666666667 0.21944444444444444
1 0.4388888888888889 0.05277777777777778 0.18888888888888888 0.10555555555555556
3 0.08472222222222223 0.325 0.15555555555555556 0.16527777777777777
3 0.3013888888888889 0.9604166666666667 0.06666666666666667 0.07916666666666666
3 0.30694444444444446 0.6805555555555556 0.08888888888888889 0.1111111111111111
3 0.6 0.03333333333333333 0.10555555555555556 0.06666666666666667
3 0.46319444444444446 0.5159722222222223 0.059722222222222225 0.07430555555555556
3 0.4909722222222222 0.5701388888888889 0.08472222222222223 0.11388888888888889
3 0.4083333333333333 0.6472222222222223 0.10277777777777777 0.13819444444444445
3 0.7847222222222222 0.42569444444444443 0.14166666666666666 0.15555555555555556
3 0.9493055555555555 0.5270833333333333 0.10138888888888889 0.1701388888888889
3 0.8722222222222222 0.7409722222222223 0.04722222222222222 0.06944444444444445
3 0.9604166666666667 0.8506944444444444 0.07916666666666666 0.11597222222222223
3 0.9569444444444445 0.9430555555555555 0.08611111111111111 0.08402777777777778
0 0.7631944444444444 0.28888888888888886 0.08194444444444444 0.08888888888888889
0 0.5986111111111111 0.17777777777777778 0.13055555555555556 0.2125
0 0.5743055555555555 0.4840277777777778 0.12638888888888888 0.2125
0 0.6430555555555556 0.6826388888888889 0.09166666666666666 0.15069444444444444
0 0.44930555555555557 0.9458333333333333 0.06527777777777778 0.10833333333333334
0 0.0375 0.8305555555555556 0.06111111111111111 0.10625
0 0.0375 0.7569444444444444 0.075 0.10625
0 0.05 0.08611111111111111 0.1 0.14791666666666667