0 0.5854551294050429 0.6256865783675727 0.050237042564755544 0.08669726545348529
0 0.026732955802437588 0.6149747509161604 0.053465911604875176 0.152689387056568
0 0.2870771486021327 0.7046820166833666 0.05491322930778513 0.09666216837349914
0 0.658979721596232 0.8872569503806158 0.0838861128696572 0.14750470168173485
0 0.913798532591699 0.8467994301538492 0.08593009899958398 0.1600855952476656
0 0.9364977928556698 0.6910889366004676 0.05534405497733511 0.1313034970297909
0 0.9598806452594516 0.3241795892360093 0.04508182421205649 0.09401258007865212
0 0.6369856083227655 0.2765229105630178 0.0561929353231676 0.0946597286060964
0 0.5816809005488368 0.42028596080984343 0.05480404643427871 0.0945788350401658
0 0.7401175109312012 0.382672765637471 0.04808387356132218 0.07203303855422152
0 0.40033552289220176 0.6572383091867017 0.05374861199038416 0.07443994615127691