0 0.8789717593889301 0.20799023141359593 0.050977751715110584 0.08810924202208288
0 0.6455500260626672 0.13680337793677885 0.06364744416153469 0.10371294141649254
0 0.40581170188840576 0.30977753388744056 0.04953229867741366 0.08313475690418552
0 0.2568051282622642 0.2718953837134739 0.04244240356460567 0.07006788687025423
0 0.5075314085508302 0.34936052338623025 0.05667875793902984 0.10106273804922791
0 0.41391537294012565 0.74835458695191 0.0792726874248476 0.13482116660225232
0 0.17229864940945785 0.5451241154275891 0.06075653808614084 0.09376397118069772
3 0.8250487797227938 0.9834028454022785 0.0705918886059793 0.03319430919544288
3 0.8184527738171362 0.8689597969334961 0.06483431823325216 0.08646520431216768
3 0.5138259998939443 0.8239353135550245 0.04672219852888841 0.0801302311128353
3 0.17192402298610676 0.9357420152257258 0.06075653808614084 0.09376397118069804