1 0.5701132475731916 0.2191622277101006 0.09094278137683413 0.12400123860383105
0 0.44799790926290056 0.13438404825888892 0.09687787035895938 0.16584591335876317
0 0.3212949294586966 0.058581021832574166 0.08260944804350095 0.11716204366514833
0 0.15689562212072936 0.3645068489971694 0.07091949654492614 0.11511629309708395
0 0.10982008500599545 0.40207720063163904 0.07406562729654445 0.12015541229646058
0 0.02882857464077392 0.21005238878634994 0.05765714928154784 0.11789407087486173
0 0.16557330731732553 0.5235884550018451 0.08721781023775231 0.11132323051556561
0 0.06964639602696665 0.7329618582502765 0.1392927920539333 0.18110503872687786
1 0.6488946400953701 0.5748534183339468 0.10307442840299375 0.11994116388991453
1 0.44450086582754095 0.3446941229728055 0.11038722582127873 0.12524729522168926
1 0.6317737582263785 0.08943568716623435 0.0975188728474382 0.11958514771338362