0 0.04535075464339514 0.0998638998269361 0.08343263610228406 0.12595503838588049
0 0.4191223382301852 0.05799750763860179 0.0404405727792593 0.06779821776483119
0 0.4873874370144444 0.03916459499666643 0.049758710655030805 0.05071999442826119
0 0.5480788810366976 0.05272809600829899 0.04893553985117289 0.07498513744459658
0 0.751234803359167 0.40285050221317603 0.06752448674404327 0.09842716712112541
0 0.699698702211204 0.305582523737527 0.04900019334660502 0.07776291522237434
0 0.5165096779796915 0.2468162588774637 0.07220838137416669 0.12077062696100806
1 0.7863322669688276 0.5988784669649084 0.08533875295462963 0.14821767314732281
1 0.7060012567529326 0.5167340473878583 0.11177613196509273 0.15106884472583917
1 0.6387135086090131 0.956326190463311 0.12735985258327168 0.08734761907337796
1 0.6285363893929637 0.826074438050984 0.1620670726945371 0.16502369613776485
0 0.42388249898475366 0.6799368420862829 0.130107626139136 0.22308157297425896