3 0.47638888888888886 0.8763888888888889 0.04722222222222222 0.10347222222222222
0 0.9076388888888889 0.04791666666666667 0.07083333333333333 0.09583333333333334
0 0.7513888888888889 0.19722222222222222 0.04722222222222222 0.07916666666666666
0 0.7736111111111111 0.325 0.06111111111111111 0.09652777777777778
3 0.6680555555555555 0.40625 0.05 0.09166666666666666
3 0.7895833333333333 0.5902777777777778 0.059722222222222225 0.10347222222222222
3 0.8743055555555556 0.5840277777777778 0.0763888888888889 0.12083333333333333
3 0.7548611111111111 0.8743055555555556 0.08194444444444444 0.14791666666666667
3 0.6763888888888889 0.7652777777777777 0.058333333333333334 0.1284722222222222
0 0.6006944444444444 0.7861111111111111 0.04861111111111111 0.09652777777777778
0 0.5506944444444445 0.7138888888888889 0.043055555555555555 0.09861111111111111
0 0.09791666666666667 0.78125 0.06527777777777778 0.10625