0 0.4488380883477127 0.09969246990516341 0.04115625441309937 0.06454189193265655
0 0.5001989202636915 0.1895293722579163 0.04965964875661213 0.06725668750685937
0 0.5390313513722164 0.2616471708758868 0.04852579407723504 0.0871850889821251
0 0.49287232564528033 0.3392032807873124 0.0616493511145595 0.09577117123231815
0 0.21037429467851504 0.059263086404538395 0.08202918842074772 0.09179427127893626
0 0.15004271582269532 0.07076245108726859 0.09435901279905379 0.12447542167106174
0 0.38711830827209154 0.3165161820294876 0.05564029953185891 0.08979464084951634
0 0.3605169863848716 0.35991854975598553 0.06207444633425057 0.11788814974772871
0 0.38561684765701837 0.5574676835513716 0.09781692000603452 0.1668365327821729
0 0.3147563742428914 0.8943209403449739 0.17610465159132124 0.21135811931005213
1 0.43825330906661425 0.6830369836912258 0.06567412835547136 0.14507672678787362
1 0.22328816939385795 0.9066572795327521 0.12088933266763904 0.18668544093449574