0 0.5314682527004634 0.3845113937850951 0.0454638982604013 0.10698681643259612
3 0.9071389855621915 0.002538319310167678 0.06705574890216073 0.005076638620335356
0 0.793621854272037 0.023952493858130072 0.10668815298851844 0.047904987716260145
0 0.6354334106719753 0.0057833350727591335 0.05697793245506186 0.011566670145518267
0 0.645529132387284 0.0836756329724688 0.05693060359638906 0.12317158626466387
0 0.7852608392425929 0.22812053586297149 0.07393670111407447 0.13911540767943223
0 0.2081342414707412 0.5424042853798647 0.0797185439036421 0.14929112592879948
3 0.04507888044506193 0.2328799519177029 0.061500193346604996 0.0812639711806978
3 0.09882936381157442 0.4198273968990131 0.09499632168141987 0.15053824000344823
3 0.3857278351901237 0.19115774436278873 0.055186120482623675 0.10778043448009984
3 0.5710486828765434 0.2316912440191657 0.056639662866944544 0.11067158626466388
3 0.44707162048120414 0.5249872895459624 0.05912649991527796 0.09839833427823648
3 0.9785559658254556 0.6971971451486907 0.04288806834908883 0.111125082291809
3 0.9564399667962118 0.8484300588196125 0.08712006640757643 0.1566464651892084
3 0.6034088242964514 0.8448007152642777 0.06855894267095676 0.14630080054117608
3 0.5069924482413278 0.7677879255035208 0.06804171470750002 0.12407857831895386
3 0.17194637791049447 0.7513043741356147 0.10362059574419764 0.16371848404416578
3 0.1403921769644452 0.8902498354163821 0.08348112622385813 0.13227013683804723