0 0.6940432227765576 0.6484679027159237 0.04669498467243345 0.06994544119103002
0 0.0014477072975626645 0.6650757629606062 0.002895414595125329 0.11637625185656539
0 0.02592637557224916 0.5563545611783034 0.05185275114449832 0.07219038637810071
0 0.25359329162396593 0.5376915015913554 0.0477927192319721 0.06440604682084812
0 0.3162260977953734 0.6403718257302647 0.05334827478752765 0.06447069156234306
0 0.6936724146960777 0.7879704301223884 0.06503578873286386 0.10208381985995946
0 0.47807395346657305 0.6641673308932962 0.05462798080291028 0.062403519414383546
0 0.4345757605925169 0.6466289332697 0.058060855821725946 0.07493584178513102
0 0.5312265264606724 0.8682850274772158 0.07438816221892305 0.12162523141664615
3 0.2998319086403141 0.7148228319541838 0.05641720689465567 0.07005856948864625
3 0.13369838534791156 0.81253086279087 0.05641720689465563 0.07005856948864625
3 0.10108703201347853 0.7726571146474353 0.05576210965361762 0.057558569488646245
3 0.15125128599589652 0.6894849066412133 0.07586165133910008 0.07028482608387823