3 0.06666666666666667 0.8159722222222222 0.06111111111111111 0.0763888888888889
3 0.8673611111111111 0.7097222222222223 0.06527777777777778 0.1111111111111111
3 0.8034722222222223 0.7173611111111111 0.06527777777777778 0.10625
3 0.5888888888888889 0.8618055555555556 0.05555555555555555 0.07916666666666666
0 0.21388888888888888 0.7208333333333333 0.03888888888888889 0.059027777777777776
0 0.14722222222222223 0.7125 0.058333333333333334 0.04722222222222222
0 0.030555555555555555 0.6875 0.06111111111111111 0.08125
0 0.5638888888888889 0.7555555555555555 0.06388888888888888 0.07916666666666666
0 0.3958333333333333 0.71875 0.06111111111111111 0.08402777777777778
0 0.34305555555555556 0.9555555555555556 0.04722222222222222 0.08888888888888889
0 0.07361111111111111 0.9409722222222222 0.09166666666666666 0.10833333333333334
0 0.8694444444444445 0.26666666666666666 0.05277777777777778 0.09861111111111111
0 0.9048611111111111 0.40347222222222223 0.0875 0.16041666666666668
0 0.7125 0.8027777777777778 0.07777777777777778 0.14791666666666667