3 0.11419163665085451 0.8194660741744249 0.0655602572372904 0.07959158651174157
3 0.9086977233016132 0.7551786918920267 0.07174926305222015 0.11453217448097633
3 0.8452537490253422 0.7594693059933879 0.07146613557146364 0.10967106336986521
3 0.6390833465487843 0.8926679144666798 0.060166488813595875 0.08207820996016911
0 0.25587264960683526 0.7320427750133172 0.04232686544093648 0.061065858083229486
0 0.1887206215445854 0.7202155897277811 0.06108371457497144 0.05027934268039947
0 0.07059787069116914 0.6891013488114263 0.06584338471804728 0.08445269762285253
0 0.6078949887550986 0.7851077199846037 0.0684998221469292 0.08251494145419416
0 0.4376957537023839 0.7394947459662038 0.06600517184990827 0.08723047540063046
0 0.39871032891576197 0.9639262425243746 0.05239941044177638 0.0721475149512508
0 0.12841650202904686 0.9441306636011534 0.09797636480924818 0.11173867279769323
0 0.8849760091031066 0.3122323192099775 0.05852122095884561 0.10137707723993827
0 0.9283606920139309 0.4508939836151408 0.09684320686497662 0.16500234735393285
0 0.7592564811078478 0.8401183205169446 0.08639294254937953 0.15199282727757008