3 0.7177301774064517 0.23363575801214423 0.07584416689461414 0.09099034092833733
3 0.7468721852490173 0.9005502436283384 0.1063124699279219 0.12378344869640488
3 0.6057985313406143 0.6600543720118399 0.06512920598204598 0.10038926283679817
3 0.09095701617407655 0.8049856048794832 0.06719957269099726 0.0831089768041273
3 0.1585609793000212 0.6303546614466713 0.0593496420784548 0.060684691885804415
3 0.017797404664907406 0.7752956627664497 0.03559480932981481 0.09348523093157407
0 0.4344451967222199 0.3095204091370596 0.060764464216107844 0.09540691410802664
0 0.21042854452172333 0.5859761795252638 0.04597008915912097 0.0727805664936028
0 0.21416016111670075 0.6479635915073101 0.04180342249245438 0.07265932887594223
0 0.005688828475472672 0.6116162678513631 0.011377656950945343 0.07739920236939292
0 0.3392474136389487 0.6835855770207891 0.056286536679157624 0.08764678760147718
0 0.23117813918123556 0.40094343198118865 0.05608846157988615 0.08278567649036606
0 0.37112696307636994 0.3619089240780391 0.05441660826346653 0.07580081950670142