0 0.5792445803787035 0.13227226266645012 0.08771244638595685 0.13044415383290134
2 0.03010586066809407 0.2388398181358642 0.06021172133618814 0.16468147483938272
2 0.09439247053416651 0.1789548009121604 0.0974831587297532 0.132753774400247
1 0.044436315604135454 0.9167786490207716 0.08887263120827091 0.16637804846302484
2 0.14977245719632643 0.9008849211420369 0.1572065422148767 0.19383372002654337
1 0.20652236052302392 0.9377378055562653 0.20681745997938278 0.11864092080314839
1 0.12127081138364133 0.7537117696728394 0.18566318169469156 0.22364692164753106
1 0.1822058672766661 0.6703934384504627 0.15962988703067924 0.2383104912187038
2 0.2677668430451537 0.721845238940432 0.13920063804379654 0.25518670111407415
0 0.3883392398709561 0.849523713949259 0.234323944190278 0.2865515866254324
0 0.45184427220740686 0.6557887160602156 0.14012078909080275 0.23508013897290125
0 0.3824979692690118 0.5935484913048453 0.14023393270780893 0.23994125008401251
0 0.6858685661964808 0.8294113454935796 0.18773209354851872 0.31253581053641993
1 0.8275352328631473 0.8261140172265424 0.1821765379929635 0.31240650354555566
1 0.8371824445305859 0.5309104748422214 0.23941308442975356 0.38592179567641993
1 0.6184941948687648 0.6824488985159871 0.26135820677058663 0.255253677135309
0 0.6983108802784563 0.47375880969487594 0.17293805572358042 0.2733236541703705
0 0.3560802374211107 0.41648190197682067 0.11952874510243845 0.18532200894932108
1 0.5694495758207403 0.5531055959997835 0.15882171833777806 0.20358826899648158
0 0.5048685650132095 0.4352289988195674 0.12161265906722242 0.21521544680814833
1 0.5170782049152156 0.41759311035286995 0.19685394841219161 0.16768786237697542
2 0.7019643834018208 0.2869694175131784 0.14152468009064828 0.17611701469055568
2 0.8414195710071911 0.2295862394487647 0.14268728174552495 0.16642711921604952
1 0.43067731433756146 0.3724074732367589 0.07947841582157417 0.253796650962284
1 0.3426306627836418 0.24883043076771574 0.048129693684074146 0.159367789260247
0 0.3887555174778702 0.20541870035583298 0.08852061507885813 0.1651663760551235
0 0.4382232874034566 0.1674817086302157 0.1046054002866359 0.14055429702771613
0 0.5031604730673146 0.2402355802954008 0.10240950396774716 0.165489643532284
0 0.5974109570254628 0.2463706947840427 0.11193892696657426 0.21707249290746927
0 0.6659364116858023 0.16495789978256117 0.09963172618996939 0.16542499003685193
0 0.7766445997133641 0.12004297560188207 0.08181745997938271 0.11573151350870374
2 0.5744163766467592 0.10115156965731434 0.10455691016506184 0.1384709636943828
1 0.41850580749777766 0.09020499544203668 0.06880023201592596 0.09321835055703712
0 0.44182713914234567 0.0481873796020986 0.09967905504864202 0.0963747592041972
0 0.5334291523135802 0.04981755783595659 0.0859194731506174 0.09963511567191317
1 0.8568768877917592 0.13205691312324003 0.10512262825009265 0.16277651924993836
0 0.8919564461332098 0.037205116431573725 0.09662649991527764 0.07441023286314745
1 0.9619013745358024 0.04474225844453665 0.07064169537283962 0.0894845168890733