0 0.49166666666666664 0.10833333333333334 0.03888888888888889 0.06944444444444445
0 0.40555555555555556 0.125 0.03333333333333333 0.06666666666666667
0 0.41597222222222224 0.9159722222222222 0.034722222222222224 0.06944444444444445
3 0.3951388888888889 0.4638888888888889 0.04583333333333333 0.08402777777777778
0 0.39375 0.6826388888888889 0.05416666666666667 0.1111111111111111
0 0.5333333333333333 0.7013888888888888 0.06111111111111111 0.10347222222222222
0 0.6013888888888889 0.22569444444444445 0.05277777777777778 0.10138888888888889
0 0.7777777777777778 0.08541666666666667 0.06388888888888888 0.12569444444444444
3 0.4951388888888889 0.5111111111111111 0.05138888888888889 0.09861111111111111
3 0.8423611111111111 0.5923611111111111 0.05694444444444444 0.09375
3 0.6902777777777778 0.4652777777777778 0.06111111111111111 0.10138888888888889
3 0.4354166666666667 0.7083333333333334 0.04861111111111111 0.08888888888888889
3 0.30416666666666664 0.725 0.058333333333333334 0.12083333333333333
3 0.26666666666666666 0.9027777777777778 0.09444444444444444 0.18541666666666667