2 0.4666666666666667 0.06527777777777778 0.10555555555555556 0.13055555555555556
2 0.8166666666666667 0.23472222222222222 0.1638888888888889 0.23680555555555555
2 0.9243055555555556 0.37916666666666665 0.15138888888888888 0.21944444444444444
2 0.9791666666666666 0.5416666666666666 0.041666666666666664 0.26944444444444443
0 0.9708333333333333 0.5361111111111111 0.058333333333333334 0.28125
0 0.9284722222222223 0.7861111111111111 0.14305555555555555 0.4270833333333333
2 0.8506944444444444 0.8541666666666666 0.2986111111111111 0.2916666666666667
2 0.7166666666666667 0.3875 0.16111111111111112 0.24166666666666667
2 0.6645833333333333 0.5541666666666667 0.1763888888888889 0.23472222222222222
1 0.48541666666666666 0.25069444444444444 0.2375 0.14583333333333334
1 0.5159722222222223 0.86875 0.14027777777777778 0.2625
2 0.6173611111111111 0.8048611111111111 0.2513888888888889 0.3902777777777778
2 0.40694444444444444 0.9173611111111111 0.12222222222222222 0.16527777777777777
2 0.3590277777777778 0.5590277777777778 0.1486111111111111 0.2
0 0.37916666666666665 0.6479166666666667 0.23055555555555557 0.44722222222222224
0 0.24305555555555555 0.9430555555555555 0.21388888888888888 0.11388888888888889
2 0.30833333333333335 0.8347222222222223 0.041666666666666664 0.2125
1 0.24027777777777778 0.6986111111111111 0.14166666666666666 0.47430555555555554
0 0.14791666666666667 0.7569444444444444 0.16805555555555557 0.31875
0 0.04652777777777778 0.7222222222222222 0.09305555555555556 0.23958333333333334