0 0.7361111111111112 0.12569444444444444 0.03333333333333333 0.059027777777777776
0 0.68125 0.3111111111111111 0.0375 0.06944444444444445
0 0.6 0.25277777777777777 0.03333333333333333 0.06180555555555556
3 0.7763888888888889 0.6972222222222222 0.05 0.07152777777777777
3 0.5861111111111111 0.8791666666666667 0.05 0.06944444444444445
3 0.4666666666666667 0.9305555555555556 0.05555555555555555 0.07916666666666666
0 0.7361111111111112 0.5493055555555556 0.03611111111111111 0.05694444444444444
0 0.5736111111111111 0.5729166666666666 0.03888888888888889 0.06944444444444445
0 0.5715277777777777 0.7875 0.034722222222222224 0.06944444444444445
0 0.3854166666666667 0.5430555555555555 0.0375 0.05416666666666667
0 0.42916666666666664 0.5236111111111111 0.041666666666666664 0.059027777777777776
0 0.47847222222222224 0.6284722222222222 0.034722222222222224 0.07152777777777777
0 0.4152777777777778 0.6729166666666667 0.04722222222222222 0.07152777777777777
0 0.6402777777777777 0.6368055555555555 0.044444444444444446 0.07430555555555556
0 0.6486111111111111 0.7541666666666667 0.041666666666666664 0.08125
0 0.9833333333333333 0.6763888888888889 0.03333333333333333 0.09375
0 0.8756944444444444 0.7972222222222223 0.06527777777777778 0.08402777777777778
0 0.9298611111111111 0.8923611111111112 0.10138888888888889 0.13055555555555556
0 0.09652777777777778 0.4027777777777778 0.0763888888888889 0.09861111111111111