0 0.8029301588207428 0.6277191970701103 0.16189694655144599 0.2802845462460368
0 0.4705496424101472 0.8892770879264222 0.15215536492202786 0.22144582414715552
3 0.445961596001345 0.6509346736865639 0.08486757954427257 0.1072825364703372
3 0.909569935253979 0.9916541469919266 0.053437938839423146 0.016691706016146984
3 0.3875308185597026 0.5480715527997532 0.0655786574297243 0.06851961198859821
3 0.26568280172278264 0.6233114810587643 0.047523101874168736 0.0671514438000478
0 0.19927894296600163 0.7942069764931129 0.06174207129388031 0.11243783789898505
0 0.07697420061107377 0.796109263258211 0.0862272675542853 0.12672698091478166
0 0.10204655573593364 0.6472143221797324 0.05707044235929912 0.08514401715202824
0 0.5323291383737577 0.36426708309344713 0.06369432420843597 0.10084276975705235
0 0.6175220394810954 0.2541358865992675 0.0497860759123515 0.07975668750685938