0 0.729489961830737 0.7725961717589942 0.10533832733017082 0.16430956623523166
0 0.8484441398092962 0.5599578286300657 0.10906007938421945 0.15671916090246407
0 0.7344097541415929 0.24857295042085298 0.06464303147591484 0.10901210311902992
3 0.7819020535977464 0.20493559219184318 0.037216224497998954 0.06705453511563617
0 0.5081901495398443 0.17059510393240715 0.06562745253515108 0.10208381985995921
0 0.384974065039374 0.4770965753589517 0.06129899873662339 0.09925755852606023
3 0.5805418572874858 0.020435438185173422 0.06941704790830477 0.040870876370346844
3 0.464519099042042 0.3872218541622654 0.056498881810582206 0.06450301393309053
3 0.7163372602117464 0.6302916247966911 0.06452169112701919 0.10692876978569658
3 0.612497407915023 0.27917796258578154 0.08248265484857424 0.12934492623240365
3 0.6472538758074199 0.2197057522102262 0.05713233206995672 0.0992090749699391
3 0.9967251290777871 0.3586563666808546 0.006549741844425702 0.05933484029987868
3 0.9455531668591459 0.401777053504531 0.07657677651440117 0.09943533156517124
3 0.9574657164742831 0.49892655039257144 0.054166018645422455 0.07210958045123195
3 0.9911643668967924 0.8074694926091375 0.017671266206415088 0.1465444254897774