0 0.4828234941373389 0.1140543929556333 0.0445575892282016 0.06989695763490886
0 0.3953518949447927 0.12971906612912878 0.03877528565907353 0.06705453511563617
0 0.34120206474668796 0.920812497241654 0.04039092256153493 0.06984847407878761
3 0.35727197062228017 0.46848674612771474 0.05269246074390171 0.08456109689511082
0 0.33802667566455635 0.687220584942341 0.06323658720956694 0.11174139734068657
0 0.4760794599062753 0.7075947840724007 0.06955747461668693 0.10418331437866628
0 0.5829656127861227 0.23269223771126898 0.061054080273174334 0.10200301393309054
0 0.7708052763604232 0.09446693047595472 0.07414923650304482 0.12643785897163592
3 0.45341725439154756 0.5168725736968454 0.059438443370712926 0.0992090749699391
3 0.794007097216774 0.6021628700402775 0.0645971899025167 0.09441260860032294
3 0.6522974855043828 0.47330988690852094 0.06938741360650766 0.10209998104533295
3 0.3775959232056773 0.7133998649479972 0.055867047545431266 0.08945453037696957
3 0.24498543512424228 0.7285392995968465 0.06819687192373741 0.12151210311902977
3 0.1929735622556018 0.9058807253695338 0.10957987435040929 0.18651562727208038