0 0.5826388888888889 0.14583333333333334 0.08472222222222223 0.1284722222222222
2 0.03194444444444444 0.23958333333333334 0.06388888888888888 0.16319444444444445
2 0.09861111111111111 0.18125 0.09444444444444444 0.13055555555555556
1 0.05486111111111111 0.9180555555555555 0.10694444444444444 0.1638888888888889
2 0.17083333333333334 0.9048611111111111 0.1527777777777778 0.19027777777777777
1 0.22847222222222222 0.9430555555555555 0.20416666666666666 0.11388888888888889
1 0.1388888888888889 0.7569444444444444 0.18055555555555555 0.21944444444444444
1 0.19791666666666666 0.675 0.15416666666666667 0.23472222222222222
2 0.2847222222222222 0.7284722222222222 0.13333333333333333 0.2520833333333333
0 0.4083333333333333 0.8590277777777777 0.22777777777777777 0.28125
0 0.4673611111111111 0.6666666666666666 0.13472222222222222 0.23194444444444445
0 0.39652777777777776 0.6027777777777777 0.13472222222222222 0.23680555555555555
0 0.7055555555555556 0.8458333333333333 0.18055555555555555 0.30833333333333335
1 0.8472222222222222 0.8458333333333333 0.175 0.30833333333333335
1 0.85 0.5506944444444445 0.23055555555555557 0.38055555555555554
1 0.6347222222222222 0.6972222222222222 0.25555555555555554 0.24930555555555556
0 0.7097222222222223 0.49027777777777776 0.16666666666666666 0.26944444444444443
0 0.3659722222222222 0.425 0.11527777777777778 0.18263888888888888
1 0.5826388888888889 0.5666666666666667 0.15416666666666667 0.2
0 0.5152777777777777 0.44722222222222224 0.11666666666666667 0.2125
1 0.5270833333333333 0.42986111111111114 0.19305555555555556 0.16319444444444445
2 0.7090277777777778 0.3034722222222222 0.1375 0.17291666666666666
2 0.8472222222222222 0.24930555555555556 0.1388888888888889 0.16319444444444445
1 0.4395833333333333 0.38263888888888886 0.07361111111111111 0.2520833333333333
1 0.3486111111111111 0.2569444444444444 0.044444444444444446 0.15833333333333333
0 0.39375 0.21458333333333332 0.08472222222222223 0.16319444444444445
0 0.4423611111111111 0.17777777777777778 0.10138888888888889 0.13819444444444445
0 0.5090277777777777 0.2520833333333333 0.09861111111111111 0.16319444444444445
0 0.6034722222222222 0.2604166666666667 0.10694444444444444 0.21458333333333332
0 0.6701388888888888 0.18055555555555555 0.09583333333333334 0.16319444444444445
0 0.7798611111111111 0.13819444444444445 0.07916666666666666 0.11388888888888889
2 0.5770833333333333 0.11458333333333333 0.10138888888888889 0.1361111111111111
1 0.42083333333333334 0.1 0.06666666666666667 0.09166666666666666
0 0.44305555555555554 0.05277777777777778 0.09722222222222222 0.10555555555555556
0 0.5347222222222222 0.05555555555555555 0.08333333333333333 0.1111111111111111
1 0.8604166666666667 0.15208333333333332 0.10138888888888889 0.16041666666666668
0 0.8930555555555556 0.04722222222222222 0.09444444444444444 0.09375
1 0.9631944444444445 0.05555555555555555 0.06805555555555555 0.1111111111111111