0 0.9127974737700709 0.16521799626349146 0.17440505245985807 0.19393368835633348
1 0.7607203415495282 0.09279788528120882 0.09244820578983245 0.06836704754543135
1 0.7319587907337586 0.15534048649238957 0.13923856364626203 0.11227279354036925
1 0.7784268703689549 0.26798203208360055 0.1980429120858648 0.22005322802046912
1 0.8851971254559567 0.39950092286229555 0.20404338225403806 0.22814561293650304
2 0.8829197033843204 0.5584011262295602 0.19387559739795393 0.2909007617575294
2 0.6685428610148715 0.2618032633252643 0.11079929105172617 0.1935795951552769
2 0.5928004726321826 0.17258868204277267 0.13667607003013638 0.1632081864021131
2 0.4929280140938691 0.10233676298164124 0.11663862210928279 0.12770654653611402
1 0.35077663405286347 0.1709738474209132 0.09782697990296849 0.23191581441396147
1 0.4786421545306067 0.19187760971530837 0.17963703375169157 0.18883162882792293
1 0.571402180379824 0.3243460937594742 0.13125490507030216 0.2125279423613956
0 0.7188608821870471 0.39220272905133824 0.22847647927128018 0.2916517785938524
0 0.5598947466155836 0.4859815883048504 0.13422121849483643 0.23972464970151527
2 0.849946782069861 0.8634411177254324 0.220237089750703 0.27311776454913506
2 0.6727222090067713 0.887428081089249 0.2063755973979536 0.22514383782150213
1 0.6931429293339286 0.7382219283597818 0.47974143572629624 0.5235561432804363
1 0.4364118249874033 0.4856702109264891 0.17831404411817478 0.3559801923291884
1 0.126169347678179 0.33754202815360795 0.17351457521337801 0.24984356633597468
1 0.1751389267444311 0.4671336754284512 0.1710205729376013 0.18329027367609427
2 0.1580981497908209 0.1008214457973848 0.13267119049533077 0.16564584215953215
2 0.04740779686240926 0.8902777777777777 0.09481559372481851 0.21944444444444444
1 0.2460948964691487 0.6145682160374899 0.4554316231216827 0.31985396392223386