3 0.18430124650155552 0.7590081306152159 0.06587976155682801 0.10499157936487664
0 0.32228328762128383 0.12237746901484542 0.04066563309850816 0.06760414235043212
0 0.33833677604052226 0.2553552081233022 0.05186158756102894 0.08244608966549391
0 0.4449615848720849 0.07854432961975272 0.050432297076230745 0.07546931847333337
0 0.5935524951852413 0.07161314539191307 0.044860580882311436 0.07256223370469139
0 0.4290226099369851 0.3233928584106478 0.04635047376097374 0.08995567156351854
0 0.5626508749204572 0.3709839350743514 0.05186158756102909 0.08244608966549391
0 0.7488553727073574 0.5020849809209252 0.042082803104533655 0.07249758020925931
0 0.6662331074620297 0.6262468080061105 0.0420706826257608 0.07041424687592597
0 0.44683807094307143 0.8786089831151848 0.05627470396274311 0.12490418101975315
3 0.6867993272571635 0.460467965638734 0.049184813773024735 0.09974254728117289
3 0.5123276621531818 0.31659214243657363 0.06579491820541819 0.09040824603154331
3 0.688714825908467 0.9090952401237031 0.05883431312261014 0.08746883451518543
0 0.7439875702926566 0.85919105910395 0.07563026489618684 0.11007897771000014
1 0.8656163520602079 0.8737235797899067 0.1326353117344954 0.12182104103302467