0 0.7449005228901219 0.09140951843012941 0.03746095764944357 0.060580302729369366
0 0.7030050081602032 0.27938138241295724 0.0423560286071882 0.071191035014985
0 0.617675944130165 0.2248323286491285 0.03765519879373092 0.06335808050714714
3 0.8251434161050586 0.6610613285580673 0.055001709465403795 0.07385656520516524
3 0.647588433278114 0.851868102934514 0.0548560286071882 0.07177323187183207
3 0.5317374500029888 0.9088202062332728 0.061091428167750116 0.0817542082526526
0 0.7745222973939699 0.5150206295412405 0.04009305456900544 0.05862634647533535
0 0.613673347120414 0.5462002997913608 0.04374491749607709 0.07125572355463466
0 0.6265951421832922 0.7608806659341686 0.039578250829410425 0.0710616579356857
0 0.4233908103748786 0.5251044858027774 0.041287702313606824 0.05591325723720723
0 0.46578112236486585 0.5036223523593689 0.04579429098277659 0.0609684339672673
0 0.5224192811172756 0.6061870203129175 0.039723931687626016 0.07314499126901902
0 0.4623326949814316 0.653574793311421 0.05222393168762601 0.07372718812586593
0 0.6848075601056939 0.6069841387770664 0.0496403950541359 0.07637558882434439
0 0.7013475817851752 0.7239571186502796 0.04734822013707682 0.08319065618948937
0 0.9314416528549653 0.7564360979731172 0.07115357239247544 0.08706813914131115
0 0.9685009836891393 0.8490521338156697 0.0629980326217214 0.1352778189499803
0 0.12469274369946946 0.39828192427212705 0.08328444951109618 0.10216898079184189