1 0.28533447403090983 0.7086941593922694 0.06706983297079026 0.2643522354033313
0 0.32092084271771193 0.6975288185896409 0.0945152362903689 0.1669295748878486
1 0.3346748171053065 0.8239613337396539 0.08481531962260379 0.3268369055849601
1 0.3997844700627082 0.7116641352269027 0.09087682683904698 0.11751083356128081
1 0.41473338817332256 0.8491511686025208 0.07271023953641355 0.2694397180564667
0 0.4902268578698263 0.7780678936723875 0.10383041702591432 0.22351913220088526
1 0.46852392568960066 0.5901976767226088 0.09390915764702785 0.13220735266562653
1 0.5721658499319583 0.5762592845301803 0.16585767568410859 0.19898247871532784
0 0.39655274170654575 0.5390021365450137 0.09034856962370223 0.16675979623133041
1 0.3267462272758561 0.44330555903746816 0.05943445887293722 0.22448593764246724
1 0.3088498293673285 0.3156539336550847 0.051883935785151894 0.1894807509927144
1 0.38473276659532973 0.10298888138654397 0.08210008730043654 0.17128135002940476
1 0.4437765411285274 0.41771842332162024 0.08257985822431411 0.11925460958157746
1 0.5008179581559064 0.40984255946031356 0.11763445490473556 0.21922394994483563
1 0.4127584282127562 0.28643776368487833 0.11143645598723866 0.18219202284725552
1 0.43522817388310997 0.19183887040228645 0.06455363780528735 0.1997123091844917
1 0.6056790692670174 0.405569796604601 0.13117691017128186 0.279455508136613
0 0.5762179700605113 0.3838698769763161 0.08018997077827458 0.14136364603278745
0 0.504743770564996 0.30420211457649876 0.0871829015141862 0.1444243882380959
1 0.5402883221508852 0.09773130147072415 0.13252434235077526 0.1954626029414483
0 0.5793973369426534 0.2414804694224519 0.09004553030203163 0.1493986851202193
0 0.640179227995084 0.09882579045341683 0.07927382323119142 0.16839038648061472
0 0.5284428870856934 0.05965981417941302 0.07263944769048926 0.10635845938303462
1 0.6124283517373507 0.8140316455273174 0.2014334999978031 0.32881293018969715
1 0.5278707395444687 0.887566107546574 0.11009605338981696 0.1849132077395271
1 0.5987075876688379 0.9242349072763419 0.09899197186077768 0.1053503908743178
1 0.7291521114773155 0.7662505840320005 0.1232608023062154 0.3825315801602923
0 0.6638344541899015 0.7314387460935415 0.11035060642002022 0.19949654107286044
0 0.6848113088063601 0.5633419274708508 0.10158089646348145 0.17415698375982377
0 0.7384231771291547 0.08231913106114748 0.10579604942161545 0.16463826212229496
0 0.7427614834072332 0.2251085831532599 0.1193818989888339 0.16030935793807008
0 0.7621906518792922 0.46372983743298907 0.11399604545341364 0.16980520861826784
1 0.7399578852839624 0.34597021292934627 0.18213645201903686 0.17743937111917915
1 0.827476676047384 0.14254634335622568 0.15296978535237019 0.17625092052355046
1 0.8403939015156507 0.0494356022906553 0.11313541377986983 0.0988712045813106