1 0.24027777777777778 0.8847222222222222 0.08333333333333333 0.23055555555555557
0 0.30416666666666664 0.7083333333333334 0.06388888888888888 0.14305555555555555
2 0.34652777777777777 0.5694444444444444 0.07361111111111111 0.1361111111111111
1 0.30069444444444443 0.8638888888888889 0.04583333333333333 0.1875
0 0.3284722222222222 0.5125 0.07083333333333333 0.13055555555555556
0 0.38472222222222224 0.41944444444444445 0.07777777777777778 0.14791666666666667
0 0.4361111111111111 0.3111111111111111 0.06666666666666667 0.1284722222222222
0 0.4513888888888889 0.46944444444444444 0.07222222222222222 0.14305555555555555
0 0.41944444444444445 0.6048611111111111 0.08333333333333333 0.10347222222222222
0 0.3819444444444444 0.6840277777777778 0.08611111111111111 0.12361111111111112
0 0.3486111111111111 0.825 0.09166666666666666 0.16805555555555557
1 0.38125 0.9416666666666667 0.17083333333333334 0.11597222222222223
0 0.44166666666666665 0.8034722222222223 0.1 0.1701388888888889
1 0.48819444444444443 0.36666666666666664 0.0625 0.23958333333333334
1 0.4638888888888889 0.6472222222222223 0.09444444444444444 0.20277777777777778
1 0.5111111111111111 0.6916666666666667 0.075 0.2861111111111111
0 0.5 0.9083333333333333 0.10277777777777777 0.18263888888888888
0 0.5881944444444445 0.81875 0.10138888888888889 0.1951388888888889
0 0.7402777777777778 0.8791666666666667 0.1388888888888889 0.23680555555555555
0 0.66875 0.675 0.10972222222222222 0.1951388888888889
0 0.8104166666666667 0.5145833333333333 0.14027777777777778 0.2
0 0.5826388888888889 0.5951388888888889 0.08194444444444444 0.15833333333333333
0 0.6618055555555555 0.4826388888888889 0.1125 0.1951388888888889
0 0.5694444444444444 0.4875 0.08055555555555556 0.13055555555555556
0 0.5381944444444444 0.37777777777777777 0.08472222222222223 0.16319444444444445
0 0.5979166666666667 0.2951388888888889 0.08472222222222223 0.13055555555555556
1 0.5958333333333333 0.23958333333333334 0.14722222222222223 0.15833333333333333
1 0.5506944444444445 0.21944444444444444 0.10694444444444444 0.13333333333333333
1 0.5152777777777777 0.12569444444444444 0.041666666666666664 0.17777777777777778
0 0.6763888888888889 0.29375 0.08611111111111111 0.16319444444444445
0 0.5576388888888889 0.09513888888888888 0.059722222222222225 0.13055555555555556
0 0.6159722222222223 0.11944444444444445 0.07083333333333333 0.1361111111111111
1 0.7020833333333333 0.12569444444444444 0.15138888888888888 0.2513888888888889
0 0.8013888888888889 0.16944444444444445 0.08888888888888889 0.1361111111111111
1 0.7548611111111111 0.32222222222222224 0.10416666666666667 0.2298611111111111
1 0.9520833333333333 0.08402777777777778 0.09583333333333334 0.16805555555555557