0 0.16425076335336924 0.6611670683401005 0.036681608120860985 0.06602498594807445
0 0.28088007638455015 0.4934344821459326 0.030762109653617625 0.05872452532709897
0 0.5691345384180645 0.3697490157007492 0.043371292527124045 0.06160889505762697
0 0.29497160711494647 0.40334403866125196 0.029373220764728734 0.058635521282966216
0 0.39901631991483927 0.28797938584143296 0.040484331875839843 0.059347553636028116
0 0.38871570129047117 0.4238141586153143 0.04556085582172595 0.07697567687953734
0 0.4963850786460535 0.44408868257249373 0.05528307804394817 0.07759870518846665
0 0.45232620684327746 0.520770433206184 0.05414894919324082 0.082370812255445
0 0.4570604176074563 0.597809264517451 0.04417196693283706 0.07688667283540475
0 0.5676718267232345 0.7008116814076522 0.04617955877159514 0.08878123243509306
0 0.6375609020541001 0.5054161710922425 0.04907242524735472 0.06474268901193561
0 0.9420551173412859 0.49217428542717456 0.071501201567639 0.12293319007423836
0 0.5527923925803926 0.882230363291086 0.0620032509169047 0.10017694358721958