1 0.6118694272315371 0.4774780386253749 0.23073197660084285 0.4103439445009899
0 0.038357014521509636 0.37442019979756136 0.07671402904301927 0.21064595515067833
1 0.052034257030915645 0.509894188585231 0.10406851406183129 0.29738758015539035
1 0.08882271627819069 0.6923324647693251 0.17764543255638138 0.3429012607345066
0 0.07829195116576645 0.8255930464995507 0.1565839023315329 0.2773964070951409
1 0.23255059005395246 0.8600154412570772 0.2627204968691782 0.2799691174858455
2 0.20420625837084805 0.6829541752731203 0.10438934672083774 0.12918652139361925
1 0.3553746798279897 0.7542857655909511 0.21521387666436526 0.2440322147975978
1 0.2979210035992215 0.5478637992279423 0.29569007218697246 0.28429677571569445
1 0.4093429464122855 0.6623060545999078 0.1258223349835622 0.18680998080040326
0 0.15499112596035997 0.41980601927499056 0.1323236613795193 0.21408731840869075
1 0.16802906296133152 0.2853748034651996 0.2152204850942058 0.20449738253300292
0 0.08432757580504244 0.19345459778015206 0.11559085153958537 0.17188713998590008
0 0.17391973019064014 0.17641977729052963 0.1338095524058853 0.21691359725520698
0 0.27158504102391884 0.4259634423823611 0.1165432308098275 0.15943564105463867
0 0.2641556153295199 0.22059307004949538 0.11305557910550029 0.17873458229286743
0 0.4245854988558677 0.3054586122929403 0.16632279281551107 0.3137654530320496
2 0.30980597806258725 0.14779104762483453 0.12125662609229913 0.09578925750944245
1 0.38068329890751873 0.9158642158474878 0.2867636923540884 0.16827156830502443
1 0.552749013686268 0.7854343382086262 0.13922845524492056 0.4291313235827475
1 0.6709213966688223 0.9036414669633476 0.1394378595645487 0.1927170660733048
2 0.4889064426811248 0.6337963649836351 0.10227075861587782 0.26713846049437107
0 0.5608685468925565 0.4645723879709379 0.17374782270249323 0.20859790602640246
0 0.4941578338394299 0.12502652203165493 0.13666008178677092 0.21909393272601743
0 0.636814347170389 0.22109135647142372 0.13980161758008763 0.22960760153016113
2 0.5861375448304732 0.17899478861595075 0.09231924790964412 0.1807848440395672
2 0.6128615453931152 0.07076727847235885 0.11316579810265842 0.10244269554145566
2 0.699552456706665 0.1169026518928116 0.1026543419209386 0.15895063036725326
0 0.7877799433003121 0.31814164176806814 0.12660496051321957 0.1694973707580306
2 0.7620855282932986 0.09822761611834323 0.11194005452451405 0.14679013784842304
1 0.8003284738064816 0.09817250661976414 0.14656527460925903 0.1452248867891087
1 0.8503328696138984 0.19934535332175346 0.1702006362547397 0.1467438494021083
1 0.8663227045032184 0.3785935926437923 0.12614201717521054 0.3151366998164098
1 0.8958487039405763 0.488785396071295 0.18725312828632165 0.3172707468409055
1 0.9317834234438311 0.6742924564455982 0.10158513522369787 0.2872288483145212
1 0.8748565916664844 0.8509943896588636 0.2014947415160612 0.24840831522132337
1 0.9507517371280165 0.23066370911744455 0.09801151505658177 0.38351412074860647