1 0.6277777777777778 0.45555555555555555 0.21666666666666667 0.4027777777777778
0 0.043055555555555555 0.3729166666666667 0.08611111111111111 0.2076388888888889
1 0.06458333333333334 0.5076388888888889 0.10416666666666667 0.29375
1 0.09861111111111111 0.6888888888888889 0.19444444444444445 0.33611111111111114
0 0.09652777777777778 0.8222222222222222 0.16805555555555557 0.27152777777777776
1 0.2625 0.8576388888888888 0.25277777777777777 0.2847222222222222
2 0.22777777777777777 0.675 0.1 0.12569444444444444
1 0.38125 0.7409722222222223 0.20694444444444443 0.23680555555555555
1 0.31666666666666665 0.5368055555555555 0.2861111111111111 0.2743055555555556
1 0.43194444444444446 0.6472222222222223 0.11944444444444445 0.18263888888888888
0 0.16944444444444445 0.41388888888888886 0.125 0.20972222222222223
1 0.17777777777777778 0.2791666666666667 0.20833333333333334 0.19722222222222222
0 0.09097222222222222 0.19027777777777777 0.10972222222222222 0.16805555555555557
0 0.1798611111111111 0.1701388888888889 0.12638888888888888 0.2125
0 0.2861111111111111 0.41597222222222224 0.1111111111111111 0.15555555555555556
0 0.27152777777777776 0.2111111111111111 0.10694444444444444 0.175
0 0.43472222222222223 0.2902777777777778 0.15555555555555556 0.30833333333333335
2 0.3145833333333333 0.13680555555555557 0.11805555555555555 0.09166666666666666
1 0.4125 0.9111111111111111 0.28055555555555556 0.17777777777777778
1 0.5798611111111112 0.7763888888888889 0.12361111111111112 0.44722222222222224
1 0.7020833333333333 0.8923611111111112 0.13194444444444445 0.21458333333333332
2 0.5104166666666666 0.6159722222222223 0.09305555555555556 0.2638888888888889
0 0.5763888888888888 0.4444444444444444 0.16666666666666666 0.20277777777777778
0 0.4979166666666667 0.1076388888888889 0.12916666666666668 0.21458333333333332
0 0.64375 0.1986111111111111 0.13194444444444445 0.225
2 0.5916666666666667 0.15833333333333333 0.08611111111111111 0.17777777777777778
2 0.6145833333333334 0.049305555555555554 0.10972222222222222 0.09861111111111111
2 0.7027777777777777 0.09236111111111112 0.09722222222222222 0.15555555555555556
0 0.7979166666666667 0.2902777777777778 0.12083333333333333 0.16527777777777777
2 0.7645833333333333 0.07152777777777777 0.10694444444444444 0.14305555555555555
1 0.8027777777777778 0.07013888888888889 0.14166666666666666 0.14027777777777778
1 0.85625 0.16944444444444445 0.16527777777777777 0.14097222222222222
1 0.8784722222222222 0.34791666666666665 0.11527777777777778 0.3111111111111111
1 0.9118055555555555 0.45694444444444443 0.1763888888888889 0.3111111111111111
1 0.9541666666666667 0.6409722222222223 0.09166666666666666 0.28402777777777777
1 0.9034722222222222 0.8194444444444444 0.19305555555555556 0.24166666666666667
1 0.9576388888888889 0.19722222222222222 0.08472222222222223 0.38055555555555554