0 0.9341538622386015 0.963290270871927 0.13169227552279683 0.07341945825614604
1 0.9527201452293894 0.7733555563835836 0.09455970954122109 0.306336955564298
1 0.8742176024568444 0.8923550579986924 0.15926780930296078 0.2152898840026151
1 0.7874973639351651 0.807211664267242 0.14620036621145688 0.38557667146551594
1 0.9072559364343201 0.3629341307491594 0.18548812713135968 0.25842980683314654
0 0.8341977241764426 0.09423777353915415 0.09333876134949214 0.07764637382283494
0 0.9340696340141139 0.5239335208486886 0.13186073197177217 0.14621165061406252
0 0.8769961825152242 0.6862104023616902 0.16062841199591024 0.2591147333420758
0 0.8034001886999564 0.40210994592288724 0.09982936593224787 0.17407703102846897
0 0.7155743816948392 0.3497063735304117 0.11431352566252176 0.16542313509982812
1 0.8020263024953965 0.1568932958690503 0.15116168242925818 0.14314251111985357
0 0.6456063560967317 0.11005036153605319 0.09676826774901899 0.13657703102846896
0 0.5914677464029753 0.1911937230283942 0.10969336296871006 0.15957621782784132
0 0.5940183177211221 0.323944332928865 0.12046423744794797 0.19002005237181502
0 0.5841821484345409 0.491043283202421 0.12902431879485365 0.19338055358245532
2 0.7418069515312176 0.47651770455450954 0.08429666855647294 0.11913339978465211
2 0.66717547435903 0.45887031423089 0.09546423744794796 0.18827188207322712
2 0.63116307840492 0.6013529878252635 0.11108236646911362 0.12583980176649479
0 0.702988033157332 0.7368762929995891 0.152465254284271 0.22678180660905634
0 0.667358245823247 0.875126621468505 0.16822469967361842 0.24974675706299018
0 0.5446402701972427 0.8017563940894418 0.13843447596962746 0.274824794726743
0 0.4487223074991206 0.6755960297276395 0.158786141691391 0.21962852058088614
1 0.4908716732809882 0.43066089991855344 0.08701730088479911 0.25396734301845625
0 0.4312915697075497 0.30980344821026673 0.11728965064641825 0.18496470011641641
1 0.43439607138256126 0.08561437263405065 0.14934769832067804 0.12092028889763135
1 0.3851743429111925 0.4384603936412613 0.21354807919944266 0.21379112124441457
1 0.3857833557102462 0.5558846654778823 0.19827030142166488 0.21272279495083302
1 0.3495875006228319 0.4677340223517522 0.222363538590404 0.13569278087132927
1 0.21204501402316567 0.44913986821781365 0.1288541431731598 0.22513075688261225
1 0.16978364957268668 0.28668366953612795 0.16162095030710555 0.11901659626914743
0 0.35681411935758167 0.8438607504030861 0.15473261980848146 0.2883931210203242
0 0.43817714952982434 0.937135312550213 0.16190427071255664 0.125729374899574
0 0.09322435583907472 0.38075931463535834 0.13055498249798275 0.17829701694896505
0 0.09936052338623023 0.5151416148550774 0.13098007771767392 0.2004221185990436
0 0.1476727383499886 0.890569139494209 0.15124642640556138 0.21886172101158208
1 0.25825946602683464 0.8961767436776132 0.18001628404847617 0.2076465126447734
1 0.09921806090290275 0.7333234918616529 0.08766960256412111 0.14353607591235149
1 0.23218287140842347 0.7550499462153104 0.149574331722736 0.15753160330889923