1 0.2145349902945352 0.8899266058593576 0.09004181484388003 0.2201467882812848
0 0.2835562716643846 0.7242740328652584 0.0680513804285655 0.14640383034308305
2 0.3299586366975118 0.587605195737665 0.07757153995468684 0.1399689059750017
1 0.2755578450495043 0.87964761696497 0.05128902612805509 0.18990202321713937
0 0.3135599952499828 0.5297144997228324 0.07463211202002845 0.13426777325477102
0 0.37251763537773364 0.43960688175194773 0.08208171320472483 0.15199282727756977
0 0.42705870232579507 0.3339667259651041 0.07040482654453149 0.131966074174425
0 0.4377294506324745 0.49310073370415053 0.07638471376189876 0.14684056183710859
0 0.40184478361406434 0.6268432629770534 0.08634406750523532 0.10783953716247557
0 0.3620412688785152 0.704044637920606 0.08970782710170543 0.12812400321603973
0 0.32460606281433546 0.8432699341667269 0.09655658391230612 0.17285960198983427
1 0.3538502984087309 0.9495922617967276 0.17420778035821674 0.10081547640654473
0 0.41828801272780347 0.8266189914055654 0.10495053605446981 0.17537966681719297
1 0.47752553409032195 0.392251853358318 0.06947116301547772 0.24285881953852342
1 0.4450566456122939 0.6715336087229663 0.10034467517058784 0.20772740137673162
1 0.4909856665794709 0.7184528649668878 0.08332498307935307 0.2900416945573391
0 0.47357019935001465 0.92026230049196 0.10809202668522902 0.15947539901608
0 0.5643712525741595 0.8495759646199557 0.10706685064932155 0.2004524553995307
0 0.7146966404514158 0.8979603870789645 0.1457792268259264 0.20407922584207086
0 0.6491095059390019 0.7100477023955337 0.11540018398265488 0.2008891868935559
0 0.795443820885597 0.5570554711272979 0.14609718342548111 0.2073516468160932
0 0.5653221158330499 0.6256736991794941 0.08655147391554278 0.16262785969124927
0 0.6477621981765497 0.5173226483727349 0.11817796176043266 0.201034764058231
0 0.5552596431781679 0.5173433187583985 0.08435433424225067 0.13477729333113395
0 0.5272022337765607 0.40598335343358116 0.08947069558059108 0.1676345479670355
0 0.5893290020823825 0.32647437358520726 0.0885210009089175 0.13499565907814662
1 0.5888621703178555 0.27080963515614537 0.15182925169332057 0.1660489230611144
1 0.544309263247659 0.2483051173412859 0.11082404820957979 0.13893805417332522
1 0.5116204429783532 0.15269900849167817 0.04683947168684723 0.17996143524790445
0 0.6678416368438249 0.3291980395983904 0.09085958446947996 0.167707336549373
0 0.5548706299523078 0.12436350469741811 0.06352100090891749 0.13368546459607053
0 0.6124967438492883 0.15172618071115107 0.07479376217690906 0.13982332881032652
1 0.6984259985339087 0.16248907281607963 0.1587035584877381 0.25932284436368264
0 0.7964585591040292 0.21144345645321497 0.09284931773246462 0.14076958038071477
1 0.7454854020120338 0.3617828167226846 0.1108549419076032 0.23532025478642787
1 0.9496383747105136 0.13392435097017324 0.10072325057897287 0.17307796773684703