0 0.29305555555555557 0.24583333333333332 0.1 0.2048611111111111
0 0.29930555555555555 0.43333333333333335 0.12638888888888888 0.2048611111111111
0 0.35555555555555557 0.5444444444444444 0.1361111111111111 0.2298611111111111
1 0.18263888888888888 0.18125 0.14583333333333334 0.11597222222222223
1 0.09861111111111111 0.3506944444444444 0.18333333333333332 0.1875
2 0.044444444444444446 0.6701388888888888 0.08888888888888889 0.12083333333333333
1 0.2604166666666667 0.8333333333333334 0.18472222222222223 0.1701388888888889
2 0.2534722222222222 0.6763888888888889 0.12916666666666668 0.22708333333333333
0 0.1375 0.7569444444444444 0.125 0.2791666666666667
1 0.044444444444444446 0.9020833333333333 0.08888888888888889 0.19583333333333333
0 0.4131944444444444 0.9027777777777778 0.14583333333333334 0.18541666666666667
0 0.5458333333333333 0.9604166666666667 0.16666666666666666 0.07916666666666666
1 0.42916666666666664 0.26666666666666666 0.08333333333333333 0.12361111111111112
2 0.4375 0.16805555555555557 0.07222222222222222 0.08402777777777778
0 0.4791666666666667 0.11388888888888889 0.1 0.17777777777777778
0 0.5430555555555555 0.04722222222222222 0.1 0.09375
2 0.5104166666666666 0.27152777777777776 0.09027777777777778 0.19236111111111112
2 0.3902777777777778 0.03611111111111111 0.09444444444444444 0.07152777777777777
2 0.6055555555555555 0.025694444444444443 0.06111111111111111 0.05138888888888889
2 0.5909722222222222 0.3729166666666667 0.12361111111111112 0.19236111111111112
2 0.6673611111111111 0.23958333333333334 0.12083333333333333 0.1527777777777778
2 0.6861111111111111 0.10347222222222222 0.11944444444444445 0.14305555555555555
2 0.6909722222222222 0.030555555555555555 0.11805555555555555 0.06111111111111111
1 0.9784722222222222 0.09375 0.04027777777777778 0.1875
2 0.8770833333333333 0.03680555555555556 0.14305555555555555 0.07361111111111111