0 0.6856276097153083 0.4536533092130358 0.09359368094748927 0.1300617593846978
3 0.5427294047158946 0.027349979899752134 0.04645677575914312 0.04392311271913094
1 0.5472785653910717 0.07453580783080557 0.0367345535369209 0.043413592642768034
1 0.5275646571103594 0.13205960802171282 0.042204906670114894 0.09348638122510561
1 0.6872304215522176 0.054647766723543524 0.06675152525448437 0.0553588195385234
1 0.6201386596658598 0.03584660787118648 0.05564041414337342 0.05477651087982295
3 0.6837139935576108 0.5583658902472343 0.04929112592879947 0.07864533494135312
3 0.48191294912609745 0.9141624006240999 0.09943267152001044 0.13382513593627027
0 0.8178539992270291 0.8944642303650778 0.12159820673883973 0.1342953088092268
0 0.2666381512476983 0.03693740238264613 0.05226736552421048 0.06428036735503251
0 0.3123845629859516 0.5973540690493128 0.08061155488986126 0.20820938589863877
3 0.7320834685823349 0.7664503693668615 0.051530205257070825 0.12301699080345985
3 0.6333310411030421 0.6502755053031317 0.08690427071255663 0.1497639167795613
0 0.6958469606794875 0.12602996733664618 0.05365625441309937 0.06435315593737004
3 0.6716400056694184 0.30792915875320886 0.03976736552421048 0.0636252701139945
3 0.5934796192716156 0.2987744806284989 0.05799298208994546 0.06665485501771605
3 0.8661410225057414 0.3326065566128482 0.09095779259546614 0.08082899241147988
0 0.2705626087704053 0.4182178908493397 0.04061755596359278 0.10792413739376375
1 0.869486357986538 0.1343652942379002 0.058474649701515266 0.12338093371514781
1 0.3880378961689046 0.17424265993353466 0.09115625441309937 0.0663184476604841
0 0.36971356444616865 0.03177282690125402 0.04889431690504769 0.06354565380250804
1 0.9857276142518483 0.5245211181489041 0.028544771496303332 0.1513377300365319