1 0.32987184837261146 0.4430407839327842 0.06814885134706748 0.12118886737733621
3 0.9238769312959845 0.32284360767601833 0.10612116249582502 0.08183986330027737
1 0.9484499720004943 0.07984865451432689 0.06360446536564363 0.13851765721171977
3 0.6709125619351829 0.5631204594434013 0.052777129756533564 0.07181058894914369
0 0.37821713929884926 0.1258533996840835 0.07121040462684632 0.05456260230657893
3 0.6039937733517127 0.26888160013289736 0.06000470168173485 0.07671210165616418
3 0.6909275183901991 0.2791128824635781 0.06028782916249169 0.08157321276727529
3 0.4035752383323978 0.9543289675581005 0.09561675312919281 0.09134206488379909
3 0.6971217083750829 0.8168310510814889 0.054988004551553296 0.1336080641855176
3 0.5981788778237263 0.6668992707893375 0.09820534723896988 0.13663633185793347
0 0.7352891252049801 0.06610428536031701 0.05126690051874903 0.06971917529662844
0 0.25648481462091993 0.6176731294100084 0.10145414012301686 0.24009239344179195
0 0.2345033290327566 0.39872112143046146 0.045548909810087995 0.1384126130623552
1 0.5448564094293763 0.07958465512532338 0.03905002799950571 0.07450756353510263