0 0.8167479648988989 0.8376552870076008 0.04195952841146809 0.048369179857130955
0 0.7982194105081848 0.8955527548624692 0.03926142847299161 0.07123736296767649
0 0.6487017355481749 0.8180668514746704 0.04649979916328309 0.065076249487232
0 0.44301880662811455 0.9594526435038002 0.06296154362823532 0.07290099200791865
0 0.6032689204134388 0.8248501705920035 0.05669395571961786 0.06172523615531292
0 0.07716782506870282 0.6836399093288082 0.07178439920429863 0.08063684800905012
3 0.9165854157171592 0.9532472348469143 0.0498116012058571 0.07344190519131265
3 0.2933966687174459 0.7610445202631126 0.07344030022558568 0.0848196758610906
3 0.3282534615069129 0.7085167543320018 0.04157659812148814 0.053222210375555315
3 0.83313722872729 0.9090456947097019 0.04202988004593761 0.09278130193082809
3 0.7859853581395373 0.9540719418276005 0.045083996160945126 0.0754686743758381
3 0.7266108903900601 0.927659297687277 0.04763926382839132 0.0720287745243632
3 0.13764125916082445 0.9657858820637983 0.07228324765186021 0.06676412030553504
3 0.37209859825274 0.8504738358087697 0.056007772978959265 0.09433180267345417
3 0.27844692850170427 0.8314096657472336 0.05169933854230769 0.05958533867317139
3 0.23175979504532424 0.7860854097531729 0.06347797998441425 0.07013129482282794