0 0.3027874542761766 0.4243001158207452 0.037471485157332375 0.061658870448067185
3 0.14751544122523574 0.5523170017549743 0.06990109364914925 0.07449614237140009
3 0.17714056887968005 0.40093929331881445 0.045934195569965024 0.0650681104667143
1 0.5205729732526734 0.7618879192374577 0.05772836577455457 0.14000512826313935
1 0.13943139141311375 0.6610394087624866 0.0626008622366317 0.0663310349484533
2 0.5968801470407167 0.9821702128235957 0.0327245363473976 0.035659574352808615
2 0.4898215402950961 0.9715525989909152 0.05032727212540541 0.05689480201816966
2 0.7327267598524935 0.9191306545122377 0.03446729749078056 0.056587271923333064
2 0.5713245503129588 0.9006723845220949 0.017218433967267306 0.04282434744159407
2 0.5329189107578637 0.8783863599937378 0.030654503078608602 0.03415456228748768
2 0.6745570625818628 0.9479385084526734 0.03159248690352854 0.054293451176376566
2 0.38271154507437033 0.9071399518756479 0.024065845602237346 0.04126723264231866
3 0.6538035296357965 0.6806403795451371 0.12229648432976477 0.15942967210980533
0 0.7747299634209412 0.37979052984815476 0.05171807572787278 0.10010606380937143
0 0.6318971941880137 0.819455105777722 0.06906397206086107 0.11595232162444359
0 0.4046368217969274 0.5607285982574107 0.04338282768096096 0.0697187341642024
0 0.31581080966461533 0.7782036732203829 0.056109237569734835 0.07552703863661792
1 0.11783307802444475 0.31617398949079584 0.033080323315470554 0.08623789562082086
1 0.8816936579316775 0.9380306200299654 0.07962331587137138 0.07523284831908117
1 0.566663043100521 0.488582998999172 0.061082596268443486 0.06344801346386393
1 0.07422787574287867 0.806261180452729 0.06302516717151163 0.13487054753483013
1 0.25654513371659216 0.5903345001439827 0.07406776031581583 0.07481187349183484
1 0.3410904198115671 0.6078128555171942 0.06954530668107613 0.0668572534825112
3 0.9068439939298358 0.9872496568567339 0.0648953906806156 0.025500686286532136
0 0.5583200332687889 0.08659454902248097 0.05552895542646657 0.09278290604091723