1 0.7073196814750606 0.6336765754973152 0.05821906117930019 0.12872058194495725
1 0.6593051118239902 0.8425988258233886 0.07705594546037023 0.12302219411837112
2 0.7620476320460476 0.8961403351790346 0.03401864848678997 0.041541422304253374
3 0.758081492010369 0.8192350099339668 0.07807179876436218 0.10306131331774775
3 0.8354097388213979 0.661220387957838 0.09135312748987619 0.09700690931463056
0 0.4326436095510693 0.3750722263319809 0.038853631333168596 0.04944732332554054
0 0.08388611775078142 0.2484496264304173 0.05944394060115218 0.04800460620975366
0 0.3402324433562122 0.9516493750420412 0.08597983998333313 0.09670124991591757
0 0.47761093132353727 0.9522356307821669 0.08707344827740732 0.09552873843566627
0 0.5532027521213976 0.829584518469301 0.08279376906493813 0.12546154362823547
0 0.33807765307394994 0.3676310624420664 0.05233422708144017 0.07724268901193562
0 0.5359420632111516 0.3955029124646254 0.060294524829876336 0.05772682843197588
0 0.5878078709397523 0.44371244087609346 0.06320231412720148 0.07517694358721974
0 0.5526512273121802 0.4759870518846656 0.059886231689259106 0.0846321536770437
0 0.6423730716519332 0.5148831379762945 0.07801954223489689 0.11825008705139275
0 0.24760595873971075 0.620099455067471 0.10551903839160465 0.16420760024609346