1 0.45208333333333334 0.9381944444444444 0.06527777777777778 0.12361111111111112
1 0.07152777777777777 0.9381944444444444 0.09861111111111111 0.10833333333333334
1 0.18333333333333332 0.9305555555555556 0.1 0.13819444444444445
1 0.2986111111111111 0.9347222222222222 0.03611111111111111 0.13055555555555556
0 0.4131944444444444 0.5888888888888889 0.05416666666666667 0.10138888888888889
0 0.35694444444444445 0.4395833333333333 0.06388888888888888 0.10347222222222222
0 0.14791666666666667 0.6541666666666667 0.0625 0.09375
0 0.6347222222222222 0.3194444444444444 0.03333333333333333 0.06666666666666667
0 0.7736111111111111 0.38125 0.03333333333333333 0.07152777777777777
0 0.9180555555555555 0.4638888888888889 0.05 0.06388888888888888
0 0.1638888888888889 0.2743055555555556 0.06111111111111111 0.10347222222222222
0 0.13402777777777777 0.18541666666666667 0.0625 0.08888888888888889
0 0.15902777777777777 0.12569444444444444 0.05694444444444444 0.08402777777777778
0 0.034722222222222224 0.13472222222222222 0.06944444444444445 0.1111111111111111