3 0.49444444444444446 0.03680555555555556 0.03888888888888889 0.07361111111111111
0 0.6326388888888889 0.14166666666666666 0.05138888888888889 0.09166666666666666
0 0.6743055555555556 0.0763888888888889 0.029166666666666667 0.044444444444444446
3 0.3909722222222222 0.9236111111111112 0.0375 0.08402777777777778
0 0.8097222222222222 0.14930555555555555 0.030555555555555555 0.07152777777777777
0 0.7555555555555555 0.18055555555555555 0.03611111111111111 0.07916666666666666
0 0.6493055555555556 0.37777777777777777 0.04027777777777778 0.09375
0 0.03958333333333333 0.9479166666666666 0.07361111111111111 0.10347222222222222
0 0.73125 0.7875 0.07083333333333333 0.11388888888888889
0 0.2326388888888889 0.6805555555555556 0.09305555555555556 0.14583333333333334
0 0.17083333333333334 0.49375 0.075 0.11388888888888889
3 0.04791666666666667 0.24930555555555556 0.07361111111111111 0.07430555555555556
3 0.1736111111111111 0.3236111111111111 0.05 0.05416666666666667
3 0.4513888888888889 0.14583333333333334 0.058333333333333334 0.08402777777777778
3 0.5993055555555555 0.43333333333333335 0.0375 0.09166666666666666
2 0.6486111111111111 0.9458333333333333 0.05277777777777778 0.10833333333333334