0 0.2861111111111111 0.10486111111111111 0.05277777777777778 0.09652777777777778
0 0.30277777777777776 0.39166666666666666 0.06111111111111111 0.10625
0 0.25625 0.43680555555555556 0.04583333333333333 0.07916666666666666
0 0.26944444444444443 0.3076388888888889 0.06388888888888888 0.10625
0 0.2833333333333333 0.2298611111111111 0.05555555555555555 0.07916666666666666
0 0.175 0.2923611111111111 0.06111111111111111 0.09166666666666666
0 0.09513888888888888 0.26666666666666666 0.06805555555555555 0.08402777777777778
0 0.10694444444444444 0.44722222222222224 0.08333333333333333 0.12361111111111112
0 0.3277777777777778 0.8138888888888889 0.06666666666666667 0.11597222222222223
0 0.5111111111111111 0.525 0.08888888888888889 0.12569444444444444
0 0.6236111111111111 0.12569444444444444 0.03611111111111111 0.049305555555555554
0 0.9868055555555556 0.28541666666666665 0.02638888888888889 0.09166666666666666
0 0.8090277777777778 0.26944444444444443 0.043055555555555555 0.07916666666666666
0 0.5895833333333333 0.6763888888888889 0.07083333333333333 0.11875