1 0.5176882798164463 0.930303300508146 0.07392150869857296 0.12475053896059193
1 0.13713272426089065 0.9369459224391622 0.10618651573832476 0.11005459668042161
1 0.24840411666965553 0.9273554603187157 0.10966349692830456 0.13993995093726616
1 0.3639732561638646 0.9295099458894905 0.045240444892624986 0.13118587734462986
0 0.45437356703340065 0.5816765530331323 0.06125646843316146 0.10233437157250068
0 0.38768310552794594 0.43335284487978903 0.07112437151359927 0.10458740692596946
0 0.19366045614637975 0.6515847716460345 0.0690556386197041 0.09484094155801365
0 0.657059953815288 0.308365326844173 0.03799512079623402 0.06724850216427396
0 0.8002707081645745 0.36774656782636506 0.038335042798737125 0.07210961327538491
0 0.9504938266515729 0.4478641695589558 0.05446754631861318 0.06476164213529974
0 0.18307020188728237 0.27144486435898657 0.06834659373582157 0.1045389206345022
0 0.14699337415897035 0.18307720310337083 0.06871571661720093 0.08997983044690246
0 0.16781718955678848 0.12291860425794318 0.06282023905914219 0.08502174675285683
0 0.044142917720167374 0.13411614357888135 0.07721409021594561 0.11232326839779287