0 0.15347222222222223 0.18611111111111112 0.10972222222222222 0.16041666666666668
0 0.5368055555555555 0.014583333333333334 0.05138888888888889 0.029166666666666667
0 0.7888888888888889 0.1125 0.07222222222222222 0.10138888888888889
0 0.7979166666666667 0.2902777777777778 0.05138888888888889 0.1111111111111111
0 0.6111111111111112 0.44305555555555554 0.07777777777777778 0.13055555555555556
0 0.14375 0.5194444444444445 0.09583333333333334 0.11597222222222223
3 0.09930555555555555 0.4840277777777778 0.04583333333333333 0.09861111111111111
0 0.2513888888888889 0.6701388888888888 0.08888888888888889 0.14097222222222222
0 0.2986111111111111 0.525 0.07777777777777778 0.09652777777777778
3 0.9423611111111111 0.4027777777777778 0.11527777777777778 0.11388888888888889
3 0.5618055555555556 0.7541666666666667 0.09305555555555556 0.175
3 0.4173611111111111 0.5284722222222222 0.05138888888888889 0.059027777777777776
1 0.33819444444444446 0.5618055555555556 0.09305555555555556 0.10625
1 0.33611111111111114 0.8173611111111111 0.075 0.2125