0 0.2326388888888889 0.9416666666666667 0.09305555555555556 0.11597222222222223
0 0.03611111111111111 0.9506944444444444 0.07222222222222222 0.09861111111111111
0 0.1361111111111111 0.43333333333333335 0.06666666666666667 0.1111111111111111
0 0.46805555555555556 0.45416666666666666 0.041666666666666664 0.11388888888888889
0 0.5333333333333333 0.8298611111111112 0.07777777777777778 0.1527777777777778
0 0.5194444444444445 0.32083333333333336 0.027777777777777776 0.07430555555555556
0 0.525 0.24722222222222223 0.041666666666666664 0.06388888888888888
0 0.5618055555555556 0.21875 0.04583333333333333 0.08611111111111111
0 0.6923611111111111 0.2520833333333333 0.05138888888888889 0.07916666666666666
0 0.9534722222222223 0.5840277777777778 0.09305555555555556 0.18541666666666667
0 0.9125 0.8298611111111112 0.11944444444444445 0.2222222222222222