0 0.6541666666666667 0.11597222222222223 0.03888888888888889 0.059027777777777776
1 0.5159722222222223 0.24791666666666667 0.10416666666666667 0.08125
1 0.6138888888888889 0.45416666666666666 0.10277777777777777 0.09375
0 0.7798611111111111 0.9527777777777777 0.1125 0.09375
0 0.3548611111111111 0.9333333333333333 0.0875 0.13333333333333333
0 0.8375 0.2701388888888889 0.06111111111111111 0.10625
0 0.6395833333333333 0.2743055555555556 0.05694444444444444 0.07916666666666666
0 0.6756944444444445 0.33819444444444446 0.059722222222222225 0.07916666666666666
0 0.44166666666666665 0.18541666666666667 0.044444444444444446 0.059027777777777776
0 0.049305555555555554 0.3076388888888889 0.06527777777777778 0.11597222222222223
0 0.05694444444444444 0.4097222222222222 0.05277777777777778 0.06944444444444445
0 0.20902777777777778 0.5652777777777778 0.11805555555555555 0.19236111111111112
0 0.1597222222222222 0.9416666666666667 0.12777777777777777 0.11597222222222223
3 0.12708333333333333 0.9076388888888889 0.08194444444444444 0.13055555555555556