3 0.5707913728132051 0.6104350349837199 0.10111787957937016 0.14568237060486602
3 0.4235517103008838 0.80709565678385 0.07128784951876668 0.11779078648712964
3 0.25723431611283887 0.916587010175443 0.07552785873917753 0.10059132553289897
3 0.1666048055487599 0.6624224310722713 0.1399446063672439 0.20085935075203673
0 0.5796721645003861 0.041811616315586976 0.059291707147366424 0.050922057124362
0 0.11144376340219356 0.36425051417837534 0.07777941798289739 0.09372770616689492
0 0.05989946926076674 0.4978688228497448 0.05512668068581949 0.14226542347726745
0 0.9896755720683476 0.6934049050750098 0.020648855863304838 0.11791202410478989
0 0.6906845927251642 0.40951414644657447 0.053221113510482115 0.08054069300015211
0 0.4753678338543891 0.576477394855969 0.07814777095673801 0.09858881727800603
0 0.20271099604451212 0.3890793451802979 0.087670686218066 0.13281865775188445
0 0.3839656156767626 0.06521949614338071 0.07626456468685852 0.11031354775512121
0 0.4607659391452884 0.12773761484949572 0.07480233324422553 0.12759383378779202
0 0.5689152464832556 0.4302229860115356 0.07487567579796964 0.110273135215901