0 0.9361708177351231 0.6436967276649873 0.054895222427300105 0.07959303447766722
1 0.1733342641647209 0.9502846000410156 0.1703861841105782 0.09943079991796885
1 0.5126900191870738 0.7804662972068427 0.09340731372790351 0.22729545273778784
3 0.8887673939214982 0.7997252820557011 0.11062665706902963 0.19381928713342392
0 0.25450484062999995 0.4748353218161689 0.12701698539846656 0.21215944272999504
0 0.42344217492309705 0.4669883172224283 0.09611473987121176 0.18320702446987427
0 0.698628190410568 0.9618799108896279 0.10868722050777267 0.0762401782207443
0 0.9211715072966667 0.5175572629998793 0.06205285077724498 0.10494905065419793
0 0.7623974117468527 0.2846897312989642 0.07705429021779271 0.12320020220663647
0 0.6904422016570286 0.284228187670729 0.07163224072843645 0.12492751936343893
0 0.7394932647881549 0.09994992116812461 0.07620875179853215 0.11000575776219203
0 0.988973305227432 0.8056792268077626 0.02205338954513599 0.09937590719002508
3 0.1922265405438663 0.0641878833353846 0.1316308012878884 0.1114825861941679