1 0.04583333333333333 0.5416666666666666 0.09166666666666666 0.23958333333333334
0 0.24513888888888888 0.9541666666666667 0.16805555555555557 0.09166666666666666
0 0.54375 0.7986111111111112 0.06527777777777778 0.09652777777777778
3 0.5638888888888889 0.9638888888888889 0.05277777777777778 0.07152777777777777
0 0.35833333333333334 0.32569444444444445 0.08888888888888889 0.10347222222222222
0 0.17847222222222223 0.3729166666666667 0.0763888888888889 0.11388888888888889
0 0.09027777777777778 0.33194444444444443 0.06666666666666667 0.08611111111111111
0 0.175 0.2361111111111111 0.041666666666666664 0.06666666666666667
0 0.33541666666666664 0.1125 0.0375 0.052083333333333336
0 0.09097222222222222 0.10972222222222222 0.043055555555555555 0.06666666666666667
0 0.36041666666666666 0.5652777777777778 0.05694444444444444 0.08888888888888889