0 0.6514673832323764 0.157893127008738 0.040262775666820974 0.061519891013494206
1 0.5102018977549072 0.2809816690619758 0.10605778140805566 0.0879253033099548
1 0.6033180423857404 0.4935064541733333 0.10495983324861129 0.10033629926582203
0 0.7576849621779005 0.976136942385465 0.11468205547083352 0.047726115229069895
0 0.33313753664592516 0.9433017862761991 0.09060336778074082 0.11339642744760188
0 0.8312124475692282 0.323808327500925 0.06358410731138898 0.11016617794184008
0 0.6331988006594134 0.31529191787867766 0.05878706906425937 0.08281583247610863
0 0.6678228813755861 0.38149491191501755 0.061564846842037155 0.08299384056437399
0 0.43735104584657386 0.21371995270087474 0.045818331222376524 0.06187590719002508
0 0.04214518093645036 0.31079853245560074 0.06797706121206801 0.12015541229646058
0 0.04740805386820953 0.4133713880316642 0.0543941151635803 0.0728265981214883
0 0.1958707914573452 0.5786728864197537 0.12253281011422854 0.19992645486239316
0 0.13780468727073994 0.9449109173003569 0.130477061212068 0.11017816539928604
3 0.1059578037008943 0.9157827589270338 0.0849831587297532 0.13580679415938668