0 0.45336119047514434 0.13703918097212203 0.05294045021584155 0.09068342843221483
1 0.6286322362859751 0.7833993881943079 0.07610815512167556 0.14562611219869806
1 0.27292103787442745 0.627663104098341 0.06257079184592446 0.16527999040020155
1 0.2417785548304695 0.515487182097406 0.08410208441473799 0.126472674166685
3 0.1612925743125962 0.28343251865580327 0.06977681890264367 0.10098766347929945
3 0.36586785966569885 0.33952155653005184 0.08015360605967412 0.13882717096046931
1 0.5081680025209587 0.6097199507249366 0.057276818902643675 0.10055115386065268
0 0.4206316378023582 0.6106921847221312 0.08002026875813913 0.13118828207158043
0 0.8205429116097375 0.9101123256448306 0.08826875108140465 0.12661817737290068
0 0.7725698726528069 0.31142185450077114 0.06257782142799613 0.0861618248022735
0 0.8402011731580239 0.2847397465770273 0.06830307900368698 0.09607805129944988
0 0.8098536219324808 0.13848754572957578 0.06548893650730873 0.09389771582863943
0 0.6857420115427942 0.1539395024927861 0.04721519264015055 0.08076720193503842
0 0.7329626565652572 0.0358718658261923 0.04577781745979432 0.0717437316523846
1 0.36867776658800683 0.9383994235192249 0.11977681890264368 0.10273370195388686