3 0.3548611111111111 0.059027777777777776 0.07916666666666666 0.09861111111111111
0 0.10138888888888889 0.03611111111111111 0.05277777777777778 0.07152777777777777
0 0.10208333333333333 0.12986111111111112 0.05694444444444444 0.10625
0 0.12083333333333333 0.2604166666666667 0.06388888888888888 0.09166666666666666
0 0.13125 0.5208333333333334 0.07083333333333333 0.10347222222222222
0 0.22569444444444445 0.5520833333333334 0.05694444444444444 0.12083333333333333
0 0.35208333333333336 0.6194444444444445 0.09861111111111111 0.14791666666666667
1 0.32916666666666666 0.18888888888888888 0.09722222222222222 0.10625
0 0.41597222222222224 0.40347222222222223 0.10416666666666667 0.2
0 0.5118055555555555 0.15416666666666667 0.0875 0.18055555555555555
0 0.6958333333333333 0.09027777777777778 0.13055555555555556 0.18055555555555555
0 0.9368055555555556 0.058333333333333334 0.09305555555555556 0.11597222222222223