1 0.2914174375132983 0.8446637882896151 0.16249289246056486 0.12531477471871047
1 0.19756190328174314 0.9172055116185255 0.06283227735341322 0.1504067536289363
0 0.07560166571188182 0.4821059828645583 0.05285147616521135 0.12778838120817113
0 0.5552232782021423 0.12522291957871023 0.033963619562908796 0.055524895918813676
0 0.4759111608671121 0.1409487140525594 0.04518785897163598 0.06569986122508492
0 0.48694097952472865 0.20713434119242402 0.04420299971709041 0.10036549056180095
0 0.2789622192163656 0.30445557002172563 0.07487168357026196 0.111332756265158
0 0.478404171794346 0.4039167869549793 0.07362824534973653 0.12377616337965189
0 0.656571277600971 0.18425778693845443 0.06362320238347413 0.09907445762555346
0 0.5048966488082866 0.5728955216909927 0.06384945897870643 0.11851890206999782
0 0.4185587945753173 0.655542650816286 0.0680161256453731 0.11868868072651632
0 0.6693563406181875 0.8750755603225293 0.1034898429874736 0.18468683619750298