0 0.07361111111111111 0.20347222222222222 0.044444444444444446 0.07152777777777777
0 0.15347222222222223 0.2701388888888889 0.09027777777777778 0.14583333333333334
0 0.14930555555555555 0.43194444444444446 0.0763888888888889 0.14305555555555555
0 0.059722222222222225 0.6138888888888889 0.08055555555555556 0.1361111111111111
0 0.1 0.775 0.09722222222222222 0.16805555555555557
2 0.5548611111111111 0.43819444444444444 0.04861111111111111 0.0763888888888889
1 0.28194444444444444 0.09861111111111111 0.041666666666666664 0.09375
1 0.2659722222222222 0.2125 0.08194444444444444 0.08888888888888889
1 0.27708333333333335 0.24722222222222223 0.059722222222222225 0.07916666666666666
1 0.28194444444444444 0.3368055555555556 0.09722222222222222 0.07152777777777777
1 0.4048611111111111 0.8479166666666667 0.07361111111111111 0.1951388888888889
1 0.5180555555555556 0.8729166666666667 0.16666666666666666 0.10625
1 0.4618055555555556 0.7652777777777777 0.07361111111111111 0.1527777777777778