3 0.5256944444444445 0.5951388888888889 0.09027777777777778 0.14305555555555555
3 0.36319444444444443 0.7965277777777777 0.0625 0.11597222222222223
3 0.18819444444444444 0.9111111111111111 0.06805555555555555 0.09861111111111111
3 0.11666666666666667 0.6590277777777778 0.125 0.19722222222222222
0 0.5777777777777777 0.025 0.05555555555555555 0.049305555555555554
0 0.08402777777777778 0.36180555555555555 0.07083333333333333 0.09166666666666666
0 0.022222222222222223 0.49722222222222223 0.044444444444444446 0.14097222222222222
0 0.9666666666666667 0.6652777777777777 0.06666666666666667 0.11597222222222223
0 0.6611111111111111 0.3902777777777778 0.04722222222222222 0.07916666666666666
0 0.4326388888888889 0.5638888888888889 0.07083333333333333 0.09652777777777778
0 0.1736111111111111 0.3840277777777778 0.07777777777777778 0.13055555555555556
0 0.3798611111111111 0.05416666666666667 0.06805555555555555 0.10833333333333334
0 0.45208333333333334 0.11458333333333333 0.06527777777777778 0.12569444444444444
0 0.5375 0.41458333333333336 0.06666666666666667 0.10833333333333334