3 0.3545176975458811 0.06315696064076545 0.0797403693285803 0.09953229867741364
0 0.10117880059015995 0.037290877643393304 0.053193914215644726 0.07214190282197946
0 0.10132782348982733 0.13104895823608018 0.05756258886185842 0.10691260860032285
0 0.11931827348673038 0.26182268979418105 0.06442218995489313 0.0924100811938582
0 0.1282198803067941 0.5223605653511507 0.07143531711238356 0.10429644267628235
0 0.22248251756964615 0.5547095259565642 0.05764743221326825 0.12149594193365626
0 0.3484795109782138 0.6235413049366847 0.09947166510398155 0.1490641108282015
1 0.3280677432579307 0.19271908982246258 0.0978403666396362 0.10738128297616104
0 0.4136248894998854 0.408312497241654 0.10533023262885782 0.20121208890302963
0 0.5109086401263666 0.1601220634768857 0.08855044149364473 0.1815737102341005
0 0.6953081125865109 0.09837453165001586 0.13160599704920029 0.18207470698068606
0 0.9364661821499166 0.06923405286791334 0.09373026220724291 0.11705502164226204