0 0.46096228896596425 0.5226784372657405 0.039189768540835404 0.06429291852323205
0 0.44218784705484576 0.47363146067616463 0.04196754631861318 0.06432524089397967
0 0.36390986597691105 0.4717667898720025 0.04613421298527985 0.06437372445010081
0 0.3947761426560935 0.44712184942359856 0.042336669199992606 0.049758068746019846
0 0.2747540572827094 0.5262329249947091 0.05673052035679594 0.07698685274771688
0 0.13975604439198985 0.8393556171582235 0.11418944500467011 0.16439037216210042
0 0.3248861083099828 0.8115278962444469 0.040083213097324946 0.09691564622674743
0 0.39707404714940603 0.7218713510503059 0.08274044489262483 0.131412098380363
0 0.44276202316068897 0.8226461148949931 0.07406718955678855 0.12645402015700963
0 0.7007113096370395 0.6961340710092976 0.05012599791485475 0.08176715793195939
0 0.7233461325227902 0.6403603394511967 0.04615357239247576 0.08449645215361588