3 0.19760574665242103 0.5584527296184963 0.06665344980698562 0.08288777069947109
0 0.19757931293305886 0.399795822021441 0.07861332962102112 0.10784047478247093
0 0.12777993152533973 0.3859884747197268 0.09442461915492283 0.12400808178548459
0 0.09835975527772314 0.25206213790998433 0.05544533655839743 0.07946284439424912
0 0.3741997029283832 0.2639528440805284 0.04927690921376969 0.10128059878681862
0 0.3411176959910069 0.234887618381897 0.05049604436207357 0.09650038124163811
0 0.5900307883143756 0.5994011643323927 0.06516095035077916 0.11953153912316562
0 0.8613050565112035 0.4829882845466105 0.07044975002827288 0.11221622449799895
0 0.4805951178223061 0.9122130541666905 0.10810628690917636 0.1755738916666189
1 0.5804430061862498 0.8938860555598025 0.09361113466105576 0.18009629465362373
1 0.3168958668383855 0.5897555786270431 0.08053573026603394 0.1231991461261793
0 0.402244207146792 0.47712674112286807 0.05127206146189028 0.11872260346386034