3 0.41369077090579937 0.11201075047695133 0.07329904606366253 0.08513289116466553
3 0.592362715672315 0.513155014604316 0.09719336296871006 0.15771228529954032
3 0.3828247548639991 0.5072305329317708 0.1008497319933241 0.18557095664324852
0 0.052182793465179074 0.25895308532463795 0.10436558693035815 0.21651728176038698
0 0.42783515245025827 0.22935816331999262 0.08372968391102707 0.1451786876506099
0 0.4743214751320009 0.548842406526158 0.11337790357774888 0.23744520692772067
2 0.5793954776875013 0.6463670075887535 0.0628114919898757 0.09212463152611008
0 0.7129701032726777 0.7622974869855219 0.22661449078731583 0.3546233354836217
0 0.8605179032769883 0.6557630634622766 0.20515771502817237 0.31190505245985806
0 0.7904632999183444 0.4284040998034655 0.0864791754928654 0.1280602572372904
0 0.7192048713653197 0.4465816437291611 0.10790777966758375 0.11963233206995673
1 0.8181838176351561 0.25976859101832644 0.08744296916206307 0.10599982214692921
1 0.8230019837005428 0.13236168342127094 0.07412106491862006 0.07826934028615165
0 0.952891954065166 0.2934310517069283 0.06162106491862005 0.07754129819277683
0 0.9102045775028794 0.2009355500000958 0.06859379555900394 0.09522598356761007