0 0.3902777777777778 0.04583333333333333 0.025 0.03680555555555556
0 0.41180555555555554 0.09861111111111111 0.02638888888888889 0.049305555555555554
0 0.38125 0.12708333333333333 0.02638888888888889 0.052083333333333336
0 0.17083333333333334 0.8395833333333333 0.10555555555555556 0.19236111111111112
0 0.9854166666666667 0.8381944444444445 0.029166666666666667 0.12569444444444444
0 0.9430555555555555 0.7590277777777777 0.07777777777777778 0.11597222222222223
0 0.8638888888888889 0.8368055555555556 0.1 0.1284722222222222
1 0.7881944444444444 0.8826388888888889 0.0763888888888889 0.1361111111111111
3 0.7513888888888889 0.9194444444444444 0.09722222222222222 0.12083333333333333
3 0.5798611111111112 0.9354166666666667 0.06805555555555555 0.12916666666666668
0 0.5291666666666667 0.5458333333333333 0.07222222222222222 0.1284722222222222
0 0.5277777777777778 0.25833333333333336 0.06111111111111111 0.11597222222222223
0 0.49583333333333335 0.3472222222222222 0.075 0.12083333333333333
0 0.3701388888888889 0.3972222222222222 0.05694444444444444 0.10347222222222222
0 0.08611111111111111 0.4 0.06944444444444445 0.1284722222222222
0 0.07361111111111111 0.11875 0.044444444444444446 0.06944444444444445
3 0.32013888888888886 0.36319444444444443 0.05138888888888889 0.06388888888888888
1 0.575 0.7826388888888889 0.08055555555555556 0.16805555555555557
1 0.6576388888888889 0.8256944444444444 0.0625 0.13055555555555556
1 0.9409722222222222 0.5409722222222222 0.10972222222222222 0.15833333333333333