3 0.6041666666666666 0.4638888888888889 0.04722222222222222 0.06944444444444445
3 0.4340277777777778 0.27291666666666664 0.0875 0.13055555555555556
3 0.4930555555555556 0.6159722222222223 0.09166666666666666 0.15069444444444444
3 0.5604166666666667 0.7125 0.0763888888888889 0.14097222222222222
3 0.09583333333333334 0.24305555555555555 0.08333333333333333 0.12569444444444444
0 0.475 0.04583333333333333 0.06944444444444445 0.09166666666666666
0 0.5125 0.3763888888888889 0.075 0.13055555555555556
0 0.6340277777777777 0.3472222222222222 0.05694444444444444 0.09166666666666666
1 0.6145833333333334 0.6965277777777777 0.06805555555555555 0.14791666666666667
1 0.32569444444444445 0.3590277777777778 0.0875 0.1361111111111111
0 0.35 0.8361111111111111 0.1361111111111111 0.20972222222222223
0 0.5020833333333333 0.9763888888888889 0.07916666666666666 0.04722222222222222
0 0.7902777777777777 0.9625 0.12222222222222222 0.075
1 0.8354166666666667 0.8888888888888888 0.059722222222222225 0.13819444444444445
0 0.9152777777777777 0.18888888888888888 0.16944444444444445 0.1951388888888889