0 0.277856852752716 0.10895597347854123 0.03343147483938272 0.06649649104497272
0 0.05963792156422824 0.18785409320105656 0.04929113407604946 0.09274360511962149
0 0.027048684059814716 0.2899375411459045 0.05409736811962943 0.09654174895847557
1 0.5220045501532096 0.4405877798179642 0.0697850365583643 0.07986088188808209
1 0.5628128161110489 0.5705479499206201 0.07939411516358032 0.07579338882447455
3 0.3386238879612034 0.36787014802650364 0.04772444807472232 0.08499134222394641
3 0.34146864176021585 0.24564792580428144 0.0446718929413581 0.07295903865481834
3 0.3808891800920676 0.31565912567114257 0.04906484684203715 0.08302138289739926
3 0.7506101437864504 0.24425766157721776 0.039116337385802544 0.07250554262767331
3 0.6294183130709874 0.3992608913371126 0.06069318591660501 0.10615059717391154
3 0.699831398684012 0.4230985212387672 0.04073151350870382 0.08234113885668187
3 0.7187724560130551 0.5658847275695694 0.07672948100280874 0.08042775192201329
3 0.7709695135948452 0.5353573435984386 0.07429113407604923 0.09478433724177411
3 0.7178696296028082 0.48510242400044135 0.06544057277925945 0.07188187097883435
3 0.7487651966408332 0.4430955207019014 0.06960723944592612 0.0722219929991932
0 0.7321902845342587 0.7068285489843378 0.09703058426172852 0.11882054357257629
3 0.10424506670339427 0.9549034830992628 0.08281842789567907 0.09019303380147442