0 0.8215277777777777 0.49027777777777776 0.0375 0.06180555555555556
0 0.1375 0.5409722222222222 0.04722222222222222 0.06944444444444445
0 0.21388888888888888 0.70625 0.05 0.08402777777777778
0 0.43472222222222223 0.7409722222222223 0.05277777777777778 0.08888888888888889
0 0.7368055555555556 0.8305555555555556 0.05138888888888889 0.10138888888888889
0 0.7722222222222223 0.5333333333333333 0.044444444444444446 0.06944444444444445
0 0.5534722222222223 0.44305555555555554 0.04027777777777778 0.06666666666666667
0 0.5041666666666667 0.5569444444444445 0.03611111111111111 0.05694444444444444
3 0.4111111111111111 0.34305555555555556 0.05555555555555555 0.059027777777777776
3 0.8958333333333334 0.8527777777777777 0.08333333333333333 0.09652777777777778
0 0.5347222222222222 0.32569444444444445 0.03333333333333333 0.05416666666666667