0 0.16211544931708907 0.81875 0.04208370827283561 0.07152777777777777
0 0.01644048255813855 0.8076388888888889 0.0328809651162771 0.08402777777777778
0 0.5204277469340876 0.2013888888888889 0.03451623551946202 0.06180555555555556
0 0.3673147343915335 0.35833333333333334 0.03680449105450979 0.05416666666666667
0 0.4451660573069181 0.47638888888888886 0.03819337994339867 0.05416666666666667
0 0.31923176914810464 0.9569444444444445 0.06045077798285566 0.0763888888888889
3 0.3421876153316089 0.6854166666666667 0.04284956885279535 0.06180555555555556
3 0.5777926807924184 0.7583333333333333 0.08749787099790846 0.10833333333333334
3 0.5884275995652339 0.5381944444444444 0.046838227431196505 0.059027777777777776
3 0.6424234553463751 0.45416666666666666 0.06819625882449477 0.08888888888888889
0 0.7523932270948668 0.81875 0.053506333538411534 0.0763888888888889