1 0.08340617324873392 0.6534015640381312 0.1186486020551062 0.10593782034103691
0 0.4652204850942058 0.15980879998275851 0.06508819874767131 0.11887734518748405
0 0.07500445468227858 0.3330359271356699 0.059539251621956245 0.07895388983379195
3 0.8900684323330116 0.5993935086542667 0.10455910046142283 0.13871848404416579
3 0.29819451509427863 0.5021551376325699 0.07142637983288398 0.10208310411030415
3 0.16136910481177058 0.4130390422840503 0.0534501843102768 0.06322261602886922
0 0.66730384786497 0.362686439032683 0.07037699842516487 0.1116919523257402
0 0.14352746713298356 0.9590990090194415 0.06889771582863943 0.06933084121462925
0 0.6904762072975796 0.07050844322033258 0.1019753269585989 0.14101688644066515
0 0.17699081531556576 0.5412987168964268 0.041926814114888106 0.050510068419023606
0 0.12262132332168056 0.5199691717132532 0.060928140510845136 0.0790672638405782