0 0.7213938257353084 0.21905413495981954 0.03934262461981493 0.08047619552260722
3 0.18800561533444396 0.5679673450329119 0.07429113407604947 0.09141094446329293
3 0.3299187970291355 0.34374554531772145 0.0360961090001543 0.06024030449624126
3 0.6024019557588887 0.2037807824268894 0.047449670719135875 0.07104497971281616
0 0.4427755525169133 0.26486545981863835 0.04205574890216057 0.07779541988230652
0 0.6409202483119443 0.15872125357094885 0.04761130445771613 0.07798942415726068
0 0.6887341284209564 0.45958323913355437 0.0579638982604013 0.10541226497176379
0 0.9153960527710798 0.5293825911038426 0.08464372787873471 0.1188337852777961
0 0.9307113829796293 0.2589284452681532 0.0487092526171605 0.06553792522599922
0 0.8364770623953391 0.253198740164596 0.034432442755679124 0.04838624787194716
1 0.34206949544345605 0.8651189988370191 0.05279858620324092 0.2412323696704435