1 0.8075035711722715 0.8586567334966447 0.052048439641914496 0.13418352377271578
3 0.5893628650017274 0.5664663710648004 0.0373108163319993 0.0472787946141008
3 0.9524023714483457 0.5815870275094654 0.0621216326639986 0.09353722316712536
3 0.9010793818148292 0.7446541267664261 0.0696055835550611 0.07963413387450942
3 0.732734497665726 0.6666359736289216 0.056822456074304264 0.07375265670232206
0 0.8398185168758457 0.15563777807853846 0.035760140311249224 0.044387642829536764
0 0.7153710735692898 0.17865407679432266 0.027871721590533916 0.05134628767770811
0 0.4899118126673576 0.24733399166780456 0.026860552016402216 0.033985176566597
0 0.2877274072875815 0.9612879284886102 0.0698887110358181 0.07742414302277957
0 0.16400245298285376 0.8697133352231394 0.048327335609109984 0.07029463488382691
0 0.457422677606341 0.82869759489762 0.05211628296101938 0.08788249400851036
0 0.5261080743934572 0.5246723592106497 0.04211093325804048 0.08222776484989539
0 0.4408140441181749 0.37740787961179034 0.03620505492386725 0.052026531718425736