3 0.2872344304252916 0.12013985949738475 0.04752841309504758 0.062038515514234484
0 0.07538169275114058 0.41816760010330273 0.08180893978968509 0.07686940924568483
0 0.4010371561025877 0.22270436025984458 0.07815895140946685 0.13809224136837778
0 0.6085844420450734 0.057479578199731 0.07963236330482902 0.114959156399462
0 0.6656139286154426 0.5689271464902488 0.12275172116651936 0.19785318240499142
0 0.842217924550205 0.8819279968627364 0.09432012024241423 0.11435480880624659
0 0.21095130436266574 0.6801582024037959 0.10066500359905652 0.12515995776148858
3 0.12467196734116806 0.6792837937183367 0.06901392936958876 0.05387022244631257
3 0.30288190039892116 0.6246854905171113 0.04942279981765599 0.0870385155142344
3 0.3670649796053466 0.6436833744513935 0.11645945966328289 0.18774247789419418
3 0.3082659496338509 0.7997632516820592 0.08956507294067441 0.16099430759560643
3 0.30956815619169553 0.35412891846077116 0.04979115279149645 0.09189962662534551