0 0.6923611111111111 0.2923611111111111 0.0375 0.07152777777777777
0 0.6451388888888889 0.23958333333333334 0.034722222222222224 0.05416666666666667
0 0.12638888888888888 0.7520833333333333 0.075 0.10138888888888889
0 0.16527777777777777 0.6361111111111111 0.05 0.06666666666666667
0 0.4222222222222222 0.9236111111111112 0.058333333333333334 0.08402777777777778
0 0.6486111111111111 0.9111111111111111 0.06944444444444445 0.09861111111111111
0 0.9083333333333333 0.7763888888888889 0.05277777777777778 0.08611111111111111
0 0.8145833333333333 0.6347222222222222 0.05138888888888889 0.06944444444444445
0 0.8916666666666667 0.4527777777777778 0.04722222222222222 0.07152777777777777
0 0.7652777777777777 0.19027777777777777 0.027777777777777776 0.06388888888888888
0 0.9548611111111112 0.23680555555555555 0.03194444444444444 0.06388888888888888
0 0.44722222222222224 0.24722222222222223 0.030555555555555555 0.044444444444444446
0 0.5041666666666667 0.32083333333333336 0.022222222222222223 0.034722222222222224
3 0.4840277777777778 0.7604166666666666 0.043055555555555555 0.07916666666666666
3 0.9319444444444445 0.6694444444444444 0.05555555555555555 0.08402777777777778
3 0.8826388888888889 0.7013888888888888 0.0375 0.059027777777777776