3 0.08950876243427337 0.9126464237216153 0.09625955298179191 0.09967774934577721
0 0.19052302601082036 0.4594090252139381 0.043253450601661726 0.064357563264727
0 0.17035753699284248 0.37023731558100886 0.04464233949055062 0.06437372445010081
0 0.5814037537032924 0.8836290999363194 0.04858451098202213 0.08940604682084843
0 0.5722713871922316 0.751506882452764 0.0452245363473976 0.07687372445010081
0 0.5246344336030224 0.6703533630383803 0.0363090061572172 0.0642767573378584
0 0.6475872739666712 0.6113346389065413 0.03204530668107613 0.06214494044840377
0 0.6228498575524268 0.5457336374212889 0.026133964157447547 0.05444140681801994
0 0.5230363672475672 0.4063028622957542 0.039345538093593604 0.06986463526416142
0 0.38139257421333805 0.2997367461277147 0.03365869074516026 0.03717726281915124
0 0.262633000645445 0.44774132626068514 0.07148596287056566 0.10424795912016123