0 0.9069444444444444 0.05555555555555555 0.08055555555555556 0.1111111111111111
1 0.9604166666666667 0.2222222222222222 0.07916666666666666 0.10347222222222222
1 0.6131944444444445 0.4083333333333333 0.06805555555555555 0.13055555555555556
0 0.5388888888888889 0.17291666666666666 0.10833333333333334 0.18263888888888888
0 0.27291666666666664 0.5638888888888889 0.13472222222222222 0.225
0 0.3854166666666667 0.9395833333333333 0.0763888888888889 0.11597222222222223
0 0.85 0.5715277777777777 0.03333333333333333 0.05694444444444444
0 0.91875 0.6965277777777777 0.043055555555555555 0.059027777777777776
3 0.08819444444444445 0.8743055555555556 0.0763888888888889 0.10347222222222222
3 0.1736111111111111 0.8715277777777778 0.058333333333333334 0.07430555555555556
3 0.25972222222222224 0.8888888888888888 0.08055555555555556 0.09375
3 0.6166666666666667 0.9590277777777778 0.07222222222222222 0.08125
3 0.8784722222222222 0.2652777777777778 0.06527777777777778 0.10625
3 0.6013888888888889 0.6986111111111111 0.03333333333333333 0.05416666666666667
1 0.5368055555555555 0.9569444444444445 0.04583333333333333 0.08611111111111111