0 0.191084742154097 0.6464593689223277 0.10969578850286005 0.16257779974629266
0 0.7602491844233674 0.5226383048568884 0.09483026980935973 0.17376083356128097
0 0.9008598906899055 0.7960418880927729 0.06925486541433783 0.11654875450767671
0 0.46684966670436356 0.16326157887523124 0.053716940188338766 0.06876060343039335
0 0.3547531047363768 0.1503725182586548 0.03278660471752835 0.06513393237002363
0 0.3989594396445453 0.04607497280861614 0.030888454606884844 0.050494006151184205
3 0.2946340823494128 0.33515605975436075 0.05242505343692695 0.07148178832266494
3 0.04394627577223983 0.503853042602394 0.048664037424697285 0.12264430566952929
3 0.19617735437164352 0.792292702255661 0.09338184617704429 0.09256742644678707
1 0.45794320047329395 0.6032434256010963 0.10326060528017031 0.17687816865209557
1 0.5276741966478912 0.2766929982920935 0.14311509029898228 0.08696588143611876
1 0.07537263794266526 0.4704607531895659 0.09953044823215045 0.1892083899955771
1 0.180533576518472 0.5031774418247476 0.08903881733995213 0.12706327712698484
3 0.6218783483710666 0.3332342029560287 0.06075838677026013 0.07182134563570178
1 0.6260031518362663 0.5109270914055473 0.05621474522837357 0.14028838120817114
1 0.8456438426155197 0.80350039489475 0.04143962024250969 0.1937759332487641