0 0.30911614285592626 0.3829375581951119 0.037323364150463015 0.05313405935305755
0 0.2665692000988278 0.7941752506380901 0.05352245423814818 0.09316193061781254
0 0.27496544503324133 0.7070666010383834 0.034303135764814856 0.0426365676079505
0 0.08452313035963009 0.5562520875634951 0.0643426246198149 0.08098523093157392
0 0.5802941327233339 0.6585723028070046 0.039164827507376605 0.07261891633672203
0 0.8279533466711734 0.700010188206537 0.06051538880416653 0.09544732664724684
0 0.5161304664788585 0.6486257240555764 0.047385017223703745 0.06800028046093193
0 0.6014120198401546 0.34177162353076906 0.042878919706018655 0.053295709509938165
0 0.22053493870179047 0.4285997225303678 0.02997483535956794 0.035570885545845636
3 0.08104171234095756 0.9142344830357552 0.11224486980697547 0.17120773361472807
3 0.5625018362011118 0.9092593159737472 0.07030226452182105 0.09850799219956564
3 0.9512123473461119 0.8604235987224921 0.04644870280283979 0.08740431236615602