3 0.708057503605264 0.9725813904656475 0.0422265405438662 0.05483721906870503
3 0.6456278552397337 0.9232869608287353 0.053408003289447 0.10010606380937159
0 0.22132924258233788 0.33567351609632545 0.04378411131618899 0.07933571267961305
0 0.4181104482834993 0.10704670872412515 0.038994416340593335 0.06929775933695607
0 0.40185469052130723 0.1755965816606712 0.02555987387719954 0.05376723264231858
0 0.45386767222017094 0.22419815252417288 0.035282096099421914 0.05450393858999958
0 0.5750290431155405 0.16289973500745647 0.04097115772117645 0.05700824675057924
0 0.7544565892129109 0.3139658128359807 0.031426943587219584 0.05904931858067594
0 0.5504194249128407 0.5469275127852342 0.036528152717280056 0.07394838303444402
0 0.8585891445633886 0.3986163327095784 0.050417041606169104 0.07500082010255969
0 0.5291309349575466 0.9444654661278912 0.04579602851400703 0.089163178608647
0 0.30946798410237314 0.6807933244899955 0.039893782986752134 0.06176411415487877