3 0.7880854012079421 0.3122899738434748 0.05519838303444418 0.03625265670232207
3 0.8699813243117799 0.5354903047501363 0.041972857539491946 0.06208887596100665
3 0.6559926314508898 0.2657759380233657 0.040057750116545145 0.055031057509775945
0 0.7865596684422828 0.9007535382896436 0.06726786795958838 0.08623845629859501
0 0.7683334266686611 0.7708782267748053 0.046203326512293565 0.09970224996779299
0 0.7092314862345794 0.7470543388308196 0.04729720498108602 0.07770677575914312
0 0.14172286991342012 0.7821998224885 0.058934534626255045 0.08555821225787762
0 0.20610443597817987 0.6728321519133925 0.049864495345240636 0.07515574599493802
0 0.4367573351980572 0.8028357255078311 0.050232848319081175 0.08001685710604912
0 0.4404517444060831 0.2798766868530128 0.03655444684381545 0.08166089481596425
0 0.3641217372079701 0.04713839513803545 0.02559002084019271 0.046258428553024505
0 0.3194452645470043 0.027452314607204195 0.04255169792695565 0.05490462921440839
0 0.13723063089560092 0.2249720576386044 0.043361746428380914 0.062202249967792826