0 0.8305392652025088 0.30972222222222223 0.026860552016402216 0.03194444444444444
0 0.931928802112642 0.23819444444444443 0.021871251422360335 0.041666666666666664
0 0.9218412628012438 0.375 0.03620505492386725 0.049305555555555554
0 0.8970777423862447 0.3194444444444444 0.06944379642320023 0.07152777777777777
0 0.10570206927720655 0.9444444444444444 0.04750470168173485 0.0763888888888889
0 0.2626298544470117 0.5506944444444445 0.030083244406797938 0.03958333333333333
0 0.30157908949972634 0.5875 0.028977482998665968 0.044444444444444446
0 0.18441206712691816 0.7458333333333333 0.03175526077644374 0.044444444444444446
0 0.3169563641818067 0.7680555555555556 0.03620505492386725 0.049305555555555554
0 0.8621836437919053 0.6861111111111111 0.03371040462684631 0.05416666666666667
0 0.8457609538655189 0.5472222222222223 0.03387219175870718 0.05694444444444444
0 0.7529037440973241 0.9798611111111111 0.038457024523096565 0.04027777777777778
0 0.7023710867847407 0.9826388888888888 0.03674456137048562 0.034722222222222224
0 0.6030319335802546 0.9701388888888889 0.046493532107603146 0.059027777777777776