1 0.7361111111111112 0.33194444444444443 0.08333333333333333 0.14583333333333334
3 0.20277777777777778 0.5416666666666666 0.05277777777777778 0.052083333333333336
3 0.6194444444444445 0.4409722222222222 0.044444444444444446 0.0763888888888889
3 0.5145833333333333 0.24444444444444444 0.05416666666666667 0.08402777777777778
3 0.5430555555555555 0.9222222222222223 0.044444444444444446 0.05694444444444444
3 0.5513888888888889 0.8305555555555556 0.04722222222222222 0.09166666666666666
3 0.42430555555555555 0.9034722222222222 0.05694444444444444 0.07430555555555556
0 0.8229166666666666 0.7173611111111111 0.04027777777777778 0.0763888888888889
0 0.8965277777777778 0.7680555555555556 0.04583333333333333 0.06388888888888888
0 0.6645833333333333 0.7541666666666667 0.05138888888888889 0.08611111111111111
0 0.7861111111111111 0.8875 0.05 0.09652777777777778
0 0.43125 0.5965277777777778 0.04861111111111111 0.06666666666666667
0 0.7138888888888889 0.48541666666666666 0.044444444444444446 0.0763888888888889
0 0.68125 0.08125 0.03194444444444444 0.059027777777777776
0 0.59375 0.2743055555555556 0.04583333333333333 0.08888888888888889
0 0.34305555555555556 0.24791666666666667 0.05 0.07152777777777777