0 0.32342765197780676 0.25588466547788236 0.03676283973286019 0.061261550937084366
0 0.2505539303568646 0.37859757306474634 0.04889431690504761 0.0745385155142344
0 0.29267443688521994 0.47862169143969957 0.04571973010351797 0.06948316325883594
0 0.40565713600042075 0.7372508219210565 0.05093504902720017 0.0995385155142344
0 0.46659807148983784 0.7093854415066503 0.0465133481510217 0.07920538548105817
0 0.8487548343210989 0.6564898896048719 0.07216519138428529 0.10585643520750207
0 0.8844557382853331 0.8950483744267729 0.07434769832067806 0.1156757780018678
0 0.5732715621483251 0.2153875575723679 0.03163249400851037 0.04916463366509747
0 0.11987240495199972 0.8415834994616305 0.06978422263025953 0.11052330517432551
1 0.5424484911522494 0.738435304657812 0.06969936404244158 0.05873133355742368
1 0.6184408002404155 0.8170820850809608 0.07944987246060325 0.07667516810139748
1 0.6776519225399831 0.5537321183066204 0.05983536700597938 0.07323214675805126