3 0.4305555555555556 0.23472222222222222 0.044444444444444446 0.06944444444444445
3 0.5770833333333333 0.16805555555555557 0.0375 0.059027777777777776
3 0.7625 0.45069444444444445 0.10555555555555556 0.12083333333333333
3 0.8875 0.11597222222222223 0.075 0.10833333333333334
3 0.6652777777777777 0.26319444444444445 0.07222222222222222 0.12083333333333333
3 0.5395833333333333 0.7111111111111111 0.0625 0.08888888888888889
0 0.7458333333333333 0.28402777777777777 0.06944444444444445 0.1284722222222222
0 0.6583333333333333 0.4173611111111111 0.07777777777777778 0.10347222222222222
0 0.4701388888888889 0.4861111111111111 0.05138888888888889 0.08888888888888889
0 0.28125 0.8479166666666667 0.059722222222222225 0.09652777777777778
0 0.36527777777777776 0.36666666666666664 0.05277777777777778 0.10138888888888889