3 0.644680316228611 0.8465977226192302 0.0824100408256369 0.18582068262576096
3 0.2801452196451842 0.7487592080003835 0.13805255194549054 0.3263651109365406
3 0.19737081490592542 0.8901556469796548 0.0679869887899574 0.17810099054505282
3 0.48095138510121055 0.7559208950523439 0.11781210705286564 0.19574491282753
3 0.30742311765897035 0.8450890179582052 0.12353270287383253 0.21799137600729795
3 0.37083624515882085 0.8912289404152527 0.13951952553549285 0.20836611761525825
3 0.6893281962166928 0.6845982394033093 0.12286270034050659 0.16870198109010615
0 0.5209019000989314 0.17467493521193492 0.053437938839423146 0.08916361974107288
0 0.17189916541231412 0.708433411312712 0.1413940172851005 0.2153186423788848
0 0.05655628569203467 0.2933055824449965 0.11311257138406934 0.16865349917501488
0 0.2130392456507136 0.06054098560359095 0.11729762684943587 0.10897167854870204