0 0.8838309205213484 0.42962509644753527 0.0419215862646638 0.055476195522607304
0 0.7857863356096249 0.32433190096262493 0.038746999463134243 0.050518082274019036
0 0.7105172156079007 0.372663039335993 0.03242611205601425 0.05791446581921523
0 0.47716968187084047 0.3725021360851034 0.03914380848688603 0.05537919338513007
0 0.10999294678515026 0.42548719387237827 0.04492611205601417 0.058350975437862
0 0.16472728576635015 0.6541666372292357 0.05824801629945722 0.08582231732110365
0 0.36054722097655845 0.8765343332202427 0.04495439825195338 0.07566358548023465
0 0.7067489625261898 0.8429782903953073 0.0530609835717142 0.07317681411488795
0 0.7580670786194733 0.8674998881377625 0.036366030709108245 0.05528219124765314
0 0.7169242223294989 0.7013601247973792 0.04053269737577491 0.055427694453868685
0 0.4371039932568501 0.22709870394057638 0.04115625441309937 0.06306658334275757
0 0.3471383951380354 0.3451895437051894 0.03378671474896385 0.040650356845581194
3 0.4238817210625246 0.38059517669716786 0.038123442425809784 0.04287919338513006
3 0.2786023180860558 0.7436727937146136 0.046881870978834346 0.06534392095104521
3 0.5638341502812434 0.5578261964217097 0.03441027178628815 0.04828924573447008