3 0.7826565898682794 0.45102943836847376 0.0679453365583975 0.07866843911960031
3 0.5893409457393644 0.8485338753882937 0.09899693647602656 0.17338846049437076
3 0.5999096946046562 0.5936881937592875 0.07836421584748779 0.1386816677542536
3 0.5776169039643192 0.4331590954730389 0.06654983923966805 0.1181547703154564
1 0.6921076604050229 0.5459699271749918 0.08982144286960932 0.10925706626178927
1 0.6269577142915012 0.2930731093477915 0.0941578632768609 0.11426368057911608
1 0.15861776075335496 0.26145280177727376 0.12758819874767124 0.11820548400661879
0 0.6361950141386308 0.9358949806119188 0.06411817737290054 0.08824515813560684
0 0.6484282288231379 0.7088028262263211 0.07722444073213224 0.10604277886536471
0 0.38214077909154615 0.9280797589900355 0.11944886968929214 0.12347003314974295
0 0.4712787817539682 0.8922883006331415 0.09570989747649415 0.15870812502356052
0 0.38031095533916276 0.7960383124081137 0.07193564105463869 0.11348766347929945
0 0.27956361401856306 0.897592559230171 0.095612895339017 0.15593034724578275
0 0.13415136082177168 0.9346538664265311 0.10987215067328546 0.1272971923352401
0 0.8666843676460572 0.4480951237097922 0.056148602055106446 0.09837081838984227
0 0.8126411662736607 0.5132538614381474 0.06248678314031887 0.08125221262242377
0 0.8242372291972954 0.08872123002100413 0.037923292758965645 0.09287919338513015
0 0.7807782356097266 0.09858234701960142 0.058659623954822056 0.09082893163843041
0 0.6861706458545378 0.05738747418063905 0.05899913143599191 0.10055115386065264
0 0.6578571731356432 0.20230149983036397 0.05933863891716145 0.1102733760828749
0 0.5463558408522 0.13527550039300593 0.0674228584769616 0.14315477031545648
0 0.5431305492185181 0.26193114515995675 0.06776897438797201 0.11334216027308391
0 0.5057716566173169 0.36683414890996585 0.06915786327686091 0.11339066134182253
0 0.40141319829812006 0.4247111473351307 0.07071650590633473 0.1183002735216721
0 0.17595686338995153 0.5389638236769896 0.09189595515067832 0.08921517951037762
0 0.32698193538843956 0.0852270287616983 0.08175486541433799 0.11660494873824703
0 0.22914684137714506 0.11089282686435677 0.05554233869587443 0.08100970727873111
0 0.12746915869824874 0.16589504537426678 0.09459437289550772 0.1267636805791161