2 0.7688059444599639 0.8032586531967945 0.11304673786668881 0.21532694306221425
0 0.032221988504778906 0.12893944218294104 0.06444397700955781 0.10466437509407894
0 0.07630898278672703 0.26968148700919997 0.0961471148058979 0.11112683501661635
0 0.2019992521041814 0.1329949324081807 0.06947533814246785 0.10002162972998051
0 0.33691610574480274 0.1094634750481994 0.05953084695453473 0.09187322076472873
0 0.3396353522772453 0.18332934619749197 0.05522273640059754 0.08679374390660494
0 0.2726198353130006 0.23963050504984898 0.06953595695129813 0.10210496306331389
0 0.2204524207505153 0.35930512689025673 0.07559666924710563 0.11975722850377524
0 0.4367850996750074 0.4777501673440352 0.06998049488271994 0.11738274084109167
0 0.31874231911136014 0.44722118799861854 0.08539971654776823 0.12304452635791595
0 0.36459168358731353 0.3056548454687452 0.08525827266049757 0.11818341524680484
0 0.29214184868517373 0.3574981833250853 0.08590487328802017 0.14040563746902707
0 0.4001189004432273 0.39932319814969475 0.05143464514231574 0.05192594451970775
0 0.15830310900065026 0.8220353042862201 0.13031424890745116 0.18918986129926907
0 0.13970640890355074 0.528949260263971 0.07064195806564588 0.09245552942342922
0 0.04269305382565671 0.5325542886576007 0.08538610765131342 0.15564406804339828
0 0.017396806765598922 0.7730563380068664 0.034793613531197844 0.11873818835104923
0 0.028462161623283203 0.8896108688877891 0.056924323246566405 0.15491618222002268
0 0.28112341866813284 0.06689580983902622 0.03952062696100806 0.0714097361675585
3 0.4377008941088843 0.20724733554345853 0.08684922424548726 0.12520064827358676
3 0.502892503094015 0.2614356319401057 0.06720271710494216 0.11723716367641654
3 0.6214701655087211 0.3691935217835309 0.07457149321119833 0.1321844399214377
3 0.7788591478845872 0.3621408538098971 0.08231884472583917 0.11248228252657416
3 0.6737564805144336 0.6278789863796014 0.10678396287478036 0.1907302331773083
3 0.7823197637021176 0.19540139856089284 0.11368265106579795 0.14186140911577813
1 0.6599546793944703 0.8392842047323004 0.07905194135042942 0.2385072285037751
2 0.8125327316505804 0.47170864013073127 0.08990988979780638 0.13506844766048404
0 0.5151156283990209 0.9252743962002412 0.11342531327507367 0.1494512075995175
2 0.4605207045544906 0.3551944906768187 0.021843646813837363 0.035814050957285556