0 0.4152777777777778 0.12222222222222222 0.041666666666666664 0.04722222222222222
0 0.7027777777777777 0.1875 0.030555555555555555 0.049305555555555554
0 0.6472222222222223 0.175 0.027777777777777776 0.06944444444444445
0 0.5854166666666667 0.18263888888888888 0.020833333333333332 0.05416666666666667
0 0.54375 0.17152777777777778 0.02638888888888889 0.04722222222222222
3 0.9326388888888889 0.6361111111111111 0.07083333333333333 0.1361111111111111
3 0.7520833333333333 0.7618055555555555 0.11527777777777778 0.1701388888888889
3 0.5847222222222223 0.8638888888888889 0.06666666666666667 0.13333333333333333
3 0.20625 0.4583333333333333 0.043055555555555555 0.08611111111111111
3 0.15138888888888888 0.4527777777777778 0.05555555555555555 0.08611111111111111
0 0.3111111111111111 0.35208333333333336 0.06388888888888888 0.10138888888888889