3 0.09444444444444444 0.825 0.06944444444444445 0.09861111111111111
3 0.46875 0.9 0.09861111111111111 0.1951388888888889
2 0.5201388888888889 0.12708333333333333 0.02638888888888889 0.041666666666666664
2 0.7868055555555555 0.2902777777777778 0.043055555555555555 0.1111111111111111
3 0.5868055555555556 0.7729166666666667 0.12638888888888888 0.2125
3 0.7270833333333333 0.6715277777777777 0.10972222222222222 0.20277777777777778
3 0.5027777777777778 0.42986111111111114 0.08333333333333333 0.1527777777777778
0 0.3958333333333333 0.9638888888888889 0.08333333333333333 0.07152777777777777
0 0.019444444444444445 0.8138888888888889 0.03888888888888889 0.15555555555555556
0 0.24583333333333332 0.8347222222222223 0.09444444444444444 0.14305555555555555
0 0.42777777777777776 0.7861111111111111 0.07222222222222222 0.12083333333333333
0 0.34930555555555554 0.6916666666666667 0.09583333333333334 0.13819444444444445
0 0.31527777777777777 0.5569444444444445 0.09166666666666666 0.14583333333333334