0 0.1947794783546701 0.45279141853818616 0.13789961951936955 0.19728766473347656
0 0.5303236073870574 0.45122968410666026 0.09648979229772295 0.16993004168038542
0 0.697608644607553 0.536565108177093 0.09245058799677679 0.14263622093342893
0 0.5383963747787194 0.6691273741019985 0.10931323499597106 0.17782167948613395
0 0.49472446631341926 0.8754921580564194 0.11370631155141162 0.18299852171767997
0 0.9552023163752144 0.9429423572721684 0.08959536724957123 0.11411528545566323
0 0.7065240718672274 0.29711891970363863 0.09416291958391412 0.14968590908468496
0 0.5145053447291392 0.0818904833690274 0.07345513390272282 0.09137329645168994
0 0.7793550910753856 0.22651843468938648 0.08075536531524044 0.09953840387463674
0 0.8349335202633786 0.33522094109912015 0.06673901406063074 0.12546405643304273
0 0.8916991138669973 0.3208385549318006 0.0599239466954856 0.1277156156767626
0 0.82311839113993 0.1855470325697241 0.05507613564891914 0.08306068381869498
3 0.35488993474529595 0.7258054288691748 0.15524743056593618 0.2428897899528484
3 0.6044828622326236 0.920543243528596 0.12307466151913944 0.15891351294280803
3 0.6040469660857661 0.4443602224210797 0.06476792831489493 0.11285881272623108
3 0.31339616891770783 0.14692259216987538 0.09209288631512527 0.10524146464024046
1 0.6669332855405912 0.6802513058709582 0.18075728002881894 0.13687181816936989
3 0.8882442269974882 0.8409559030177913 0.07510277695021032 0.09703409571405738