1 0.875 0.1701388888888889 0.13333333333333333 0.14305555555555555
3 0.6986111111111111 0.5076388888888889 0.10555555555555556 0.1701388888888889
3 0.7361111111111112 0.21875 0.1 0.18055555555555555
3 0.7166666666666667 0.05277777777777778 0.09444444444444444 0.10555555555555556
3 0.6236111111111111 0.24791666666666667 0.08333333333333333 0.1701388888888889
3 0.5215277777777778 0.18611111111111112 0.10416666666666667 0.18541666666666667
0 0.27291666666666664 0.9576388888888889 0.11805555555555555 0.08472222222222223
0 0.07291666666666667 0.9131944444444444 0.14583333333333334 0.1736111111111111
0 0.31666666666666665 0.7680555555555556 0.12777777777777777 0.19236111111111112
0 0.47430555555555554 0.7 0.09305555555555556 0.16041666666666668
0 0.8138888888888889 0.7680555555555556 0.08611111111111111 0.1527777777777778
0 0.7236111111111111 0.8319444444444445 0.07777777777777778 0.14305555555555555
0 0.7451388888888889 0.6333333333333333 0.0763888888888889 0.13055555555555556
0 0.5680555555555555 0.5493055555555556 0.09166666666666666 0.1951388888888889
0 0.47638888888888886 0.4618055555555556 0.08333333333333333 0.15833333333333333
0 0.3784722222222222 0.5569444444444445 0.10416666666666667 0.175
0 0.23055555555555557 0.5791666666666667 0.10555555555555556 0.175
0 0.7895833333333333 0.3715277777777778 0.10138888888888889 0.11597222222222223
0 0.5152777777777777 0.034722222222222224 0.05555555555555555 0.06944444444444445
0 0.25277777777777777 0.13819444444444445 0.09444444444444444 0.10833333333333334
0 0.03333333333333333 0.25416666666666665 0.06388888888888888 0.15833333333333333