1 0.7180555555555556 0.46041666666666664 0.05277777777777778 0.05694444444444444
0 0.2520833333333333 0.21736111111111112 0.07361111111111111 0.08888888888888889
0 0.4888888888888889 0.2590277777777778 0.04722222222222222 0.09861111111111111
0 0.5375 0.2902777777777778 0.05277777777777778 0.07152777777777777
0 0.5638888888888889 0.16527777777777777 0.044444444444444446 0.06388888888888888
0 0.4513888888888889 0.41388888888888886 0.05277777777777778 0.12083333333333333
0 0.5659722222222222 0.5840277777777778 0.07361111111111111 0.14097222222222222
0 0.3951388888888889 0.6951388888888889 0.0763888888888889 0.12569444444444444
0 0.5229166666666667 0.8298611111111112 0.05138888888888889 0.10833333333333334
3 0.11180555555555556 0.3333333333333333 0.07361111111111111 0.06388888888888888
1 0.9416666666666667 0.5097222222222222 0.1111111111111111 0.12083333333333333
1 0.31180555555555556 0.1638888888888889 0.05416666666666667 0.052083333333333336