0 0.20208333333333334 0.6923611111111111 0.043055555555555555 0.0763888888888889
0 0.0763888888888889 0.8618055555555556 0.06111111111111111 0.11388888888888889
0 0.04861111111111111 0.7145833333333333 0.06111111111111111 0.10138888888888889
0 0.4840277777777778 0.3875 0.04027777777777778 0.07430555555555556
0 0.8631944444444445 0.8013888888888889 0.11805555555555555 0.18055555555555555
0 0.4222222222222222 0.5430555555555555 0.03333333333333333 0.059027777777777776
0 0.4548611111111111 0.5826388888888889 0.034722222222222224 0.08402777777777778
0 0.4722222222222222 0.8138888888888889 0.05555555555555555 0.10625
0 0.5354166666666667 0.8 0.07361111111111111 0.11875
0 0.6284722222222222 0.8777777777777778 0.08194444444444444 0.15069444444444444
0 0.4777777777777778 0.9416666666666667 0.06666666666666667 0.1111111111111111
0 0.5472222222222223 0.9298611111111111 0.08333333333333333 0.12569444444444444
1 0.5736111111111111 0.32569444444444445 0.07222222222222222 0.10347222222222222
1 0.70625 0.3 0.1486111111111111 0.11597222222222223
1 0.5375 0.6256944444444444 0.06111111111111111 0.18541666666666667
1 0.7319444444444444 0.04791666666666667 0.05277777777777778 0.09166666666666666