0 0.08286815835578179 0.7466696463686582 0.11709130344029958 0.15893935727197445
0 0.26325353828964343 0.7157594827794946 0.09520931784995068 0.12896512169231691
0 0.4575283801699668 0.8551498144628576 0.0960029358974544 0.13868734391453913
0 0.6474929467851502 0.43452703243345076 0.08903020525707082 0.12129391152670069
0 0.6908453354807964 0.20133510468580035 0.06281149198987587 0.08921210165616418
0 0.18863523001755184 0.4297731536105053 0.07137157333678164 0.0920383613490333
0 0.2652087241548908 0.5386034265735244 0.0945857608126263 0.12132623280342804
0 0.2862116600523452 0.40046554436335313 0.09702330195853079 0.1511873439145393
0 0.4024532314993208 0.4233745937160353 0.08194398599838608 0.1365232073893872
0 0.4895707374908103 0.4711260768446708 0.06899048997124121 0.13089492896119453
0 0.48146334989044753 0.22999224823881098 0.056065509363064495 0.07459644704610327
0 0.5015883822101532 0.32390385462244864 0.10011303017224249 0.10400552328822638
0 0.55404000914827 0.26862707007866804 0.05688741360650766 0.1016717000602548
0 0.19437401548338265 0.1296640693015499 0.07293052323584988 0.09412977500154847
0 0.3862388001331389 0.043238751752740244 0.0715133481510217 0.07676866389043736
0 0.4820439618820474 0.09520942362272466 0.0616493511145595 0.09198179911476008
0 0.5407316176394665 0.09971950385462133 0.06082733225960182 0.09891816324002266
0 0.6883506488854406 0.09571490657678976 0.06439884269639783 0.0746449289611946
3 0.5381821924364651 0.5735407032644614 0.07630357185501283 0.08443179373687192