2 0.5332957481895592 0.7802011119328328 0.09658952514362827 0.14363944981075305
0 0.5345877232532639 0.127355284068523 0.060218266584295875 0.0954069141080266
0 0.7355401025235059 0.13399546588159966 0.07149913143599192 0.10059132553289897
0 0.8436221094608822 0.15790641488615037 0.06803573026603386 0.12060897680412744
0 0.8143540154118908 0.2808560628143355 0.08808643806971 0.13853586346432079
0 0.9243892819584897 0.3282972978515569 0.08937832482112197 0.1357984982257632
0 0.9643143059579857 0.47628944588245725 0.04067021157253395 0.1316062815752798
0 0.7272772492959948 0.6288716732655575 0.07315477620294265 0.10827062696100806
0 0.5821934993431158 0.4527210844849995 0.08842594555087986 0.148258085686543
0 0.4627887349151455 0.4749263565883233 0.10343696745059579 0.1410637347290759
0 0.3442988823633669 0.43119981900864496 0.07305777406546557 0.10549284918323028
0 0.2553791345102683 0.39493774516906655 0.08209437289550768 0.12587421330744017
0 0.03007603226808334 0.4607346232662212 0.06015206453616668 0.15491964235644642
3 0.1171185763299875 0.22205731591462993 0.08477514853580842 0.12317726060810269
3 0.3798831490230566 0.0479143294922335 0.058829377695406825 0.09536650156880645
3 0.5088646324670334 0.034941694525360716 0.05137567202920776 0.06988338905072143