3 0.4875 0.3951388888888889 0.03888888888888889 0.06388888888888888
3 0.09583333333333334 0.5319444444444444 0.09166666666666666 0.12083333333333333
3 0.14375 0.88125 0.10972222222222222 0.14791666666666667
3 0.38125 0.9097222222222222 0.10416666666666667 0.16527777777777777
1 0.4486111111111111 0.5173611111111112 0.041666666666666664 0.1701388888888889
1 0.5840277777777778 0.7395833333333334 0.09027777777777778 0.13055555555555556
1 0.7694444444444445 0.30625 0.10555555555555556 0.08402777777777778
0 0.55 0.6013888888888889 0.07222222222222222 0.1111111111111111
0 0.5444444444444444 0.5027777777777778 0.04722222222222222 0.06666666666666667
0 0.5854166666666667 0.43472222222222223 0.04861111111111111 0.08402777777777778
0 0.6423611111111112 0.28125 0.05694444444444444 0.09375
0 0.6458333333333334 0.45208333333333334 0.06111111111111111 0.09375
0 0.6604166666666667 0.5701388888888889 0.0763888888888889 0.10833333333333334
0 0.6361111111111111 0.7013888888888888 0.07222222222222222 0.13333333333333333
0 0.6472222222222223 0.9347222222222222 0.08333333333333333 0.13055555555555556
0 0.4888888888888889 0.46944444444444444 0.05555555555555555 0.09861111111111111
0 0.42430555555555555 0.7222222222222222 0.0625 0.1111111111111111
0 0.32916666666666666 0.7680555555555556 0.075 0.13819444444444445
0 0.1597222222222222 0.6805555555555556 0.09166666666666666 0.14583333333333334
0 0.38333333333333336 0.4638888888888889 0.06388888888888888 0.10833333333333334
0 0.37430555555555556 0.2923611111111111 0.04861111111111111 0.052083333333333336
0 0.36041666666666666 0.35208333333333336 0.05694444444444444 0.0763888888888889
0 0.15486111111111112 0.4125 0.06805555555555555 0.1284722222222222