3 0.851272915725877 0.5941290697479202 0.098733064977885 0.11158290493881554
0 0.11254333433924779 0.3523610934486526 0.07640165988215648 0.1087235545056655
0 0.5072041509627842 0.16251315798481922 0.050570497009749873 0.06553792522599917
0 0.014787489070602981 0.7245304187947195 0.029574978141205962 0.09111993805086184
0 0.07978256646287174 0.9510207056285023 0.08660291371404812 0.09175045194446246
0 0.7702757570754245 0.9095788138887069 0.14814485049470913 0.12855822012244225
0 0.758945245993697 0.5834897524645134 0.08524451329185277 0.11873678314031887
0 0.9323399100464296 0.2641202428081697 0.05842479873341391 0.08314154168080294
0 0.8658522619233691 0.24980587797532217 0.07622559425078793 0.07891094446329293
0 0.8899630750298131 0.3584853272196658 0.08357037589808872 0.08679233869587442
0 0.7548011684013278 0.3583530703105622 0.0657695803807147 0.0910229359133846
0 0.6384010734217933 0.41024682461378903 0.056016869691799163 0.06364859616761988
0 0.6335183325807017 0.4769619923491942 0.042127980802910275 0.06316358548023465
0 0.5503276234998058 0.4639240847856535 0.05473716367641654 0.06568342843221475
0 0.52919627066833 0.6026035399174834 0.0992789793454168 0.1219995716054822
0 0.3854118699450818 0.7802248102517884 0.09069088597390192 0.11684745408194001
0 0.20813475350695398 0.7372001430978735 0.08521402482515923 0.091701950875724