0 0.7832720535991149 0.4397061716651374 0.09604438823674223 0.13791901402059953
0 0.9308534855010056 0.29102323131600577 0.11892481458512805 0.17095528720010722
0 0.916502798679301 0.6826987567193854 0.11184686407448478 0.16850801095508625
0 0.7155496038062442 0.7005438459203243 0.08326804989951218 0.15455223930833503
0 0.5799922338706385 0.6048492245828737 0.06451911440055812 0.09958489823595519
0 0.5211123565645399 0.7768678456192716 0.07548739324063847 0.11953886275676255
0 0.6834580690865861 0.9250722527507141 0.10351353074115145 0.1498554944985718
0 0.6227975550059477 0.20359114829747174 0.06399441634059334 0.06979657570718163
0 0.6583197491243187 0.27189555806673343 0.08861042154956762 0.12991618222002274
1 0.6366904475944394 0.4527875209795209 0.13892193570403227 0.13739768229528598
3 0.7144402467577224 0.5212286491767448 0.0663881993273454 0.12875156490262185