0 0.2863328110249774 0.3828241818064263 0.0799655740617698 0.1267287816862184
0 0.4933217574914882 0.36523701035083006 0.09281226403346905 0.1547191070738418
0 0.47625056892662154 0.6208492529097787 0.09128986907838119 0.15252239973372228
0 0.6402998779951585 0.615747766438941 0.10392337514458032 0.15562609912813186
0 0.2630769058939317 0.7888474337928538 0.09312377818793362 0.1595802181849529
0 0.6526178662072902 0.8655069326331561 0.11951266707682243 0.16173432431389187
0 0.442468767564907 0.02418576901599322 0.08979545273778784 0.04837153803198644
0 0.6578605888027552 0.3524966349911034 0.08511128521389631 0.14234668148435503
0 0.6698513496493164 0.262403118627232 0.07698393858332318 0.08020100390844079
0 0.7012679025306586 0.12789355862636986 0.06993183768508292 0.12107405252760364
0 0.7546138158894219 0.050904702680018496 0.08538762355112604 0.10180940536003699
0 0.8190274028382755 0.03955630786405425 0.08972297210122678 0.0791126157281085
3 0.7947407539969633 0.5126445254905897 0.17163943793117653 0.22056352566252177
3 0.8298032791846104 0.15954082609618 0.12694663376399704 0.16994008323671198
3 0.5743481828801106 0.3081936215263554 0.09461819452852688 0.22602013683804714
3 0.17803997601410765 0.6389746643688231 0.10444807320454501 0.1853738362324568
3 0.30222854891103573 0.5659733683373678 0.09885734183175461 0.1628114919898757
3 0.3612885633074913 0.8409311109607308 0.08451410651737047 0.17614771124856046
3 0.4485391390837105 0.8269007910921456 0.12177294399737566 0.21856539475154982
3 0.7916309349575464 0.8306717948502059 0.15278284597842648 0.2065896635743005
1 0.35366300432303677 0.614967317291533 0.060073980394570174 0.22596356444616864
1 0.030485128524259712 0.8399378849804481 0.060970257048519425 0.17626108525534662
3 0.175399962306712 0.8526510056478666 0.07506822263237807 0.15810635609673163
3 0.5442669449653394 0.885404529270202 0.11329890739510297 0.12944975784908858
2 0.12610053945285074 0.716440491710667 0.06733206799557065 0.12362508229180882
2 0.5140421118657968 0.05268032334743691 0.038059873877199696 0.05491768350298967
2 0.23276945575653096 0.28081150665718385 0.06972797998441425 0.07477302276339831