1 0.7207341813643495 0.41020533086834043 0.05310907086423495 0.06063502618590759
0 0.25334790328529794 0.19973372726701785 0.07412825153875159 0.09403627921250843
0 0.4903958684163099 0.22484133638317272 0.047795924884135844 0.10191321056399907
0 0.5391887867090135 0.25269211635814093 0.05319391421564477 0.07521835951924076
0 0.5648504468715329 0.12584682548740941 0.04481613912681107 0.06699674719748935
0 0.4537968240050898 0.3823247029421654 0.05348076554660142 0.12452391507479632
0 0.5693699964382037 0.5444511446291938 0.07443126350807208 0.14611961254584177
0 0.399183088639421 0.6675080861139878 0.07712015777484914 0.1310360759123515
0 0.5277446573778414 0.7932952156989839 0.052019153785075725 0.11192679450265233
3 0.11374483215920733 0.32551512727576026 0.0739828057934777 0.06903627921250843
1 0.944362547183225 0.44387447430874993 0.11127490563354993 0.12860297910483448
1 0.31275903321901766 0.14208532044261377 0.05446967863598723 0.055871035646940154