0 0.09840064475649442 0.20277777777777778 0.06846866375167969 0.11388888888888889
0 0.3933605151017771 0.21944444444444444 0.07044576712374445 0.09861111111111111
0 0.5738747298860055 0.034722222222222224 0.060292719231972096 0.06388888888888888
0 0.16438076637111262 0.4013888888888889 0.07336912206619728 0.10138888888888889
3 0.430222175989848 0.4701388888888889 0.06423511432715069 0.08611111111111111
1 0.5607777315454036 0.4701388888888889 0.056763432332917634 0.15555555555555556
1 0.5346661917689937 0.23958333333333334 0.0523902115681889 0.09861111111111111
1 0.5718898020008316 0.3111111111111111 0.09164894919324082 0.07916666666666666
1 0.8359557907446928 0.6125 0.20319088597390192 0.11388888888888889
1 0.6579439233143972 0.7097222222222223 0.13067256294217108 0.29375
1 0.467299249712694 0.7034722222222223 0.08801734458947218 0.3013888888888889
0 0.15373790944432406 0.6972222222222222 0.09097613447877685 0.14583333333333334