1 0.4346581493582407 0.02039018584741502 0.10264963204981478 0.04078037169483004
1 0.6115215824035188 0.32475961896643835 0.12474486980697543 0.1722751485358084
1 0.6927427394445066 0.49984558742922724 0.16421447889185192 0.13895945730700388
3 0.5749833503014513 0.7854364330813264 0.0659427986317594 0.15009921475990085
3 0.8048785300546304 0.8684544800304284 0.1701267899351854 0.21410496051321956
3 0.6443284919769451 0.6593032663958114 0.11096912453509289 0.1766512489595341
3 0.5849831587297533 0.11023360775410793 0.09522260891543226 0.15597884831452133
3 0.4789629297524694 0.3029783316077106 0.1221287257677779 0.17912259084277574
3 0.367547617695309 0.4430907808897512 0.14769560511571014 0.26397488678910874
3 0.19041811676620418 0.5667327804025031 0.14000764547379646 0.23178793700097156
0 0.34144560511571015 0.2473147696774207 0.07324167603817908 0.10594577672788764
0 0.49898577186709886 0.1479871467724888 0.08840747146185209 0.16129189852638418
0 0.3595629110094445 0.10003522533419561 0.09795189657163582 0.15399251711866507
0 0.23506281433614204 0.07102787604517798 0.11455390974287051 0.14205575209035595
0 0.09451200109712976 0.14890651333095906 0.12190243853376555 0.16940036862055352