1 0.3655125532914982 0.2793558802332578 0.10520673658176476 0.08299550649282171
0 0.11672449859316739 0.2266903510108 0.10517875796726998 0.1475061103889542
3 0.7165702111152137 0.3656925696295605 0.09518019740781812 0.16467327633419618
3 0.8080319555801659 0.37174353247289627 0.09312377818793355 0.15423236652179592
3 0.2275033141380593 0.3714483791500224 0.09604438823674208 0.1348606515145524
1 0.42523077181411767 0.03264043218022557 0.09486148605061338 0.06528086436045114
1 0.5070664953037204 0.12324115512606929 0.1107622921373203 0.08309247907575631
1 0.6292596744104022 0.23999109560304438 0.1335092124195073 0.113317237372872
1 0.7381734087281095 0.6051668088070924 0.13236868325335346 0.16046673015789328
1 0.12968578791682248 0.7652605642141158 0.1274289588039869 0.0833833968245598
1 0.08445282678315229 0.5693025003610785 0.09697893070013572 0.14944398484788557