0 0.10902777777777778 0.20277777777777778 0.0625 0.11388888888888889
0 0.4048611111111111 0.21944444444444444 0.06527777777777778 0.09861111111111111
0 0.5756944444444444 0.034722222222222224 0.05694444444444444 0.06388888888888888
0 0.18541666666666667 0.4013888888888889 0.06805555555555555 0.10138888888888889
3 0.4548611111111111 0.4701388888888889 0.059722222222222225 0.08611111111111111
1 0.5854166666666667 0.4701388888888889 0.04861111111111111 0.15555555555555556
1 0.5472222222222223 0.23958333333333334 0.04722222222222222 0.09861111111111111
1 0.5881944444444445 0.3111111111111111 0.0875 0.07916666666666666
1 0.8680555555555556 0.6125 0.19722222222222222 0.11388888888888889
1 0.6951388888888889 0.7097222222222223 0.11527777777777778 0.29375
1 0.5041666666666667 0.7034722222222223 0.07222222222222222 0.3013888888888889
0 0.19027777777777777 0.6972222222222222 0.08333333333333333 0.14583333333333334