0 0.1813660467742594 0.1655591843156561 0.09517411879385812 0.1565687113572046
0 0.2996981215797533 0.27437991088962793 0.09667615129975321 0.16151882651244845
0 0.35611381973848805 0.49364528274476116 0.11652468009064829 0.18012599424141784
0 0.4288740783496302 0.7597230324186879 0.11153484262012354 0.20407553362044237
0 0.5482221231823772 0.7930273226364806 0.07803871428530869 0.13536177393872323
1 0.2452509655497537 0.7951077167712569 0.11768612048262352 0.11085955788523892
3 0.4231810869629015 0.3363789334399748 0.09622357683172851 0.142074382068004
3 0.7547278340068524 0.6682724888560784 0.11692760317419773 0.13785388717443933
3 0.8337091553522223 0.27809091232517336 0.09638521057030876 0.14901882651244844
3 0.9637567258941514 0.6473458934744293 0.07248654821169712 0.1259955678930317
3 0.6370296145705252 0.7654347501497084 0.09026393692972223 0.12435725478036184
1 0.7467206713079327 0.8307103989253946 0.158239836878889 0.18487944889873298
1 0.4943896616836732 0.5357900164472348 0.09955323184648171 0.28512993762355954
2 0.749116820752315 0.3080338302776771 0.11599245001623489 0.21684254575284065