0 0.9585032943345848 0.03444934778297849 0.0829934113308304 0.06889869556595699
2 0.8423122272888739 0.06457049047917646 0.05726468350358655 0.08612171454150443
3 0.7111060286071882 0.055858319468381525 0.10549683026163797 0.11171663893676305
0 0.2698465565639617 0.28359157705165045 0.06451984907165809 0.11065364163908448
0 0.06526631862527087 0.5349792534009886 0.06521905248386012 0.14045815986468949
0 0.40615126174702976 0.4800002920160002 0.07961290364066352 0.16805082916757783
0 0.6646245463623253 0.7403769081550825 0.11418944500467015 0.16738231797189781
0 0.7398000751717477 0.520726148374962 0.10911949230983345 0.17410039087431764
0 0.8496286123654637 0.6771247201706938 0.13274996282814017 0.19514476593130453
0 0.6533671073206679 0.9379233578719705 0.12200829813457371 0.0811426912714034
0 0.4016796035329896 0.18698836272156868 0.0908988964888664 0.151199054026022
3 0.6704537219079428 0.22617912158989867 0.10808988483064341 0.19898720510330542
3 0.5606486560168498 0.31909907197410464 0.07080380891829192 0.1212966798477756
0 0.21611563832728084 0.690402779518734 0.166403858756781 0.18128181029118007