0 0.6194444444444445 0.07013888888888889 0.04722222222222222 0.08611111111111111
0 0.7569444444444444 0.35694444444444445 0.06388888888888888 0.0763888888888889
0 0.9611111111111111 0.5951388888888889 0.07777777777777778 0.13333333333333333
0 0.83125 0.7194444444444444 0.11527777777777778 0.19027777777777777
0 0.6340277777777777 0.2965277777777778 0.059722222222222225 0.11388888888888889
0 0.5444444444444444 0.17152777777777778 0.07222222222222222 0.1111111111111111
0 0.5 0.2902777777777778 0.075 0.09652777777777778
0 0.4354166666666667 0.20277777777777778 0.0625 0.09375
0 0.42291666666666666 0.11875 0.059722222222222225 0.07916666666666666
0 0.35138888888888886 0.32222222222222224 0.075 0.11597222222222223
0 0.3451388888888889 0.1111111111111111 0.06527777777777778 0.09375