1 0.3522041886704843 0.29349835359567933 0.10141822402541768 0.08357752583555561
0 0.10607133080651639 0.23084823817935193 0.09837886363536505 0.14806387892574083
3 0.69895524675066 0.39389266151422897 0.0875707918459243 0.1651663760551235
3 0.7900608062744172 0.40364895237851917 0.08600007936403307 0.15471738264074084
3 0.21001787157030383 0.3797358685404014 0.089827341990429 0.13536991843944451
1 0.42354698845574124 0.0459546057906485 0.09152629978306 0.07362901637932107
1 0.5009142099558065 0.14354974687450658 0.10697377958097323 0.08370683282641984
1 0.6175703322493656 0.2649667035610807 0.12832834054757963 0.11405284515327167
1 0.7093871893897121 0.6336214652122845 0.12498594083585665 0.16117808713234594
1 0.09393777200052238 0.7685416180341977 0.1236404462476399 0.0840947537990126
1 0.05786847799032405 0.5712541616850926 0.09008189502063217 0.14995325177277785