0 0.13541666666666666 0.21458333333333332 0.07361111111111111 0.09375
0 0.3819444444444444 0.35208333333333336 0.06388888888888888 0.12083333333333333
0 0.3763888888888889 0.5972222222222222 0.08611111111111111 0.13819444444444445
0 0.5430555555555555 0.21736111111111112 0.058333333333333334 0.10347222222222222
0 0.46458333333333335 0.39652777777777776 0.0625 0.08611111111111111
0 0.47152777777777777 0.5138888888888888 0.07361111111111111 0.09861111111111111
0 0.58125 0.5125 0.07361111111111111 0.1111111111111111
0 0.5354166666666667 0.6430555555555556 0.0763888888888889 0.12083333333333333
0 0.6604166666666667 0.425 0.05416666666666667 0.07430555555555556
0 0.6673611111111111 0.6805555555555556 0.07083333333333333 0.10138888888888889
0 0.7770833333333333 0.7680555555555556 0.07083333333333333 0.11388888888888889
0 0.4263888888888889 0.06805555555555555 0.04722222222222222 0.08611111111111111
3 0.8916666666666667 0.8527777777777777 0.09166666666666666 0.15555555555555556
1 0.6055555555555555 0.3034722222222222 0.05555555555555555 0.12361111111111112
1 0.6270833333333333 0.7590277777777777 0.0625 0.18541666666666667
1 0.6097222222222223 0.4791666666666667 0.08333333333333333 0.1527777777777778