0 0.15325990383540575 0.08567484849987113 0.07550995380750902 0.07713519983086184
0 0.17284623770560487 0.13594248310903082 0.0791379220246691 0.12157964427530629
0 0.15656286732805055 0.3268864088885 0.12446084310443521 0.1850263935105395
0 0.156819047652708 0.6481005626020053 0.19974404889837172 0.25938381556362344
0 0.4069179920327382 0.5802548362305525 0.08248256983637817 0.128637274490763
0 0.23410164508427647 0.8979393427880571 0.1008496173818095 0.20412131442388576
3 0.4107436197869295 0.3114635731634174 0.09064584215953207 0.12689349847046644
3 0.3001571213331126 0.37732969919659376 0.07910963582872989 0.10427512604970132
3 0.2994348491387872 0.531282960945618 0.12222164916464943 0.17455313395836672
3 0.24308407097452395 0.060767978064534836 0.06694987246060324 0.07401786474004732
3 0.34978985923196027 0.7423610492259985 0.12224993536058872 0.19185765218397155
3 0.4082781362796295 0.4611652789175158 0.10510171569386684 0.1004892797632067
1 0.6179303879868482 0.7351713276876191 0.08330401563376297 0.29132238296565227
1 0.49427667566455635 0.7050496715493147 0.07471576270243234 0.2369859376424671
1 0.5969119909590066 0.4890573931207439 0.09478422263025961 0.10975875890137984
2 0.2851496096722047 0.672141997396828 0.0367345535369209 0.04302489591881371
2 0.527865157818916 0.7203533825758566 0.0294215862646638 0.05518533860577703