0 0.18855816128573563 0.1396547937980262 0.10220424874426509 0.1581771288923372
0 0.3116201852744526 0.2315769531202629 0.10393305963565716 0.16315161401023456
0 0.37811132313169693 0.4433543370913938 0.12459151123189874 0.18209996121635313
0 0.46308521764746313 0.6997179403212092 0.120735565688859 0.20595202074476365
0 0.5836319482321228 0.7157189071854289 0.08412933378151387 0.13667775192201329
1 0.28166509487812896 0.762018905446003 0.12251326040248817 0.11288226478548134
3 0.43763010981028166 0.2757667071897393 0.10257337162564445 0.14370716956579013
3 0.7836906735260404 0.5604049877162601 0.12301822267040292 0.13985222411202836
3 0.8442057549095122 0.15737240495199972 0.10305897448636314 0.15065161401023455
3 0.9760189571670963 0.5081097944421685 0.04796208566580731 0.1274090257269361
3 0.6708843878340058 0.6750729504143821 0.09580380891829177 0.12589256242753397
1 0.7832967851973772 0.7245631112183879 0.16640385875678085 0.18758451475327434
1 0.5179422168631472 0.46546364375288796 0.11257679055645219 0.28676272512134565
2 0.7612656628325114 0.19976157303602096 0.12577631750481955 0.2187921427651225