0 0.05277777777777778 0.06666666666666667 0.10555555555555556 0.13333333333333333
0 0.5839668157347796 0.15366840458350145 0.12055563789996013 0.21054742354927894
0 0.6929869346582429 0.26510040182608535 0.09914010770977989 0.19659061496712246
0 0.7893853353567214 0.26112829983987146 0.09590759544087588 0.15691016106164538
0 0.24882391214382313 0.6913956349659269 0.11500008234440458 0.21015894126070375
0 0.2862286911174215 0.9137394196714115 0.11279875728273786 0.13317272849951425
0 0.43083485691099005 0.9001666579462377 0.1103767664730332 0.14061737624411547
3 0.08783099862205693 0.34851431407513267 0.17566199724411385 0.21491784929574836
3 0.4395792980451646 0.5340827147124337 0.16322689164477502 0.26475280903033693
3 0.5175529532249642 0.747360002825749 0.0905784497740942 0.16138278988418145
3 0.6987992267283127 0.5415670518799224 0.05992203198190696 0.0976348228857505
1 0.6573456698858754 0.49532079434689535 0.06868541439085618 0.25606527679122765
3 0.8765543367346645 0.12836341303612794 0.06502668247349372 0.11806507349107077
3 0.08507205918854797 0.5810221225452439 0.1310845521542244 0.19882438812642914
3 0.8626710890560056 0.2926893444996637 0.05494867328319831 0.10974634059717547