0 0.1179003826181905 0.22247045601156026 0.08126385656918321 0.09803735899431819
0 0.3532041337241291 0.3743290639642298 0.07375242747929296 0.12455443736613776
0 0.3276380659707998 0.6191443785893965 0.09739182478634337 0.14320984553213742
0 0.5253125234935068 0.24899049538994933 0.06677969683890915 0.10686975199130459
0 0.4322150543958579 0.4235866755815409 0.0695291884207478 0.08975132157798511
0 0.42957939526686395 0.5413522545223046 0.08166066559293515 0.10289847010542938
0 0.5394149914958724 0.5463539573419278 0.08268103165401139 0.11539847010542938
0 0.48292450152463123 0.6742400252217758 0.08625242747929289 0.12528247945951262
0 0.625724220590073 0.4634648905999682 0.06023217602973116 0.07746040462684631
0 0.6118078477858468 0.7194249139851763 0.07910963582872974 0.10551446075134613
0 0.7143875075805349 0.8133155056936886 0.08013000188980628 0.11801446075134613
0 0.4208335625563625 0.09288988029622902 0.054251410642970024 0.08886149235274922
3 0.822055026499907 0.9047114471051796 0.10436455542672686 0.1608945309069706
1 0.5807833350727591 0.3387418169679344 0.06564584215953206 0.12684685374833246
1 0.5651244386246458 0.7955512227954132 0.07763542990596477 0.18905687713354066
1 0.5706081898809647 0.5146789421101704 0.09580447407982118 0.1576313917336097