0 0.49930555555555556 0.03958333333333333 0.06805555555555555 0.07430555555555556
0 0.9020833333333333 0.1111111111111111 0.11805555555555555 0.17291666666666666
0 0.9736111111111111 0.2298611111111111 0.05277777777777778 0.17777777777777778
0 0.6159722222222223 0.4027777777777778 0.07083333333333333 0.16319444444444445
0 0.7486111111111111 0.6805555555555556 0.09166666666666666 0.15555555555555556
0 0.5118055555555555 0.6618055555555555 0.07361111111111111 0.14305555555555555
0 0.6173611111111111 0.7583333333333333 0.1125 0.1527777777777778
0 0.6298611111111111 0.6034722222222222 0.09027777777777778 0.14583333333333334
3 0.7548611111111111 0.3951388888888889 0.12638888888888888 0.19722222222222222
3 0.8298611111111112 0.5916666666666667 0.08472222222222223 0.1361111111111111
3 0.5152777777777777 0.2701388888888889 0.06944444444444445 0.09652777777777778
3 0.5138888888888888 0.16527777777777777 0.10555555555555556 0.09861111111111111
3 0.7951388888888888 0.7875 0.10694444444444444 0.1527777777777778
1 0.36180555555555555 0.5583333333333333 0.14583333333333334 0.19722222222222222
1 0.40694444444444444 0.3888888888888889 0.06666666666666667 0.14097222222222222