3 0.7601157870147202 0.03647290326447312 0.0908795370816708 0.07294580652894624
0 0.11722559526074125 0.13134242304896293 0.16279071464410072 0.21403885440661652
0 0.7374771757697078 0.3889698305020144 0.18283691839243815 0.3426585818388869
0 0.023705933083417393 0.15980592512613562 0.047411866166834786 0.1741381497477288
0 0.11240417357251739 0.3879814967231419 0.14557052542344767 0.1851033958539113
0 0.021329101201897932 0.3058074843698555 0.042658202403795864 0.09309863716135204
0 0.2714033975437496 0.5541505655985788 0.2030392915430023 0.23643012264178526
0 0.2593998124846447 0.8838641714996416 0.1030589744863633 0.15010688391193097
0 0.49951698542860345 0.7592914061642582 0.22057052542344766 0.19078655602173644
3 0.5210780759806843 0.5497374098524225 0.33697406064406343 0.47245917105410246
3 0.07204960523828738 0.6687268189919822 0.08451781607008893 0.14179427127893626
3 0.18954212030434137 0.7468601290857517 0.06074166469356644 0.11788814974772903
1 0.08457469422173654 0.9143807459622 0.06451000759997759 0.15202117123231806
0 0.018775736055779726 0.9421601639450974 0.03755147211155945 0.11336431055995036
0 0.6520135664977957 0.8900334480228592 0.09943631243816782 0.11805719576067525