2 0.6283637011312762 0.15530216199544133 0.06835431283829349 0.1282411242922201
0 0.02990378044460677 0.7584359156739522 0.05980756088921354 0.1562865366791578
0 0.024305555555555556 0.056916148001691376 0.04861111111111111 0.11383229600338275
0 0.15939495009681673 0.06004529906244995 0.09419334914016031 0.11751083356128095
0 0.29175795533540533 0.07544571538719522 0.06305559672775785 0.10376579008014616
0 0.3555459819876625 0.13453481243845675 0.05472226339442459 0.10342623276710942
0 0.38115094954644113 0.2693442871829269 0.07484593750519018 0.11880186649752855
0 0.40783657807398355 0.4255966503769158 0.08085622755187198 0.15855497848738023
0 0.4864362626619264 0.44942589279364686 0.062344022791611706 0.08848801230236837
3 0.7929162961168459 0.8784593793680653 0.07113209061607095 0.12835431006323228
1 0.04066963551232715 0.4782635436925574 0.0813392710246543 0.22289661046031817
1 0.26355194026508466 0.4578146064729356 0.09254953551983 0.1715077215714293
2 0.49346635456487953 0.3728955216909926 0.03504949434762763 0.0679683030333076
2 0.3429071342709759 0.03385333461839442 0.029267528903298354 0.06288082038017194