0 0.04791666666666667 0.5208333333333334 0.07083333333333333 0.08402777777777778
0 0.14583333333333334 0.5083333333333333 0.08611111111111111 0.09375
0 0.24375 0.4618055555555556 0.06527777777777778 0.08888888888888889
0 0.17430555555555555 0.26319444444444445 0.05694444444444444 0.09652777777777778
0 0.15138888888888888 0.3902777777777778 0.07222222222222222 0.10347222222222222
0 0.35555555555555557 0.5631944444444444 0.07777777777777778 0.15833333333333333
0 0.42430555555555555 0.47638888888888886 0.0763888888888889 0.12361111111111112
0 0.5201388888888889 0.4777777777777778 0.06527777777777778 0.11597222222222223
0 0.47152777777777777 0.5854166666666667 0.09583333333333334 0.16319444444444445
0 0.55 0.6666666666666666 0.09166666666666666 0.16805555555555557
0 0.43125 0.8333333333333334 0.10416666666666667 0.18541666666666667
0 0.21458333333333332 0.6284722222222222 0.11527777777777778 0.12083333333333333
0 0.1076388888888889 0.7013888888888888 0.09305555555555556 0.14305555555555555
0 0.15694444444444444 0.8916666666666667 0.1 0.18263888888888888
0 0.28125 0.9527777777777777 0.10138888888888889 0.09375
0 0.65625 0.8333333333333334 0.09027777777777778 0.12569444444444444
3 0.32222222222222224 0.24097222222222223 0.05555555555555555 0.1111111111111111
3 0.24027777777777778 0.32569444444444445 0.06944444444444445 0.13819444444444445
3 0.2965277777777778 0.7194444444444444 0.09583333333333334 0.15555555555555556
1 0.5465277777777777 0.8222222222222222 0.10972222222222222 0.14305555555555555
2 0.8173611111111111 0.30277777777777776 0.06805555555555555 0.10138888888888889