1 0.47229368296645285 0.7639393514177237 0.12019187396876861 0.1375231810080177
1 0.3001463717556687 0.2865162858533779 0.04808277621509265 0.15149495269826033
3 0.9580034292624684 0.7800991810286596 0.08399314147506326 0.2163525757513516
3 0.42758755415899213 0.9362196352281619 0.10646055130392634 0.12756072954367614
3 0.6630684003739163 0.8637744059175764 0.06739793555262692 0.1307461423714001
3 0.44972619515821083 0.22566038396680602 0.07029287795854203 0.15109551867391216
3 0.36360077542952574 0.6939247867308651 0.06451915378507572 0.11317454384666582
0 0.5714250486544005 0.6222113427526016 0.0841252046131577 0.14242573351980575
0 0.5821963233546751 0.4453281364827223 0.09387570795251668 0.14802355057859795
0 0.5762645699519646 0.260932005731104 0.11214539196639192 0.18619727432270392
0 0.44097049708861846 0.6296795454234245 0.07584843351409758 0.15151649350115848
0 0.4403842109427346 0.4095932783879414 0.08279287795854202 0.15204271203521638
0 0.4550550387714763 0.06780064731412476 0.07674846309248266 0.06759395943019228
0 0.23070285332161922 0.5200377456948764 0.08678581776279831 0.12249733204454002
0 0.027767972324992174 0.5969806537580915 0.04640703599524698 0.10208415343589318