0 0.09886151684601004 0.8874197544553137 0.10698602557088116 0.19826634142403982
0 0.4870559612904545 0.8648100027777299 0.12840534072290682 0.21961863380188681
0 0.8238710356872068 0.7498926370188258 0.1402587400953842 0.19812445367303944
0 0.7613368858384717 0.5371966042167902 0.08530402891392441 0.16788627126841535
0 0.9427839395030361 0.39748017633022387 0.11443212099392781 0.18505819871152576
0 0.8451804700153256 0.14346095050610422 0.11475358335513243 0.1793072583751787
0 0.6155778652821554 0.3091748496987322 0.11008175994821366 0.16170346656627604
0 0.42857675933192235 0.552403946590486 0.11966253828316521 0.1574086104166786
3 0.5809218551939083 0.8155187935114885 0.08249118231113325 0.2141713683484015
1 0.18460891510413968 0.8699043533676208 0.06647111627198912 0.23542286777945756
3 0.21193564264907244 0.6137153475526907 0.10086469446624338 0.17849832271587332
2 0.4405012153307052 0.17329142497485445 0.04972779965387228 0.08886149235274922
0 0.10371703463197635 0.38489835564339736 0.06814706806240921 0.10241310870984613