1 0.7590277777777777 0.3638888888888889 0.12083333333333333 0.08611111111111111
0 0.12430555555555556 0.3472222222222222 0.07083333333333333 0.11597222222222223
0 0.19652777777777777 0.42986111111111114 0.07083333333333333 0.10347222222222222
0 0.25833333333333336 0.4083333333333333 0.05555555555555555 0.1111111111111111
0 0.18055555555555555 0.3159722222222222 0.058333333333333334 0.08888888888888889
0 0.3368055555555556 0.575 0.09305555555555556 0.11875
0 0.6861111111111111 0.8861111111111111 0.1 0.16319444444444445
0 0.37777777777777777 0.9506944444444444 0.09166666666666666 0.09861111111111111
3 0.4548611111111111 0.625 0.10694444444444444 0.16805555555555557
3 0.5881944444444445 0.6159722222222223 0.1125 0.2
3 0.7104166666666667 0.7097222222222223 0.10694444444444444 0.16041666666666668
1 0.24027777777777778 0.9020833333333333 0.14166666666666666 0.19583333333333333
3 0.8451388888888889 0.9097222222222222 0.13194444444444445 0.18055555555555555