0 0.4468129815067472 0.8763888888888889 0.08334907269884739 0.14305555555555555
0 0.26015443644448377 0.9256944444444445 0.12960769814654297 0.14791666666666667
0 0.19305901660950525 0.46041666666666664 0.0686448571369545 0.08611111111111111
0 0.27362370145604853 0.42083333333333334 0.04888813312395052 0.06666666666666667
0 0.37834630156074006 0.3875 0.03807230260765411 0.05416666666666667
0 0.38888385045596624 0.4444444444444444 0.0376470104932922 0.049305555555555554
0 0.4105325104623036 0.5013888888888889 0.03251674705209855 0.05416666666666667
0 0.4277532211546489 0.6347222222222222 0.04261200485921803 0.07430555555555556
0 0.16197617509711884 0.2638888888888889 0.0491834137187653 0.05416666666666667
0 0.13182828287806528 0.2923611111111111 0.050164009467036884 0.08125
3 0.5035691776317683 0.6361111111111111 0.0561448571369545 0.08611111111111111
3 0.46441900609555425 0.7125 0.05764675857164592 0.07152777777777777
3 0.11513107931785876 0.6888888888888889 0.09292428442777761 0.09375