0 0.10214637871392773 0.6036529802000643 0.05766051861886944 0.06855820834746977
0 0.12631816875375879 0.6582627649152184 0.058903830343083205 0.06582893163843045
0 0.27780738177944103 0.6113822333591589 0.049727522488392614 0.07590609082392727
0 0.3251417397874073 0.6208200575987904 0.07424849087872323 0.09409172010359362
0 0.3937313980615439 0.5553460629236346 0.056671966932837055 0.07614859616762004
0 0.48734763254581936 0.6075307942018617 0.0528692431778582 0.08294753740584895
0 0.5527503171026087 0.5102821088228464 0.056671966932837055 0.07614859616762004
0 0.49217139002144467 0.766792256271068 0.08779801949814264 0.14100750643127954
0 0.35470483140037584 0.7577292237216636 0.04175813206674708 0.08255952885594063
0 0.5560474330377793 0.3812366948280262 0.04958194532371749 0.07312831304614949
0 0.6244826554105278 0.2790298962004226 0.05944974471061484 0.07624559830509713
0 0.8500472465958024 0.18104044849321727 0.06061436202801581 0.09846782052731934