0 0.13402777777777777 0.6083333333333333 0.05416666666666667 0.06666666666666667
0 0.16111111111111112 0.6638888888888889 0.05555555555555555 0.06388888888888888
0 0.3104166666666667 0.6222222222222222 0.04583333333333333 0.07430555555555556
0 0.35833333333333334 0.6333333333333333 0.06944444444444445 0.09166666666666666
0 0.4236111111111111 0.5701388888888889 0.05277777777777778 0.07430555555555556
0 0.5201388888888889 0.6256944444444444 0.04861111111111111 0.08125
0 0.5805555555555556 0.5305555555555556 0.05277777777777778 0.07430555555555556
0 0.5333333333333333 0.7854166666666667 0.08055555555555556 0.13819444444444445
0 0.3951388888888889 0.7715277777777778 0.0375 0.08125
0 0.5770833333333333 0.4013888888888889 0.04583333333333333 0.07152777777777777
0 0.6402777777777777 0.3013888888888889 0.05555555555555555 0.07430555555555556
0 0.8611111111111112 0.2111111111111111 0.05555555555555555 0.09652777777777778