0 0.3240517233083867 0.5734710945410204 0.11910819480369218 0.22011511093654057
0 0.5465332301600901 0.20181091750713653 0.07763038131209944 0.15113078168026609
1 0.31009835137261077 0.25877463673914086 0.06794452380847768 0.15315755277932622
1 0.6792021749685422 0.6783255143485422 0.06065364574169065 0.21283129308645718
1 0.5618790057757909 0.5561028291211224 0.06448793795015809 0.11425250325207356
1 0.4713157626315218 0.7708755869500326 0.0979839437215552 0.20332723948214568
1 0.5760240248946422 0.4221437340563906 0.060527338022227345 0.12603381785008358
1 0.17852845887879554 0.6344362969016603 0.1172172294364686 0.11178177760320741
3 0.2142947135673234 0.4554595177357678 0.09643238239460253 0.1144383505932568
3 0.46460635967082486 0.3992710461400269 0.07007985822431412 0.1163681578621344
3 0.6556012478390214 0.518449766061864 0.0696556031739754 0.09206260230657885
3 0.48096683261630235 0.6556422509277552 0.05888389610313519 0.11144240419756828
3 0.06010380375492311 0.9556040374706468 0.12020760750984621 0.08879192505870637