0 0.19722222222222222 0.5590277777777778 0.06388888888888888 0.12083333333333333
0 0.5083333333333333 0.5923611111111111 0.07222222222222222 0.11875
0 0.6027777777777777 0.3715277777777778 0.05555555555555555 0.09166666666666666
0 0.49583333333333335 0.26666666666666666 0.06388888888888888 0.08888888888888889
0 0.5743055555555555 0.16944444444444445 0.059722222222222225 0.12083333333333333
0 0.9111111111111111 0.3854166666666667 0.05 0.08402777777777778
0 0.9701388888888889 0.6965277777777777 0.059722222222222225 0.11875
3 0.11180555555555556 0.6569444444444444 0.06527777777777778 0.10833333333333334
3 0.31527777777777777 0.91875 0.05555555555555555 0.08402777777777778
3 0.7243055555555555 0.6694444444444444 0.07361111111111111 0.09861111111111111
3 0.8381944444444445 0.6048611111111111 0.0625 0.06388888888888888
3 0.4125 0.14166666666666666 0.04722222222222222 0.07152777777777777