0 0.38219924826816565 0.8774726506295878 0.1381993495147466 0.21087714579385622
0 0.5616330311621941 0.4038388834092107 0.07737201390563656 0.14056131331774757
1 0.3312989608810812 0.5301251840449522 0.07301616357096927 0.1845607375415284
1 0.7625052739918947 0.860768933448175 0.06925396473395533 0.19123816985357456
1 0.6270706520081002 0.6178178408432781 0.05369370749666492 0.11413724861162393
1 0.6221609489375004 0.7728745479512722 0.06054356010710885 0.13671548701037686
1 0.4866832880857638 0.8164081705426346 0.060259136583863594 0.2743759071900251
3 0.24479448812341026 0.7921780348221972 0.11306495891902525 0.15945308108773273
3 0.5052933443984959 0.6332890856158473 0.08203774023595638 0.12563955171650068
3 0.7126416086513488 0.6987667173946909 0.07897683497742175 0.12060043251712421
3 0.5590933979334982 0.9107470875353746 0.05941105018408134 0.11727104256593243