0 0.039259224074073666 0.4583577752444519 0.07851844814814733 0.30342333839998503
0 0.1350257289774812 0.4820955313427483 0.12319700870349924 0.23951984907165808
0 0.21852987319633993 0.5599075925033251 0.1265978147902061 0.24943631243816783
0 0.12890736034616904 0.8364856400325787 0.19431387757680238 0.3136260809790031
0 0.27702894921455007 0.8337326277020847 0.12944594420245348 0.2938807568826121
0 0.37888870793650586 0.7761426226354331 0.12392769346622413 0.207769645771501
0 0.475524952364545 0.4009049037089965 0.12007254095402213 0.21233939516618092
0 0.4371130660104173 0.21278313792557724 0.10021105490340874 0.13974329109482175
0 0.3015008033468678 0.23609272231241127 0.11090299540625936 0.17713157008323993
0 0.2858814037980392 0.07382884707670179 0.07910138323284567 0.14765769415340357
0 0.9006200891103722 0.22945618124082792 0.09750362876010032 0.18379925325069119
2 0.7322055781797285 0.5488758602379885 0.07181024881670181 0.1280786574297243
2 0.8084297888847863 0.319553994777591 0.0775344862556911 0.1526755747017112