0 0.07193351887047562 0.5297023910452144 0.13730295819043878 0.2096142158474878
0 0.206983920029959 0.23921960475522525 0.09533327955445148 0.15607585045199843
0 0.1158465142697056 0.14504631199625945 0.09808277621509269 0.15131174147836438
0 0.2515096306714197 0.10741405508715586 0.11906155529369992 0.17703925750944244
0 0.37675965756086055 0.18819229069688248 0.10948073865716057 0.2010053055838282
0 0.24850282592536452 0.8630181117114498 0.10800700641686202 0.18637347118175665
0 0.40965076147799157 0.7429255407063067 0.08439589530575076 0.18554895301320123
0 0.35091294918036664 0.922841731878566 0.08568378020486622 0.1543165362428681
0 0.44595083407948205 0.9417791277236796 0.0952039944475413 0.1164417445526409
0 0.49895532379955 0.7939705263066091 0.10822113487518187 0.22317902673731188
0 0.5625892196290121 0.9498198098964792 0.10345248442946497 0.10036038020704155
0 0.7009008287015939 0.9309188045716351 0.11898883242106295 0.13816239085672982
0 0.7474623167716915 0.5817703832087356 0.11645750437833252 0.2068033664830766
2 0.6819192774765039 0.26691808137491646 0.08148883242106296 0.16322972865350194
3 0.31878450941552866 0.48275577519074947 0.11914639864510966 0.19162259084277575
3 0.4913636546973461 0.06925271166677596 0.06721208821144369 0.09607805129944984