0 0.075 0.5270833333333333 0.1361111111111111 0.2048611111111111
0 0.20833333333333334 0.23194444444444445 0.09444444444444444 0.1527777777777778
0 0.11666666666666667 0.14097222222222222 0.09722222222222222 0.14791666666666667
0 0.2520833333333333 0.09861111111111111 0.11805555555555555 0.17291666666666666
0 0.37777777777777777 0.175 0.10833333333333334 0.19722222222222222
0 0.2534722222222222 0.8541666666666666 0.10694444444444444 0.18263888888888888
0 0.41388888888888886 0.7284722222222222 0.08333333333333333 0.18263888888888888
0 0.35625 0.9173611111111111 0.08472222222222223 0.16527777777777777
0 0.4513888888888889 0.9347222222222222 0.09444444444444444 0.13055555555555556
0 0.5034722222222222 0.7763888888888889 0.10694444444444444 0.21944444444444444
0 0.5680555555555555 0.9395833333333333 0.10277777777777777 0.11597222222222223
0 0.70625 0.9194444444444444 0.11805555555555555 0.16041666666666668
0 0.7506944444444444 0.5555555555555556 0.11527777777777778 0.20277777777777778
2 0.6833333333333333 0.24305555555555555 0.08055555555555556 0.16041666666666668
3 0.3215277777777778 0.47152777777777777 0.11805555555555555 0.1875
3 0.49166666666666664 0.052083333333333336 0.06666666666666667 0.09375