0 0.4839478113327432 0.8386072987049507 0.15293697282466182 0.2912647171707849
0 0.45656441214436194 0.46307904148960577 0.10533832733017082 0.16486722150006522
0 0.5952510671184246 0.4641269491384645 0.11746060801541362 0.18242227777704553
0 0.533255679873624 0.3493547626300572 0.1026551413863934 0.1426207561321094
0 0.5945409803421775 0.2261870577242232 0.08102657066182467 0.1047813520918385
0 0.652314907848032 0.2466845018083215 0.07118300809070664 0.10252831673836972
0 0.7380831933358049 0.35826677706147914 0.1115547296812404 0.15248843722873348
0 0.7516902507864253 0.5057955533964076 0.12850452382866423 0.15764046608864818
0 0.8826496261503892 0.4251172049124246 0.12963703375169158 0.1770849105330926
0 0.8650676777860798 0.6078773095299816 0.12963703375169158 0.1770849105330926
0 0.7330172562248903 0.07600365693146159 0.10110446536564331 0.13981873520859803
3 0.6191752943314092 0.791847633842944 0.12777583371404513 0.216595514429225
3 0.7645829644117408 0.6894111976967137 0.13314285362284423 0.18963339682455996