0 0.3047971063861997 0.4640452434789109 0.0704457671237443 0.10203217448097632
0 0.21389376048976044 0.31523348409421303 0.06347083421260638 0.07465768681829274
0 0.13264471983407744 0.4695663983112183 0.062991802602937 0.0919460093470663
0 0.8763071666905516 0.5729460460304696 0.07416389064743498 0.14654940750775833
0 0.9135228775299936 0.7016307281752293 0.0815873667015492 0.1296250278906726
0 0.9443576108091564 0.4976371742276936 0.11128477838168717 0.16872637670209878
0 0.9776540701791624 0.3335908965251789 0.04469185964167524 0.15360598773794673
0 0.5430780697505663 0.742467266193093 0.043547358158492484 0.0909269691943406
0 0.490167485801381 0.8428823679571379 0.05289973164455167 0.11080814513281009
0 0.6820575395745054 0.18325552339155066 0.041903709231422205 0.08599306950089176
0 0.2935994763551666 0.19752415397691933 0.049727522488392614 0.0767075787726949
0 0.2758232634800107 0.25476565857518935 0.04124861199038416 0.07349306950089177