0 0.6861111111111111 0.7493055555555556 0.09166666666666666 0.175
0 0.7902777777777777 0.8951388888888889 0.09722222222222222 0.1701388888888889
0 0.8256944444444444 0.5541666666666667 0.10694444444444444 0.18541666666666667
0 0.9340277777777778 0.1361111111111111 0.13194444444444445 0.21736111111111112
0 0.6756944444444445 0.24583333333333332 0.05138888888888889 0.10625
0 0.63125 0.28055555555555556 0.05138888888888889 0.09166666666666666
0 0.5840277777777778 0.2777777777777778 0.04583333333333333 0.08611111111111111
0 0.6263888888888889 0.14444444444444443 0.05277777777777778 0.09652777777777778
0 0.5229166666666667 0.3680555555555556 0.034722222222222224 0.06944444444444445
0 0.6354166666666666 0.60625 0.0375 0.0763888888888889
3 0.7798611111111111 0.07777777777777778 0.09305555555555556 0.12083333333333333