0 0.24682960029120607 0.37465592409737636 0.08056925432818171 0.12196535013484575
0 0.3338154022400046 0.4816147900213268 0.07714551839742667 0.12466231104333347
0 0.24372138564650558 0.6322624862385492 0.0648550999271985 0.09660975590996924
3 0.1320894072936385 0.9430688157721603 0.04625407359263613 0.06493950818966078
3 0.24424189249674436 0.048758444951357935 0.06983742676697773 0.09751688990271587
3 0.5131345573631448 0.5482456461515736 0.049650051586621655 0.10042082835175926
3 0.572378946252766 0.6537677136965119 0.04941622691111623 0.12679355386679023
3 0.6478044181113466 0.22996148083620313 0.07607881998514678 0.0635511999322222
1 0.03861748268654093 0.37256049181033946 0.05505311868570369 0.17135114192824089
1 0.3127505422139596 0.8930491686095985 0.07368893253910716 0.0857087686590123
1 0.15500026118647564 0.46564605158780853 0.07768589718563841 0.0760835266799382