0 0.35511760173259077 0.15485067329363592 0.08943945165869091 0.11365710108198128
0 0.3780397207815698 0.3542296226499301 0.09590412517925763 0.16590208457219516
1 0.8144832063508801 0.26826763631472933 0.07819500324604481 0.10569491187933108
1 0.7361548658033005 0.3771560577687316 0.09460711688250822 0.09159652901663975
1 0.4896035656628233 0.9285990531650276 0.1577131955258491 0.12813731550376922
1 0.8268662261962821 0.8724066654340842 0.08621826767563587 0.16770253013098746
1 0.5722487633507495 0.45298334623552833 0.04654656854119897 0.20125278871582503
3 0.6832214451695305 0.5437567619123614 0.07524752344813142 0.09589186457866863
3 0.7430250036107847 0.5010298503847738 0.07941419011479808 0.0960131021963289
3 0.8954078614747526 0.4484903727153268 0.08279804653591674 0.1308161494969915
3 0.849737200579483 0.3582274574929525 0.05963034163008274 0.0760028822028024
3 0.15267219841301227 0.05029891891716113 0.04699700432854783 0.06800028046093198
3 0.45238831024628023 0.15490177326126942 0.04127174675285675 0.058116408081829087
3 0.6081205974040429 0.22891283463759204 0.04977478210632569 0.06808110553937231