0 0.3542769071264196 0.13403821559525297 0.09008613981728407 0.11365710108198128
0 0.3760430710919133 0.33188148846118104 0.09685394841219161 0.1659020845721953
1 0.8130604924019751 0.22062125257415954 0.07879723159373479 0.10569491187933108
1 0.7340854636958022 0.3339550533423795 0.09512446740938288 0.09159652901663959
1 0.4842845555583943 0.8991787246127503 0.15843263610228397 0.12813731550376922
1 0.8219311871860179 0.8234266678992491 0.0871802163115433 0.16770253013098746
1 0.5697105123282712 0.4192388759866939 0.047710607226666785 0.20125278871582503
3 0.6801739272221601 0.5034654603098608 0.07579316658194463 0.09589186457866863
3 0.7402361609268515 0.4573034829485596 0.07995983324861097 0.0960131021963289
3 0.8929504464720984 0.3959540717291176 0.08354577971929018 0.1308161494969915
3 0.8477971361037033 0.30843920917371415 0.06006281433614175 0.07600288220280231
3 0.15240543954759253 0.04136774774950554 0.047385017223703745 0.06800028046093198
3 0.4515637828440739 0.12843156007206394 0.041603174434135956 0.058116408081829087
3 0.6068918899027159 0.19330938758463018 0.05016279500148152 0.06808110553937231