0 0.6933940029507997 0.20076182516563607 0.045546945007574086 0.07145229641354413
0 0.11850977856334469 0.522286097181764 0.030955531355058716 0.06963907586284361
0 0.5141254062839646 0.4518390201454554 0.042090883423715454 0.0741290428432715
0 0.6075158320803709 0.516372422098372 0.032198974498673746 0.0446794884020638
0 0.7119244453172966 0.5972013465872718 0.03854997848844732 0.062222455939665466
0 0.8498652857179065 0.4060430928115688 0.04001159024997302 0.07476286847888566
0 0.8528455344804289 0.25193704495373237 0.03787169468236647 0.06498002744783331
0 0.8982209407643935 0.6901368331123834 0.04276108691061419 0.06998258244621493
0 0.44643843126157967 0.14773505985111407 0.025254530054229306 0.044477425705962914
0 0.23142326385721307 0.09633222738310022 0.02313079512498651 0.03747236245268818
3 0.9069730616795925 0.9671965168171914 0.05811966788021089 0.06560696636561703
3 0.9519063654345407 0.8938164617449132 0.027329783068381 0.04314915562590424