1 0.47092998548307224 0.7535738642407703 0.11300983919599443 0.10954542223636281
1 0.4481260051541044 0.959590013579477 0.10028320579393658 0.07262673838319118
1 0.6307817305115552 0.16574110036073111 0.059636905188346155 0.0846419028219795
1 0.8111249676802945 0.08440075426129795 0.12570830101362782 0.09512370075676696
1 0.10467581819357373 0.31157881243369745 0.11626928458534197 0.16647370549543375
1 0.2664954595413417 0.3354147205601631 0.05215376229439512 0.12895705778343405
1 0.17893739719977372 0.7444596325765663 0.10130357185501282 0.0851267383831915
3 0.3796758181935737 0.3083788977296992 0.07454616013831128 0.09730351467571678
3 0.3234687632392982 0.18182888351369889 0.05884328714084235 0.07491968059975727
3 0.1563193974574307 0.43331619909470775 0.08548709562772845 0.12934492623240348
3 0.21023022763398364 0.6509515638305464 0.06581601778122609 0.09234543645236326
3 0.10147076757732809 0.9365146542188285 0.06026034761415594 0.12627624711789862