0 0.24444444444444444 0.6284722222222222 0.09722222222222222 0.15069444444444444
0 0.36736111111111114 0.4395833333333333 0.08472222222222223 0.14305555555555555
0 0.40347222222222223 0.3298611111111111 0.05694444444444444 0.09652777777777778
0 0.4652777777777778 0.32222222222222224 0.041666666666666664 0.09166666666666666
0 0.5083333333333333 0.3458333333333333 0.05555555555555555 0.1284722222222222
0 0.5826388888888889 0.3861111111111111 0.05694444444444444 0.1361111111111111
0 0.5527777777777778 0.7763888888888889 0.11388888888888889 0.2048611111111111
0 0.5048611111111111 0.11597222222222223 0.04583333333333333 0.08888888888888889
0 0.5798611111111112 0.13055555555555556 0.043055555555555555 0.09861111111111111
0 0.6215277777777778 0.2222222222222222 0.034722222222222224 0.08402777777777778
3 0.5375 0.9284722222222223 0.1 0.1284722222222222