0 0.38987655610989097 0.6495381634228188 0.09448770390440554 0.1348606515145524
0 0.18215107342179324 0.4297574693376221 0.09741105884685844 0.13768691558379753
0 0.1896385542008185 0.8958665436524151 0.11413870244691197 0.1920960137078004
0 0.4217265073627306 0.22714623918046112 0.06393214834884998 0.1343273023084124
0 0.38884961656476924 0.4705533203491544 0.0755222910696304 0.11718437950890398
0 0.8506158997962051 0.9398338755472928 0.13104735815849247 0.09109501515064962
0 0.0824284225342722 0.20115348701362418 0.07062183275511293 0.12958740692596946
0 0.4304897070212971 0.35118512013294667 0.03317003869523237 0.07689799494929525
0 0.4590623282595994 0.7988871132790465 0.08476548168218333 0.13469094949441696
1 0.5718288999467315 0.8447915988498215 0.1291617201865083 0.18750157719975927
3 0.5942409181379068 0.5495314942322642 0.07789973164455168 0.10959397691148227
3 0.9351137755676526 0.426327784999347 0.0878462254382618 0.08756569985512909