0 0.6059644785002882 0.12193417437348913 0.031188614179547217 0.05655218794963296
0 0.7923381318669552 0.32242876481686766 0.03115398642794231 0.048263356638366006
0 0.6991144759862978 0.8052912283171341 0.04837595672851825 0.07146462334604849
0 0.8921864007114828 0.7296732682088535 0.04308955350304523 0.06629199808047272
0 0.679893537416997 0.6099215676141276 0.03212608268934155 0.059374467749477036
0 0.47079178347382894 0.9645402373344004 0.04004262339518508 0.0709195253311991
0 0.38678950415666835 0.9109773507403318 0.03967808729716024 0.06676393241458527
0 0.7128075589063793 0.3773892706779889 0.0354245363494237 0.07339686270456507
0 0.4914850284217697 0.08945783466633982 0.03770776650962944 0.05213609705918552
0 0.4790117864906175 0.15220725889012063 0.0403117757252673 0.06611398999220712
0 0.4028404232064612 0.19271793748410757 0.04949569328732492 0.07637023647922574
0 0.3090302969942391 0.24327167865961283 0.037959290061851746 0.0707970930150528
0 0.28249250819971217 0.12355196037898439 0.04586733128082285 0.06647000616873808
0 0.21010627651045305 0.20061877030474606 0.049044272908230366 0.07910351223493721
0 0.08674983797214077 0.4531937548829009 0.04834982846378585 0.07905901021287083
0 0.08623955098905467 0.6186671286575616 0.046292623395185035 0.07133111727984903