0 0.035416666666666666 0.7215277777777778 0.04861111111111111 0.09652777777777778
0 0.08263888888888889 0.7090277777777778 0.05555555555555555 0.10625
0 0.10208333333333333 0.6527777777777778 0.06041666666666667 0.10138888888888889
3 0.7854166666666667 0.37222222222222223 0.050694444444444445 0.07083333333333333
0 0.9638888888888889 0.9277777777777778 0.07222222222222222 0.13402777777777777
0 0.39652777777777776 0.6611111111111111 0.12361111111111112 0.2013888888888889
0 0.7319444444444444 0.3388888888888889 0.050694444444444445 0.08402777777777778
3 0.4 0.25763888888888886 0.07291666666666667 0.06041666666666667
3 0.49027777777777776 0.1375 0.05138888888888889 0.09027777777777778
3 0.5159722222222223 0.35555555555555557 0.0763888888888889 0.0798611111111111
3 0.7381944444444445 0.6416666666666667 0.04861111111111111 0.10416666666666667
3 0.7631944444444444 0.7826388888888889 0.08125 0.12361111111111112
3 0.18958333333333333 0.1284722222222222 0.05416666666666667 0.08125
0 0.8486111111111111 0.24375 0.05763888888888889 0.06319444444444444
0 0.6666666666666666 0.3055555555555556 0.041666666666666664 0.06041666666666667
0 0.24583333333333332 0.3611111111111111 0.06388888888888888 0.09930555555555555