0 0.5666666666666667 0.2847222222222222 0.04652777777777778 0.06458333333333334
0 0.6986111111111111 0.4777777777777778 0.04375 0.059027777777777776
3 0.9541666666666667 0.7965277777777777 0.03333333333333333 0.08680555555555555
3 0.8104166666666667 0.4777777777777778 0.03611111111111111 0.0798611111111111
3 0.7833333333333333 0.21666666666666667 0.043055555555555555 0.0625
3 0.7763888888888889 0.9111111111111111 0.08194444444444444 0.10486111111111111
3 0.5263888888888889 0.36736111111111114 0.04097222222222222 0.06388888888888888
0 0.8493055555555555 0.35833333333333334 0.058333333333333334 0.12916666666666668
0 0.7555555555555555 0.12083333333333333 0.034722222222222224 0.05138888888888889
0 0.15625 0.175 0.03611111111111111 0.05486111111111111
0 0.3659722222222222 0.5868055555555556 0.04097222222222222 0.07013888888888889