3 0.5883825709526096 0.08810969384995215 0.030882467128719306 0.04178047300662543
3 0.024873809855518743 0.9280787842584339 0.049747619711037486 0.10545243664401009
3 0.4342633045408814 0.9567488940497668 0.0922997691126557 0.08650221190046636
3 0.7045819007759943 0.33647415459875224 0.06424770161512011 0.061459961408689166
3 0.5903254790158247 0.2920870728124264 0.06700475869255942 0.07955592950346484
3 0.6138528872230224 0.26632457828145 0.054641083449878634 0.05355839101486926
0 0.4203261952944942 0.1291541412856964 0.03140868566277722 0.04872491745106989
0 0.292579498567224 0.15258013981960517 0.03003015712405749 0.039676933403682016
0 0.318471609767443 0.27930510401416375 0.034186463440554996 0.0488057425295102
0 0.32118558523908597 0.31696675417104436 0.036269796773888335 0.04886636133834041
0 0.5390767144139457 0.6928697736130129 0.13635678008804084 0.20837700202326503
0 0.4011134780834627 0.7041669162776047 0.09835128225432155 0.18232627600354098
0 0.5502557283439906 0.4259404254414152 0.09235321106862134 0.14889191132215715
0 0.23090534715362873 0.45214303316588517 0.04767591830509572 0.07137147133510383
3 0.19283604701377444 0.5136731322246012 0.03783809202589276 0.07870726617984142