0 0.7631944444444444 0.07847222222222222 0.03680555555555556 0.06666666666666667
0 0.8506944444444444 0.14375 0.03263888888888889 0.058333333333333334
0 0.7951388888888888 0.16458333333333333 0.035416666666666666 0.059027777777777776
0 0.9763888888888889 0.44583333333333336 0.044444444444444446 0.07708333333333334
0 0.8840277777777777 0.5576388888888889 0.0375 0.05347222222222222
0 0.6236111111111111 0.9506944444444444 0.06111111111111111 0.09861111111111111
0 0.5444444444444444 0.9659722222222222 0.06111111111111111 0.06805555555555555
0 0.28541666666666665 0.9638888888888889 0.05138888888888889 0.07152777777777777
0 0.24444444444444444 0.64375 0.05694444444444444 0.10208333333333333
0 0.18958333333333333 0.6305555555555555 0.04722222222222222 0.1076388888888889
0 0.4583333333333333 0.11597222222222223 0.044444444444444446 0.08333333333333333
0 0.1111111111111111 0.30972222222222223 0.059722222222222225 0.10416666666666667
3 0.2972222222222222 0.029166666666666667 0.04722222222222222 0.058333333333333334
3 0.6166666666666667 0.03333333333333333 0.05 0.06666666666666667
3 0.7534722222222222 0.44305555555555554 0.029861111111111113 0.052083333333333336
3 0.6805555555555556 0.43680555555555556 0.04375 0.06944444444444445
3 0.5513888888888889 0.3659722222222222 0.0375 0.07152777777777777