0 0.8527777777777777 0.3819444444444444 0.03958333333333333 0.07291666666666667
0 0.21180555555555555 0.5840277777777778 0.02361111111111111 0.04375
0 0.18125 0.5791666666666667 0.022222222222222223 0.050694444444444445
0 0.24444444444444444 0.49930555555555556 0.01875 0.050694444444444445
0 0.5277777777777778 0.15763888888888888 0.02847222222222222 0.06180555555555556
0 0.4986111111111111 0.37569444444444444 0.03125 0.05347222222222222
0 0.51875 0.39305555555555555 0.03333333333333333 0.04861111111111111
0 0.4930555555555556 0.47430555555555554 0.0375 0.06736111111111111
0 0.44166666666666665 0.6034722222222222 0.03958333333333333 0.075
0 0.37083333333333335 0.6020833333333333 0.04513888888888889 0.07152777777777777
0 0.35833333333333334 0.6951388888888889 0.04722222222222222 0.09791666666666667
0 0.5020833333333333 0.09513888888888888 0.027083333333333334 0.03888888888888889
0 0.44305555555555554 0.11597222222222223 0.025694444444444443 0.04722222222222222
0 0.2881944444444444 0.4215277777777778 0.02638888888888889 0.04722222222222222
0 0.3416666666666667 0.4222222222222222 0.02638888888888889 0.05416666666666667