3 0.37010685341058136 0.7499828002701634 0.042703598014639646 0.05325529697071829
2 0.5062483940779388 0.7168152922207007 0.029315087951246394 0.048704711181459796
2 0.4312027497435693 0.7628081881474197 0.03162483117335329 0.0536264411014012
0 0.5081490471432889 0.6381814198415979 0.05964614833160672 0.0745533745050832
0 0.2791668725276782 0.4995085372279348 0.035597432221071146 0.04958101205239495
0 0.28983271978505043 0.3552533804876828 0.02917049609382395 0.06049006046740525
0 0.3482573417871224 0.26593481622277554 0.03267506258587092 0.06128553625990018
0 0.32141754783426457 0.2868819558960677 0.03803655252247751 0.057280519750114126
0 0.033215547466011436 0.4294771919885196 0.02834667457008013 0.05769207642001738
0 0.061678196120340624 0.2791411166828499 0.029880155316391446 0.045947139673292114
0 0.08288061648629153 0.24166875423016174 0.026584869221416438 0.034755203483740615
0 0.1181526912955358 0.25246399630521327 0.03057459976083589 0.04596734594290221
0 0.16814886186837857 0.19120609759262489 0.027441035014985043 0.038247631975573015
0 0.18789770480579093 0.15238525879026796 0.030977945776856884 0.03973755221251227