3 0.6439569060202756 0.8181814119992149 0.04539245790830838 0.06024164525299795
0 0.34030281712725824 0.9659485198961275 0.04275182499040966 0.06810296020774508
0 0.7068538797369441 0.965705536391926 0.06639483725458825 0.06858892721614798
0 0.6511619994240694 0.9529938626028808 0.05833497353845303 0.09401227479423856
0 0.5594438319896652 0.29645190974817376 0.025747886400410085 0.0475627944121722
0 0.5171225220741112 0.42270950684418473 0.03641730198393639 0.060515614189719714
0 0.4800323164486285 0.45234229335294346 0.04010001161978178 0.06345511331662156
0 0.34891238136857755 0.23298530815008042 0.02671580046205264 0.0420719273962663
0 0.3221120579000518 0.2923669581823527 0.02708415343589318 0.04693303850737733
0 0.2665341414390382 0.36364928186607637 0.029157126419057277 0.05602550482480492
0 0.24216560367990764 0.3541515548190493 0.02798908529396071 0.049743160554980015
0 0.21160922802179225 0.39872346162921446 0.031198198249154055 0.04643265968188201
0 0.4318086388065767 0.5553274368142147 0.033744767912970194 0.06177512599930929
0 0.5577749126630996 0.6587597588428035 0.04157342351514393 0.082899557761066
0 0.39457800791097575 0.7891440194813417 0.037785470172486964 0.07857116974527527
0 0.20359214492834507 0.9551694419617421 0.054178667221955516 0.08487064350680194
0 0.15816480643983838 0.6073935377253405 0.03433396865060313 0.06041858138024515
0 0.149117128064282 0.5428577634399552 0.031198198249154055 0.04643265968188186