0 0.7654777529103834 0.1407712389512686 0.038745357438123545 0.06967107784650237
0 0.8548771422537311 0.21319157915658032 0.03433621553613572 0.060997622492810266
0 0.7999277747864779 0.22948995221846352 0.0371341995835236 0.061918814950827225
0 0.9830088218964893 0.5255352601040697 0.03398235620702129 0.08071130155049357
0 0.9002534122746724 0.6298014442083393 0.03905588275997616 0.056533320405451094
0 0.6512734942073113 0.9748997948933095 0.06398040139574258 0.05020041021338102
0 0.5725513654720664 0.9869464134776791 0.06309132553289898 0.02610717304464174
0 0.3134629688854584 0.9746629696345148 0.05347013465872716 0.05067406073097042
0 0.2631756563729891 0.6637038251943806 0.059914766077126244 0.10673166761156981
0 0.20793062613928642 0.6460311074818792 0.05035419401178471 0.11149360511962149
0 0.46170778035821675 0.15338564446168593 0.04686919679765411 0.08696130155049345
0 0.120123107357207 0.3187921427651225 0.0627531626637343 0.10904174895847565
3 0.2980708855458456 0.05342870411892494 0.048919548869468976 0.06218804956406597
3 0.6176365676079505 0.08367139234642995 0.05193980188256767 0.07074813091097179
3 0.7663638222334536 0.5045609542370981 0.031376581331867076 0.05452087447923791
3 0.6932652991402962 0.49235881888081984 0.04577062696100806 0.07301572565821143
3 0.5620375929734013 0.41098170291636493 0.03958124576983835 0.07458887596100665