3 0.3347222222222222 0.7597222222222222 0.04027777777777778 0.052083333333333336
2 0.4722222222222222 0.7305555555555555 0.027083333333333334 0.04791666666666667
2 0.3951388888888889 0.7743055555555556 0.029166666666666667 0.05277777777777778
0 0.4777777777777778 0.6520833333333333 0.05625 0.07291666666666667
0 0.25555555555555554 0.5069444444444444 0.03333333333333333 0.04861111111111111
0 0.27291666666666664 0.36319444444444443 0.02638888888888889 0.059722222222222225
0 0.33541666666666664 0.27569444444444446 0.029861111111111113 0.06041666666666667
0 0.3076388888888889 0.29583333333333334 0.035416666666666666 0.05625
0 0.013194444444444444 0.42986111111111114 0.025694444444444443 0.05694444444444444
0 0.04861111111111111 0.28055555555555556 0.027777777777777776 0.04513888888888889
0 0.07152777777777777 0.24375 0.025 0.034027777777777775
0 0.10625 0.25555555555555554 0.02847222222222222 0.04513888888888889
0 0.15902777777777777 0.19583333333333333 0.025694444444444443 0.0375
0 0.18055555555555555 0.15763888888888888 0.029166666666666667 0.03888888888888889