3 0.3249561096741201 0.90555440944041 0.03207426695494367 0.04977313737491297
0 0.32890265043790756 0.7591400056694184 0.03163437554070233 0.06429978370485306
0 0.4284232399055472 0.9749178032738759 0.05355004365021835 0.05016439345224815
0 0.6267602864399995 0.6673164468926682 0.03448488275568103 0.0686931983850924
0 0.7122254393981333 0.6715111705322451 0.0285171937226538 0.04462859124683626
0 0.8024997023848753 0.639240460636625 0.03991922258256832 0.062202249967792826
0 0.8625351479103583 0.4668054615815281 0.03910356240945576 0.055201118519955295
0 0.9352993261205516 0.4018108895976868 0.04432832070657153 0.07643126087704057
0 0.9787670151535789 0.38171437269694963 0.03305962914819184 0.06649649104497272
0 0.9568290414896059 0.5628227124942241 0.037262660533458655 0.06891994639866475
0 0.6161614357888133 0.3980137772624638 0.02640961724358672 0.043069641347767945
0 0.6072998452401351 0.3479146036594045 0.02499648520896408 0.04156737845209272
0 0.6623115072164433 0.26408505847623087 0.02772577669527468 0.039016348687887455
0 0.6878933427140504 0.2327924572650501 0.028492950576920053 0.04323970235794737