3 0.6680555555555555 0.4513888888888889 0.03680555555555556 0.04097222222222222
3 0.6180555555555556 0.5590277777777778 0.05 0.04236111111111111
0 0.4201388888888889 0.4173611111111111 0.030555555555555555 0.06180555555555556
0 0.7520833333333333 0.6715277777777777 0.06111111111111111 0.10347222222222222
0 0.19375 0.5041666666666667 0.05763888888888889 0.0875
3 0.3548611111111111 0.8680555555555556 0.05416666666666667 0.06597222222222222
3 0.03819444444444445 0.5013888888888889 0.05138888888888889 0.05347222222222222
0 0.17777777777777778 0.0375 0.029166666666666667 0.04097222222222222
0 0.2875 0.043055555555555555 0.03125 0.04375
0 0.22708333333333333 0.03680555555555556 0.020833333333333332 0.024305555555555556
0 0.28888888888888886 0.09583333333333334 0.029166666666666667 0.04652777777777778
0 0.3333333333333333 0.13958333333333334 0.03125 0.04097222222222222
0 0.34097222222222223 0.18055555555555555 0.029166666666666667 0.034722222222222224
0 0.4222222222222222 0.22291666666666668 0.018055555555555554 0.05
0 0.45069444444444445 0.15486111111111112 0.018055555555555554 0.04375
0 0.37083333333333335 0.05486111111111111 0.02361111111111111 0.03263888888888889