3 0.9158136109394204 0.756743137650514 0.07953484565993563 0.09378979876172101
0 0.9104134575442587 0.9042820850024236 0.07854276579479852 0.09857001630690168
0 0.4556804939012338 0.7528420120690691 0.045067772258739716 0.07795946429049914
0 0.5426987116781494 0.7247481571828482 0.0367061527294671 0.06019388534973555
0 0.618393385345623 0.6519603280203565 0.044911911652287195 0.06758324440679801
0 0.7411688502556223 0.4892120942310186 0.03571407286432999 0.06497410289491623
0 0.6553840045956869 0.40419924737276036 0.03954061751063796 0.06105011692604118
0 0.7054268350298968 0.3077866088310876 0.037570658184090965 0.06231766546603418
0 0.7477880607525224 0.27112979016056754 0.03584164727484323 0.058070105233436996
0 0.5829360658635232 0.09792185083662061 0.0245179885538865 0.046352292377846875
0 0.5624852265387003 0.14655971046262717 0.024645562964399736 0.03944829471636769
0 0.4824680255981076 0.20913310687327852 0.024532188957613558 0.038059405827478875
0 0.46360453697980675 0.24302584603409066 0.028698855624280227 0.038302086525270417
0 0.5075105121977738 0.21674524724727198 0.027720976162870177 0.0347894175200829
0 0.4100468831121939 0.3647620588394855 0.028698855624280227 0.0383020865252705
0 0.42067598277719154 0.4094964798987216 0.025680129429203034 0.04365540816599965