0 0.26666666666666666 0.34444444444444444 0.03819444444444445 0.05486111111111111
0 0.5756944444444444 0.41458333333333336 0.04583333333333333 0.07361111111111111
0 0.6138888888888889 0.3763888888888889 0.0375 0.07361111111111111
0 0.46111111111111114 0.10555555555555556 0.027083333333333334 0.05138888888888889
0 0.2520833333333333 0.2 0.027777777777777776 0.044444444444444446
0 0.2076388888888889 0.24027777777777778 0.029861111111111113 0.03958333333333333
0 0.15694444444444444 0.23333333333333334 0.029166666666666667 0.043055555555555555
0 0.03125 0.33125 0.03194444444444444 0.05
0 0.20972222222222223 0.4 0.03888888888888889 0.05763888888888889
0 0.3486111111111111 0.5229166666666667 0.022222222222222223 0.04791666666666667
0 0.2534722222222222 0.6305555555555555 0.03125 0.05347222222222222
0 0.035416666666666666 0.7569444444444444 0.03958333333333333 0.05277777777777778
3 0.7875 0.5979166666666667 0.027083333333333334 0.07222222222222222
3 0.5319444444444444 0.28125 0.027083333333333334 0.044444444444444446
3 0.23680555555555555 0.3763888888888889 0.03194444444444444 0.050694444444444445