0 0.11424606141000039 0.035339097738937966 0.040100011619781856 0.06283607530566966
3 0.3015949748066046 0.8418582915452923 0.040952321624443594 0.06493961490861327
0 0.36235927374677335 0.8206591577954824 0.037700947166013694 0.05860878983017288
0 0.2009092505072097 0.9398450958619858 0.055577916461013566 0.07506596252303678
0 0.44472715332614365 0.6796848480097651 0.03572285753949195 0.05993705991023148
0 0.28741271570273896 0.7718480715517656 0.042604319780361444 0.06845224967005537
0 0.0536886684901071 0.8436926373418814 0.039447828678573986 0.07251788498867187
0 0.20448209680399304 0.6079687015040734 0.04063659050400885 0.06077294824194628
0 0.2962030255291851 0.5180727552853922 0.034344329000772375 0.05088907586284361
0 0.2376065829288228 0.5198476508603675 0.03374476791297028 0.06126532999029008
0 0.010758223416747287 0.3730102667370154 0.021516446833494574 0.06714418585960687
0 0.18270813092983398 0.2523875959647011 0.03540712641905728 0.05577039324356474
0 0.0475881148883833 0.13431600926652557 0.048559309360265125 0.04645229641354413
0 0.084518814748529 0.19802838544313037 0.043677477548815624 0.0643259955426089