0 0.13741059233595357 0.5480283353844051 0.030035948489797765 0.05100958755923209
0 0.6213548844628238 0.25786787428392316 0.04966892858099862 0.07830301630242392
0 0.5932616775978474 0.41850271695313523 0.0659510267988733 0.10763937541551469
0 0.4937825807060936 0.6132789522243669 0.06407677651440116 0.0992898808968077
0 0.5062196424572908 0.36399763844687194 0.06281607710844304 0.08955957808189857
0 0.40119609619307445 0.2965162914987097 0.056242502844720835 0.08393129719216132
0 0.37561679098473516 0.3544137593535782 0.05297936367135981 0.07556564148808052
0 0.3290821640729224 0.34315768410072944 0.050929627986956896 0.08803331911733304
0 0.2578985079609716 0.37382685448052705 0.049143120402450315 0.06927523852464613
0 0.04054683806887231 0.6740707318410106 0.03310370288236732 0.04410554607822203
3 0.41818337611689377 0.7078450920857403 0.01901942921268708 0.028674237039393802