2 0.686862831590171 0.6577820972840762 0.03448105970222726 0.03995504059692918
0 0.4849535026455003 0.9021442762217744 0.07734821646364007 0.11331613986137339
0 0.21921818493909007 0.7218367864063822 0.04401594763135242 0.05880200770917143
0 0.562674258693243 0.7195785991936932 0.05355083556047759 0.077648974821414
0 0.5386429124728256 0.6282589114859358 0.03550460620975365 0.0559272628191514
0 0.5682183590418753 0.5896851657118346 0.03335918294573648 0.04410554607822203
0 0.5638726197858975 0.5382073903033902 0.03172086983306694 0.05102574874460591
0 0.7196600116566164 0.5580891598061771 0.044015947631352345 0.05880200770917143
0 0.7092236280792409 0.4606730033594701 0.0370715031869079 0.058721201782302675
3 0.7002062410073404 0.5363189642477935 0.04699864761084471 0.051203521783716927
3 0.38835005072802414 0.6744624925029873 0.0546375364997336 0.05129240830327243