0 0.7305555555555555 0.12569444444444444 0.027777777777777776 0.05625
0 0.7326388888888888 0.25277777777777777 0.04583333333333333 0.04027777777777778
0 0.7659722222222223 0.28402777777777777 0.020833333333333332 0.06458333333333334
0 0.7590277777777777 0.5104166666666666 0.03819444444444445 0.05763888888888889
0 0.7909722222222222 0.5944444444444444 0.035416666666666666 0.06319444444444444
0 0.9222222222222223 0.6444444444444445 0.035416666666666666 0.05486111111111111
0 0.6388888888888888 0.9131944444444444 0.06111111111111111 0.11388888888888889
0 0.42986111111111114 0.95 0.0763888888888889 0.1
0 0.55 0.3888888888888889 0.05555555555555555 0.13125
0 0.40069444444444446 0.6409722222222223 0.08958333333333333 0.15555555555555556
0 0.1638888888888889 0.3 0.11319444444444444 0.14375