0 0.16944444444444445 0.55 0.027083333333333334 0.050694444444444445
0 0.6368055555555555 0.2652777777777778 0.04513888888888889 0.07777777777777778
0 0.6180555555555556 0.42569444444444443 0.059722222222222225 0.10694444444444444
0 0.5298611111111111 0.6194444444444445 0.058333333333333334 0.09861111111111111
0 0.5277777777777778 0.3701388888888889 0.05763888888888889 0.08888888888888889
0 0.41875 0.3013888888888889 0.05138888888888889 0.08333333333333333
0 0.39652777777777776 0.3590277777777778 0.04861111111111111 0.075
0 0.34930555555555554 0.3472222222222222 0.04583333333333333 0.0875
0 0.2798611111111111 0.3770833333333333 0.04513888888888889 0.06875
0 0.0798611111111111 0.675 0.030555555555555555 0.04375
3 0.4597222222222222 0.7131944444444445 0.017361111111111112 0.02847222222222222