0 0.11540644667313996 0.01746369345173004 0.038631551098164525 0.03492738690346008
0 0.09346176851125221 0.053762276231719267 0.028416947127598628 0.04693689460070279
0 0.7883326321810032 0.08232538859484165 0.04058621553613572 0.05991793412750486
0 0.7453801955369932 0.1520504342728279 0.042136754581905383 0.0655300825685665
0 0.8069623135396214 0.3479167904368919 0.03797008791523871 0.06536030391204817
0 0.7076398078651673 0.2333546639643452 0.04231861100839593 0.07178008256856651
0 0.6896225772853369 0.1612585941375174 0.035603866807364035 0.05555319236156677
0 0.6076695329759741 0.3317606103942185 0.037235230931573916 0.06394311858040615
3 0.5895099395325948 0.014843940245639233 0.04875789871258828 0.029687880491278466
3 0.8421620549547839 0.3062524869642141 0.04942470560972083 0.0776186025516527
0 0.45272108448499954 0.5794544193672876 0.0433437870443034 0.05933667545407262
0 0.8244093438324415 0.7495061176190411 0.04593227711788851 0.07678267589344298
0 0.4698034829485596 0.7313550074197204 0.045157007595003996 0.07397660167291223
0 0.27054368364643083 0.6902271238198 0.05289692783194321 0.077760084765418
0 0.17649384575299126 0.585160848027451 0.049202436644010125 0.0699797136627639