0 0.7305555555555555 0.18532917201401386 0.027777777777777776 0.05851748013572507
0 0.7326388888888888 0.3125825663575265 0.04583333333333333 0.04401912000172419
0 0.7659722222222223 0.34655354252039666 0.020833333333333332 0.06628394343512711
0 0.7590277777777777 0.5723755613753543 0.03819444444444445 0.06075667407551085
0 0.7909722222222222 0.6590109413092159 0.035416666666666666 0.06608548161749404
0 0.9222222222222223 0.7197247849505168 0.035416666666666666 0.05775214828416071
0 0.6388888888888888 0.9529539074861895 0.06111111111111111 0.094092185027621
0 0.42986111111111114 0.9659857349568617 0.0763888888888889 0.06802853008627652
0 0.55 0.43378499557624534 0.05555555555555555 0.13578496027145015
0 0.40069444444444446 0.6736806231800563 0.08958333333333333 0.16286817899326897
0 0.1638888888888889 0.3133781328007779 0.11319444444444444 0.1529899815530797