2 0.6388888888888888 0.7048611111111112 0.029166666666666667 0.06111111111111111
3 0.32430555555555557 0.7076388888888889 0.034722222222222224 0.059027777777777776
3 0.6208333333333333 0.9270833333333334 0.03611111111111111 0.07291666666666667
3 0.2791666666666667 0.32569444444444445 0.04513888888888889 0.04652777777777778
0 0.3527777777777778 0.7125 0.03194444444444444 0.05347222222222222
0 0.2902777777777778 0.7 0.04583333333333333 0.059027777777777776
0 0.6041666666666666 0.5631944444444444 0.03958333333333333 0.05763888888888889
0 0.5027777777777778 0.4444444444444444 0.03125 0.05763888888888889
0 0.3798611111111111 0.5166666666666667 0.0375 0.05763888888888889
0 0.33125 0.5305555555555556 0.029166666666666667 0.04791666666666667
0 0.27361111111111114 0.5458333333333333 0.03819444444444445 0.0625
0 0.2923611111111111 0.49166666666666664 0.035416666666666666 0.04791666666666667
0 0.16180555555555556 0.5340277777777778 0.035416666666666666 0.05625
0 0.4576388888888889 0.06319444444444444 0.03125 0.059027777777777776