3 0.37266489907344946 0.83292310317016 0.05039643556828221 0.09633399467298318
3 0.4075267336445246 0.13101288255595772 0.04660098963858543 0.06837424543936162
0 0.5371397790154723 0.41471997688200873 0.04239392000848454 0.06468365747012683
0 0.5304629671829462 0.5566443564990945 0.044679268158989455 0.08215395145474405
0 0.6073780676497331 0.7251582732786559 0.054563102234948875 0.09655236041999603
0 0.5311777611924441 0.08127746067516908 0.055257546679393324 0.09658875471116472
0 0.3723007858759147 0.7419872752391067 0.04747320712214089 0.08368841750830806
0 0.39303053108419644 0.9131088099895526 0.04698077749486802 0.10101313432825047
0 0.3144936641204793 0.9034406995319251 0.053271180458302404 0.10481290517099195
0 0.22689718353486282 0.9502075134423791 0.048313102234948876 0.09622481179947676
0 0.19768914085151007 0.8258350751289611 0.051656034974181295 0.08529567214420979
0 0.17666557514674583 0.2715985727921947 0.04252320949147427 0.07579476858123778
0 0.09258317932666357 0.5010770641738751 0.04377472830468648 0.0640620016080198
0 0.40242271822618164 0.05023896125338948 0.03817876978569659 0.06029862505644738
2 0.2719004580946253 0.16554626815354376 0.04077069393167644 0.044471979998900305