0 0.9736111111111111 0.07083333333333333 0.05277777777777778 0.14166666666666666
0 0.14375 0.3888888888888889 0.04791666666666667 0.06875
0 0.28055555555555556 0.20902777777777778 0.04236111111111111 0.05763888888888889
0 0.5548611111111111 0.06944444444444445 0.030555555555555555 0.05625
0 0.70625 0.22777777777777777 0.05763888888888889 0.0875
0 0.7604166666666666 0.3861111111111111 0.07708333333333334 0.12430555555555556
0 0.8013888888888889 0.5027777777777778 0.08472222222222223 0.12013888888888889
0 0.23125 0.8868055555555555 0.034027777777777775 0.05347222222222222
0 0.36041666666666666 0.9541666666666667 0.04027777777777778 0.07152777777777777
0 0.4986111111111111 0.7979166666666667 0.04027777777777778 0.06597222222222222
0 0.6694444444444444 0.5847222222222223 0.044444444444444446 0.08472222222222223
0 0.7097222222222223 0.8666666666666667 0.07013888888888889 0.12638888888888888
0 0.8597222222222223 0.8083333333333333 0.08402777777777778 0.1326388888888889
0 0.8826388888888889 0.9680555555555556 0.08194444444444444 0.06388888888888888
0 0.8472222222222222 0.5416666666666666 0.06180555555555556 0.09375