3 0.36319444444444443 0.8138888888888889 0.049305555555555554 0.09375
3 0.40625 0.10972222222222222 0.04583333333333333 0.06597222222222222
0 0.5326388888888889 0.38680555555555557 0.041666666666666664 0.0625
0 0.5243055555555556 0.5291666666666667 0.04375 0.0798611111111111
0 0.5993055555555555 0.69375 0.05347222222222222 0.09375
0 0.5305555555555556 0.05347222222222222 0.05416666666666667 0.09375
0 0.3638888888888889 0.7229166666666667 0.04652777777777778 0.08125
0 0.38263888888888886 0.8930555555555556 0.04583333333333333 0.09861111111111111
0 0.30416666666666664 0.8875 0.052083333333333336 0.10208333333333333
0 0.21597222222222223 0.9388888888888889 0.04722222222222222 0.09375
0 0.18819444444444444 0.8159722222222222 0.050694444444444445 0.08263888888888889
0 0.1736111111111111 0.2625 0.041666666666666664 0.07361111111111111
0 0.08680555555555555 0.4965277777777778 0.043055555555555555 0.06180555555555556
0 0.40208333333333335 0.029166666666666667 0.0375 0.058333333333333334
2 0.2701388888888889 0.15138888888888888 0.04027777777777778 0.04236111111111111