0 0.9031766755834439 0.8229203707082462 0.05619510727205655 0.07529897180972966
0 0.7400515182724234 0.7233234606569454 0.04002728905295119 0.06132119940984006
0 0.7144708629834692 0.6238320577602066 0.04060581533981412 0.07034897718761783
0 0.7977378483819357 0.4193790027677805 0.030981923366556113 0.05016160638363753
0 0.7683300191952741 0.37960982209326394 0.02860466378737543 0.056395445745273935
0 0.7363224203191 0.33704670300260575 0.04189743848078441 0.036341400207794784
0 0.7665725944218854 0.20106083683881382 0.0335547789426193 0.057812615751299354
0 0.76933891699274 0.07116740445097516 0.03164945369755148 0.06057827305030431
0 0.7143080594971494 0.04097500025340689 0.0408283254501457 0.07382119940984005
0 0.5378032524506787 0.0309169817799391 0.045921272876420324 0.05580200529060297
0 0.4457176694803318 0.45970791360464824 0.06415377201919562 0.11283129308645717
0 0.22420347591156867 0.6967024306505831 0.1050804277183057 0.16652168392659014
0 0.030170889541035705 0.3425873600482038 0.06034177908207141 0.1518373466034834