0 0.4262156266523424 0.9802505960093341 0.091140210466874 0.03949880798133197
0 0.6784519539197692 0.7773970018576942 0.06306560694026947 0.08430712045817725
0 0.3107535702768661 0.7400160776915173 0.058561667741810826 0.10207152168438256
0 0.051409067369401144 0.7438385124878427 0.07180340810325549 0.09168829639664737
0 0.07276330381098076 0.9349324674605813 0.10016734022340748 0.13013506507883726
0 0.15234748855412567 0.8884413050902299 0.07946219637300492 0.1280905618371084
0 0.33998613619890505 0.5729795622886875 0.038126601125339554 0.048383886627385506
0 0.39778681221965495 0.5732225106779184 0.03294191575050623 0.04257357103364857
0 0.4018520379182864 0.539303915773647 0.025262580078652123 0.041478789386347456
0 0.7251314295891518 0.40648497411754814 0.03130349702979061 0.05010327704903103
0 0.765935015545478 0.39956806522755944 0.03089902920013843 0.04315883260458659
3 0.3039422203856546 0.5460142705655735 0.0355983531793882 0.040635814864990356
3 0.554036812219655 0.5814112261908936 0.04432930520833938 0.0597861520678467
0 0.7332775233182173 0.5775701145768253 0.04592727714608947 0.05156200160801979