3 0.9066896394579617 0.1467591054837807 0.03676283973286003 0.06107487079283054
3 0.9408320519691861 0.5238144602026193 0.049631247949158325 0.0833146809236701
3 0.11961496390068208 0.14239415792625437 0.043508936971186 0.042164450613182525
3 0.8032315030279519 0.11430035368524878 0.08681941212473893 0.09882323051556562
3 0.7773814272000841 0.19152651928961278 0.10367022559379709 0.12753555075673703
3 0.6910579977021567 0.2655754534186475 0.07159832135035407 0.09853863047455004
3 0.8129828137267152 0.3369137679012367 0.04776057683718528 0.060398014257003516
3 0.9154204694841345 0.34766673383372537 0.08102290815188364 0.10397826787252393
3 0.9409591679336409 0.39398026320495716 0.07154163434696115 0.0978441860301056
3 0.9013903788385782 0.5024388409007038 0.08747125535800251 0.12373422647143287
3 0.6057000810461453 0.8751114058488184 0.05076510262853541 0.06335380012304673
3 0.6538998388952338 0.7720924655510457 0.05654729158614881 0.1003373637668678
3 0.6470821665807005 0.5391958907345902 0.06116756889147502 0.07231016176530905
3 0.6529631853068297 0.3901842614248818 0.0733840192629949 0.10348874562979392
3 0.3980739026112939 0.42550792034781293 0.08283689226046391 0.12620049009474615
3 0.5580500129278823 0.07345763382962288 0.07556664081090218 0.07945020220663651
3 0.428458365653039 0.12169726985767718 0.06703484565993563 0.09341050723104073
3 0.19299978544427895 0.2867122935072398 0.09929101131728496 0.11620192953529411
3 0.046698784332952305 0.6593113133177476 0.09339756866590461 0.20403929330216183
0 0.8704534753896578 0.8899833429227701 0.08693278613152479 0.10021211940445451
0 0.3826956905037966 0.05803195558016587 0.06030306343685131 0.0701823264099095
0 0.05850826247686192 0.8731908760018049 0.11701652495372385 0.1809704681596328
0 0.270595250203898 0.8669003776793412 0.09101436498734472 0.11636234971494193
0 0.7179447030020897 0.7999312687584614 0.0685087077481569 0.11146606278659621
0 0.7859720869732206 0.8559483679422523 0.10230973751236232 0.11086888409007037
0 0.6680439912166636 0.8211661847914379 0.06852290815188379 0.10317723147532926
0 0.6272978293389265 0.6105280725154851 0.0530325827642604 0.0911315779008245
0 0.7462324345873766 0.7270497779090296 0.0681402995318586 0.0900272890529512
0 0.946598894407927 0.13675121871949714 0.07485799596273068 0.08769453149583709
0 0.9104598409354202 0.2545045863254197 0.09189307084569565 0.11020135375907493
0 0.6952111516341837 0.46269934539190544 0.05698670182108161 0.08033198094417805
0 0.8096383951380355 0.4120917759895022 0.07764985953272086 0.11343347796234787
0 0.6604735828930889 0.1100385502727551 0.08460838976937768 0.1394394365612569
0 0.4497887131168146 0.41625656795865756 0.08129202815360782 0.14958909109552537
0 0.5391319003134505 0.6558377722898994 0.08038503609931792 0.13847797998441425