3 0.9597222222222223 0.6972222222222222 0.08055555555555556 0.11944444444444445
3 0.9506944444444444 0.8944444444444445 0.09861111111111111 0.17777777777777778
3 0.7416666666666667 0.5520833333333334 0.05555555555555555 0.08888888888888889
3 0.6729166666666667 0.5479166666666667 0.07569444444444444 0.10833333333333334
3 0.30277777777777776 0.68125 0.09305555555555556 0.11388888888888889
3 0.4777777777777778 0.5729166666666666 0.06458333333333334 0.10208333333333333
3 0.35208333333333336 0.3590277777777778 0.07152777777777777 0.09375
0 0.8138888888888889 0.6263888888888889 0.07916666666666666 0.11041666666666666
0 0.6541666666666667 0.60625 0.06388888888888888 0.11180555555555556
0 0.5305555555555556 0.5555555555555556 0.06527777777777778 0.10208333333333333
0 0.36527777777777776 0.2833333333333333 0.06597222222222222 0.09652777777777778
0 0.3215277777777778 0.1798611111111111 0.059722222222222225 0.08263888888888889
0 0.20694444444444443 0.09027777777777778 0.07430555555555556 0.07291666666666667
0 0.10833333333333334 0.7201388888888889 0.1638888888888889 0.14930555555555555