0 0.3097024363015889 0.7385152355187895 0.05783953716247565 0.08395553897022189
0 0.9959555270361865 0.3287790943843698 0.008088945927626885 0.08846918459579788
0 0.8223883948932742 0.39136944048380296 0.06686731494025366 0.0840605866751512
0 0.7468798341612282 0.5416446671617823 0.06299180260293724 0.08956765867458548
0 0.6659799718560447 0.7746719110262666 0.06441708578299467 0.0902782643044039
0 0.7126012086018235 0.6831017249452164 0.0646020101510762 0.08056412267486826
0 0.5477532971492789 0.5606385445222658 0.07139201869413259 0.11742624237923185
0 0.3672626307836649 0.7628607075111535 0.08378283582062633 0.11548835971426222
3 0.8935374651981758 0.449605320178268 0.046112676013732805 0.05883433007991907
3 0.8232018402922548 0.5129618630030757 0.0740999608018105 0.1028833120093329
3 0.7503510970391334 0.3824795193083278 0.04442377405878106 0.09282170489426231
3 0.5872480431154827 0.9562537018530539 0.06087502789067242 0.07566260860032294
3 0.5388563319749881 0.6295339951906295 0.06014418915505928 0.07496008356319159
3 0.3378225272610739 0.6784293866256584 0.07483375244966134 0.09039947319470656