3 0.8346538369891002 0.30537481313710485 0.03839948239408702 0.08603486688287441
3 0.8793010184484703 0.934766697697446 0.09511024254710303 0.10021115872953096
3 0.6958619502376885 0.30502134993269064 0.04501984883946635 0.05700153751774274
0 0.35994705602395527 0.2456467781410531 0.026770289008956637 0.05113082106764987
0 0.2919532183968193 0.32456398376831175 0.038075404395021904 0.05688032178907447
0 0.8613337322904202 0.2965808600348324 0.028877872876659518 0.05186163023069478
0 0.9085846302918595 0.17569043362820086 0.03426367469162983 0.047097491702518195
0 0.8511243161958197 0.15170864574901352 0.033763234522139855 0.05264092568520695
0 0.48055549668069375 0.4288451969730921 0.05873237555792975 0.09194194805156776
0 0.29785264780353043 0.6326063993528415 0.05926588731405376 0.10721972582934537
0 0.37098314403467286 0.7444553492090691 0.03870591828862299 0.07493587734463018
0 0.8371736210662186 0.7300717738154344 0.09644402193741257 0.1384056031739754