0 0.2751482237764586 0.7495471118145981 0.053957041373135124 0.08488921609330949
0 0.9890560084772126 0.36903129943292234 0.02188798304557464 0.08888145761118725
0 0.803720060972862 0.42401247957447735 0.0629848191509129 0.08515189759824059
0 0.721255361951581 0.5708932827768233 0.05885047376097374 0.09058621553613572
0 0.6295492196993998 0.800130087093517 0.060243402809453526 0.09132107251980036
0 0.6804088476818754 0.7106531288224406 0.06088128501962491 0.08161905656718824
0 0.5213523257817636 0.5817405437957868 0.06595652458905588 0.11856605601001415
0 0.3315436695217324 0.7761838196530145 0.07844440411028301 0.11684643552966223
3 0.8721190300936476 0.485020471774043 0.043394928961194526 0.05958612204915836
3 0.798871533345721 0.5453786071953745 0.06934390345986811 0.1040837540247313
3 0.7321357209608111 0.41220901158241674 0.04012067455892823 0.09351286847888565
3 0.5424052167486001 0.9698954946772894 0.057380781680266085 0.06020901064542114
3 0.5092523015812668 0.6501268309428053 0.056682297076230743 0.0759422633939721
3 0.30605077005163756 0.6907341717248294 0.07066006947612036 0.09162416656395149