3 0.9138888888888889 0.08819444444444445 0.03194444444444444 0.059027777777777776
3 0.9784722222222222 0.46111111111111114 0.043055555555555555 0.08055555555555556
3 0.13055555555555556 0.13402777777777777 0.04027777777777778 0.03958333333333333
3 0.8083333333333333 0.0625 0.07916666666666666 0.09375
3 0.7888888888888889 0.14097222222222222 0.09375 0.12152777777777778
3 0.7090277777777778 0.22013888888888888 0.06388888888888888 0.09444444444444444
3 0.8361111111111111 0.2833333333333333 0.043055555555555555 0.05763888888888889
3 0.9388888888888889 0.2875 0.07291666666666667 0.09930555555555555
3 0.9680555555555556 0.33194444444444443 0.06388888888888888 0.09375
3 0.9375 0.4423611111111111 0.07777777777777778 0.11875
3 0.6736111111111112 0.8319444444444445 0.04583333333333333 0.06041666666666667
3 0.7131944444444445 0.7263888888888889 0.04861111111111111 0.09722222222222222
3 0.6875 0.4951388888888889 0.05555555555555555 0.06875
3 0.68125 0.34652777777777777 0.06527777777777778 0.09930555555555555
3 0.4305555555555556 0.39791666666666664 0.07291666666666667 0.12152777777777778
3 0.5611111111111111 0.0375 0.06944444444444445 0.075
3 0.4361111111111111 0.09375 0.059722222222222225 0.08958333333333333
3 0.2152777777777778 0.27291666666666664 0.09027777777777778 0.11041666666666666
3 0.06944444444444445 0.6548611111111111 0.1388888888888889 0.1951388888888889
0 0.9381944444444444 0.8298611111111112 0.07916666666666666 0.09513888888888888
0 0.3854166666666667 0.03333333333333333 0.05486111111111111 0.06666666666666667
0 0.09097222222222222 0.8673611111111111 0.1798611111111111 0.16944444444444445
0 0.33958333333333335 0.8451388888888889 0.08194444444444444 0.1111111111111111
0 0.7791666666666667 0.75 0.059722222222222225 0.1076388888888889
0 0.8513888888888889 0.8013888888888889 0.09375 0.10486111111111111
0 0.73125 0.7743055555555556 0.06041666666666667 0.09930555555555555
0 0.6736111111111112 0.5673611111111111 0.04583333333333333 0.08819444444444445
0 0.8013888888888889 0.6756944444444445 0.06111111111111111 0.08611111111111111
0 0.9527777777777777 0.07569444444444444 0.06805555555555555 0.08333333333333333
0 0.9263888888888889 0.1951388888888889 0.08333333333333333 0.10486111111111111
0 0.7291666666666666 0.41597222222222224 0.050694444444444445 0.07708333333333334
0 0.8388888888888889 0.35833333333333334 0.06875 0.10902777777777778
0 0.6659722222222222 0.06736111111111111 0.07361111111111111 0.13472222222222222
0 0.48125 0.3854166666666667 0.06944444444444445 0.1451388888888889
0 0.5895833333333333 0.6180555555555556 0.06944444444444445 0.13402777777777777